PORTAL;Date;time_from;time_to;Interval_5;SPEED_MS_AVG;flow
E4S 56,780;20220108;00:00:00;00:05:00;0;16.74;35
E4S 56,780;20220108;00:05:00;00:10:00;1;17.57;29
E4S 56,780;20220108;00:10:00;00:15:00;2;16.94;32
E4S 56,780;20220108;00:15:00;00:20:00;3;17.50;27
E4S 56,780;20220108;00:20:00;00:25:00;4;16.21;31
E4S 56,780;20220108;00:25:00;00:30:00;5;16.43;30
E4S 56,780;20220108;00:30:00;00:35:00;6;11.96;31
E4S 56,780;20220108;00:35:00;00:40:00;7;16.21;20
E4S 56,780;20220108;00:40:00;00:45:00;8;17.08;22
E4S 56,780;20220108;00:45:00;00:50:00;9;17.86;15
E4S 56,780;20220108;00:50:00;00:55:00;10;17.77;16
E4S 56,780;20220108;00:55:00;01:00:00;11;18.46;16
E4S 56,780;20220108;01:00:00;01:05:00;12;17.25;15
E4S 56,780;20220108;01:05:00;01:10:00;13;16.64;19
E4S 56,780;20220108;01:10:00;01:15:00;14;16.27;16
E4S 56,780;20220108;01:15:00;01:20:00;15;16.42;22
E4S 56,780;20220108;01:20:00;01:25:00;16;17.28;18
E4S 56,780;20220108;01:25:00;01:30:00;17;16.65;16
E4S 56,780;20220108;01:30:00;01:35:00;18;16.19;21
E4S 56,780;20220108;01:35:00;01:40:00;19;16.52;18
E4S 56,780;20220108;01:40:00;01:45:00;20;16.26;18
E4S 56,780;20220108;01:45:00;01:50:00;21;16.05;17
E4S 56,780;20220108;01:50:00;01:55:00;22;14.79;19
E4S 56,780;20220108;01:55:00;02:00:00;23;16.66;17
E4S 56,780;20220108;02:00:00;02:05:00;24;18.40;13
E4S 56,780;20220108;02:05:00;02:10:00;25;16.93;33
E4S 56,780;20220108;02:10:00;02:15:00;26;16.26;18
E4S 56,780;20220108;02:15:00;02:20:00;27;16.49;18
E4S 56,780;20220108;02:20:00;02:25:00;28;16.61;14
E4S 56,780;20220108;02:25:00;02:30:00;29;16.81;29
E4S 56,780;20220108;02:30:00;02:35:00;30;15.78;15
E4S 56,780;20220108;02:35:00;02:40:00;31;15.96;18
E4S 56,780;20220108;02:40:00;02:45:00;32;16.98;18
E4S 56,780;20220108;02:45:00;02:50:00;33;16.30;21
E4S 56,780;20220108;02:50:00;02:55:00;34;16.60;22
E4S 56,780;20220108;02:55:00;03:00:00;35;16.22;13
E4S 56,780;20220108;03:00:00;03:05:00;36;18.42;15
E4S 56,780;20220108;03:05:00;03:10:00;37;17.26;17
E4S 56,780;20220108;03:10:00;03:15:00;38;17.31;15
E4S 56,780;20220108;03:15:00;03:20:00;39;17.51;10
E4S 56,780;20220108;03:20:00;03:25:00;40;16.60;13
E4S 56,780;20220108;03:25:00;03:30:00;41;16.52;12
E4S 56,780;20220108;03:30:00;03:35:00;42;15.68;19
E4S 56,780;20220108;03:35:00;03:40:00;43;15.51;6
E4S 56,780;20220108;03:40:00;03:45:00;44;17.12;11
E4S 56,780;20220108;03:45:00;03:50:00;45;16.36;25
E4S 56,780;20220108;03:50:00;03:55:00;46;16.95;18
E4S 56,780;20220108;03:55:00;04:00:00;47;15.74;13
E4S 56,780;20220108;04:00:00;04:05:00;48;16.61;17
E4S 56,780;20220108;04:05:00;04:10:00;49;16.63;25
E4S 56,780;20220108;04:10:00;04:15:00;50;17.30;18
E4S 56,780;20220108;04:15:00;04:20:00;51;16.21;15
E4S 56,780;20220108;04:20:00;04:25:00;52;17.07;17
E4S 56,780;20220108;04:25:00;04:30:00;53;14.82;27
E4S 56,780;20220108;04:30:00;04:35:00;54;17.37;25
E4S 56,780;20220108;04:35:00;04:40:00;55;15.29;22
E4S 56,780;20220108;04:40:00;04:45:00;56;15.75;28
E4S 56,780;20220108;04:45:00;04:50:00;57;14.87;35
E4S 56,780;20220108;04:50:00;04:55:00;58;16.50;23
E4S 56,780;20220108;04:55:00;05:00:00;59;16.79;17
E4S 56,780;20220108;05:00:00;05:05:00;60;15.98;19
E4S 56,780;20220108;05:05:00;05:10:00;61;16.24;33
E4S 56,780;20220108;05:10:00;05:15:00;62;16.72;19
E4S 56,780;20220108;05:15:00;05:20:00;63;16.15;25
E4S 56,780;20220108;05:20:00;05:25:00;64;15.55;34
E4S 56,780;20220108;05:25:00;05:30:00;65;16.41;36
E4S 56,780;20220108;05:30:00;05:35:00;66;16.43;30
E4S 56,780;20220108;05:35:00;05:40:00;67;15.88;27
E4S 56,780;20220108;05:40:00;05:45:00;68;16.88;15
E4S 56,780;20220108;05:45:00;05:50:00;69;14.77;47
E4S 56,780;20220108;05:50:00;05:55:00;70;14.95;26
E4S 56,780;20220108;05:55:00;06:00:00;71;15.84;27
E4S 56,780;20220108;06:00:00;06:05:00;72;16.01;24
E4S 56,780;20220108;06:05:00;06:10:00;73;14.39;46
E4S 56,780;20220108;06:10:00;06:15:00;74;16.00;27
E4S 56,780;20220108;06:15:00;06:20:00;75;16.36;26
E4S 56,780;20220108;06:20:00;06:25:00;76;15.84;30
E4S 56,780;20220108;06:25:00;06:30:00;77;16.11;45
E4S 56,780;20220108;06:30:00;06:35:00;78;16.19;47
E4S 56,780;20220108;06:35:00;06:40:00;79;16.05;49
E4S 56,780;20220108;06:40:00;06:45:00;80;16.88;53
E4S 56,780;20220108;06:45:00;06:50:00;81;16.38;45
E4S 56,780;20220108;06:50:00;06:55:00;82;16.08;31
E4S 56,780;20220108;06:55:00;07:00:00;83;16.57;58
E4S 56,780;20220108;07:00:00;07:05:00;84;17.91;30
E4S 56,780;20220108;07:05:00;07:10:00;85;16.53;37
E4S 56,780;20220108;07:10:00;07:15:00;86;18.70;27
E4S 56,780;20220108;07:15:00;07:20:00;87;16.96;26
E4S 56,780;20220108;07:20:00;07:25:00;88;15.93;51
E4S 56,780;20220108;07:25:00;07:30:00;89;17.67;42
E4S 56,780;20220108;07:30:00;07:35:00;90;17.19;52
E4S 56,780;20220108;07:35:00;07:40:00;91;18.03;49
E4S 56,780;20220108;07:40:00;07:45:00;92;17.50;52
E4S 56,780;20220108;07:45:00;07:50:00;93;18.24;33
E4S 56,780;20220108;07:50:00;07:55:00;94;17.81;62
E4S 56,780;20220108;07:55:00;08:00:00;95;17.54;71
E4S 56,780;20220108;08:00:00;08:05:00;96;17.12;79
E4S 56,780;20220108;08:05:00;08:10:00;97;16.86;77
E4S 56,780;20220108;08:10:00;08:15:00;98;18.66;87
E4S 56,780;20220108;08:15:00;08:20:00;99;18.82;101
E4S 56,780;20220108;08:20:00;08:25:00;100;18.59;75
E4S 56,780;20220108;08:25:00;08:30:00;101;17.78;98
E4S 56,780;20220108;08:30:00;08:35:00;102;17.79;82
E4S 56,780;20220108;08:35:00;08:40:00;103;18.18;107
E4S 56,780;20220108;08:40:00;08:45:00;104;17.59;130
E4S 56,780;20220108;08:45:00;08:50:00;105;17.82;143
E4S 56,780;20220108;08:50:00;08:55:00;106;17.96;119
E4S 56,780;20220108;08:55:00;09:00:00;107;18.67;105
E4S 56,780;20220108;09:00:00;09:05:00;108;17.23;156
E4S 56,780;20220108;09:05:00;09:10:00;109;18.41;95
E4S 56,780;20220108;09:10:00;09:15:00;110;18.14;140
E4S 56,780;20220108;09:15:00;09:20:00;111;18.06;138
E4S 56,780;20220108;09:20:00;09:25:00;112;18.70;149
E4S 56,780;20220108;09:25:00;09:30:00;113;18.75;144
E4S 56,780;20220108;09:30:00;09:35:00;114;18.08;143
E4S 56,780;20220108;09:35:00;09:40:00;115;18.65;159
E4S 56,780;20220108;09:40:00;09:45:00;116;18.30;199
E4S 56,780;20220108;09:45:00;09:50:00;117;18.53;164
E4S 56,780;20220108;09:50:00;09:55:00;118;18.99;136
E4S 56,780;20220108;09:55:00;10:00:00;119;18.97;168
E4S 56,780;20220108;10:00:00;10:05:00;120;18.94;154
E4S 56,780;20220108;10:05:00;10:10:00;121;18.92;177
E4S 56,780;20220108;10:10:00;10:15:00;122;18.38;201
E4S 56,780;20220108;10:15:00;10:20:00;123;18.78;180
E4S 56,780;20220108;10:20:00;10:25:00;124;19.30;167
E4S 56,780;20220108;10:25:00;10:30:00;125;18.58;191
E4S 56,780;20220108;10:30:00;10:35:00;126;18.73;204
E4S 56,780;20220108;10:35:00;10:40:00;127;18.91;196
E4S 56,780;20220108;10:40:00;10:45:00;128;18.68;177
E4S 56,780;20220108;10:45:00;10:50:00;129;19.00;216
E4S 56,780;20220108;10:50:00;10:55:00;130;18.00;202
E4S 56,780;20220108;10:55:00;11:00:00;131;18.95;189
E4S 56,780;20220108;11:00:00;11:05:00;132;19.10;203
E4S 56,780;20220108;11:05:00;11:10:00;133;18.69;182
E4S 56,780;20220108;11:10:00;11:15:00;134;18.97;220
E4S 56,780;20220108;11:15:00;11:20:00;135;18.62;230
E4S 56,780;20220108;11:20:00;11:25:00;136;19.21;225
E4S 56,780;20220108;11:25:00;11:30:00;137;18.98;258
E4S 56,780;20220108;11:30:00;11:35:00;138;18.47;244
E4S 56,780;20220108;11:35:00;11:40:00;139;18.96;241
E4S 56,780;20220108;11:40:00;11:45:00;140;18.79;232
E4S 56,780;20220108;11:45:00;11:50:00;141;18.67;259
E4S 56,780;20220108;11:50:00;11:55:00;142;17.95;255
E4S 56,780;20220108;11:55:00;12:00:00;143;18.45;252
E4S 56,780;20220108;12:00:00;12:05:00;144;19.12;230
E4S 56,780;20220108;12:05:00;12:10:00;145;19.00;253
E4S 56,780;20220108;12:10:00;12:15:00;146;18.79;229
E4S 56,780;20220108;12:15:00;12:20:00;147;18.18;273
E4S 56,780;20220108;12:20:00;12:25:00;148;19.19;226
E4S 56,780;20220108;12:25:00;12:30:00;149;18.74;242
E4S 56,780;20220108;12:30:00;12:35:00;150;18.55;245
E4S 56,780;20220108;12:35:00;12:40:00;151;18.44;269
E4S 56,780;20220108;12:40:00;12:45:00;152;18.37;257
E4S 56,780;20220108;12:45:00;12:50:00;153;18.81;268
E4S 56,780;20220108;12:50:00;12:55:00;154;18.53;263
E4S 56,780;20220108;12:55:00;13:00:00;155;15.48;214
E4S 56,780;20220108;13:00:00;13:05:00;156;14.35;272
E4S 56,780;20220108;13:05:00;13:10:00;157;18.46;268
E4S 56,780;20220108;13:10:00;13:15:00;158;18.27;245
E4S 56,780;20220108;13:15:00;13:20:00;159;18.38;278
E4S 56,780;20220108;13:20:00;13:25:00;160;18.63;265
E4S 56,780;20220108;13:25:00;13:30:00;161;18.21;273
E4S 56,780;20220108;13:30:00;13:35:00;162;17.97;290
E4S 56,780;20220108;13:35:00;13:40:00;163;18.96;232
E4S 56,780;20220108;13:40:00;13:45:00;164;18.65;266
E4S 56,780;20220108;13:45:00;13:50:00;165;18.63;288
E4S 56,780;20220108;13:50:00;13:55:00;166;18.10;279
E4S 56,780;20220108;13:55:00;14:00:00;167;17.56;281
E4S 56,780;20220108;14:00:00;14:05:00;168;17.25;273
E4S 56,780;20220108;14:05:00;14:10:00;169;18.06;258
E4S 56,780;20220108;14:10:00;14:15:00;170;18.50;257
E4S 56,780;20220108;14:15:00;14:20:00;171;18.08;261
E4S 56,780;20220108;14:20:00;14:25:00;172;17.83;271
E4S 56,780;20220108;14:25:00;14:30:00;173;17.71;279
E4S 56,780;20220108;14:30:00;14:35:00;174;17.31;307
E4S 56,780;20220108;14:35:00;14:40:00;175;18.48;272
E4S 56,780;20220108;14:40:00;14:45:00;176;17.35;301
E4S 56,780;20220108;14:45:00;14:50:00;177;17.75;306
E4S 56,780;20220108;14:50:00;14:55:00;178;17.14;304
E4S 56,780;20220108;14:55:00;15:00:00;179;17.59;280
E4S 56,780;20220108;15:00:00;15:05:00;180;17.70;258
E4S 56,780;20220108;15:05:00;15:10:00;181;17.59;269
E4S 56,780;20220108;15:10:00;15:15:00;182;18.04;275
E4S 56,780;20220108;15:15:00;15:20:00;183;17.23;298
E4S 56,780;20220108;15:20:00;15:25:00;184;17.43;324
E4S 56,780;20220108;15:25:00;15:30:00;185;17.63;272
E4S 56,780;20220108;15:30:00;15:35:00;186;17.02;332
E4S 56,780;20220108;15:35:00;15:40:00;187;17.70;279
E4S 56,780;20220108;15:40:00;15:45:00;188;17.04;292
E4S 56,780;20220108;15:45:00;15:50:00;189;17.14;274
E4S 56,780;20220108;15:50:00;15:55:00;190;17.35;293
E4S 56,780;20220108;15:55:00;16:00:00;191;17.70;248
E4S 56,780;20220108;16:00:00;16:05:00;192;16.15;313
E4S 56,780;20220108;16:05:00;16:10:00;193;17.67;289
E4S 56,780;20220108;16:10:00;16:15:00;194;17.68;216
E4S 56,780;20220108;16:15:00;16:20:00;195;17.90;240
E4S 56,780;20220108;16:20:00;16:25:00;196;17.16;293
E4S 56,780;20220108;16:25:00;16:30:00;197;17.56;279
E4S 56,780;20220108;16:30:00;16:35:00;198;18.23;239
E4S 56,780;20220108;16:35:00;16:40:00;199;17.90;231
E4S 56,780;20220108;16:40:00;16:45:00;200;17.36;270
E4S 56,780;20220108;16:45:00;16:50:00;201;17.47;257
E4S 56,780;20220108;16:50:00;16:55:00;202;17.81;237
E4S 56,780;20220108;16:55:00;17:00:00;203;18.24;249
E4S 56,780;20220108;17:00:00;17:05:00;204;17.80;180
E4S 56,780;20220108;17:05:00;17:10:00;205;17.50;248
E4S 56,780;20220108;17:10:00;17:15:00;206;18.16;225
E4S 56,780;20220108;17:15:00;17:20:00;207;18.09;242
E4S 56,780;20220108;17:20:00;17:25:00;208;17.65;243
E4S 56,780;20220108;17:25:00;17:30:00;209;18.28;219
E4S 56,780;20220108;17:30:00;17:35:00;210;18.10;204
E4S 56,780;20220108;17:35:00;17:40:00;211;18.75;188
E4S 56,780;20220108;17:40:00;17:45:00;212;17.87;209
E4S 56,780;20220108;17:45:00;17:50:00;213;18.10;205
E4S 56,780;20220108;17:50:00;17:55:00;214;18.80;179
E4S 56,780;20220108;17:55:00;18:00:00;215;18.78;182
E4S 56,780;20220108;18:00:00;18:05:00;216;18.17;198
E4S 56,780;20220108;18:05:00;18:10:00;217;18.66;194
E4S 56,780;20220108;18:10:00;18:15:00;218;18.53;193
E4S 56,780;20220108;18:15:00;18:20:00;219;18.70;180
E4S 56,780;20220108;18:20:00;18:25:00;220;18.56;178
E4S 56,780;20220108;18:25:00;18:30:00;221;19.35;176
E4S 56,780;20220108;18:30:00;18:35:00;222;18.67;152
E4S 56,780;20220108;18:35:00;18:40:00;223;19.05;142
E4S 56,780;20220108;18:40:00;18:45:00;224;19.10;193
E4S 56,780;20220108;18:45:00;18:50:00;225;18.54;155
E4S 56,780;20220108;18:50:00;18:55:00;226;18.22;167
E4S 56,780;20220108;18:55:00;19:00:00;227;19.82;143
E4S 56,780;20220108;19:00:00;19:05:00;228;18.58;175
E4S 56,780;20220108;19:05:00;19:10:00;229;18.73;151
E4S 56,780;20220108;19:10:00;19:15:00;230;18.78;157
E4S 56,780;20220108;19:15:00;19:20:00;231;18.61;160
E4S 56,780;20220108;19:20:00;19:25:00;232;18.40;160
E4S 56,780;20220108;19:25:00;19:30:00;233;18.65;139
E4S 56,780;20220108;19:30:00;19:35:00;234;19.00;147
E4S 56,780;20220108;19:35:00;19:40:00;235;19.05;136
E4S 56,780;20220108;19:40:00;19:45:00;236;18.82;136
E4S 56,780;20220108;19:45:00;19:50:00;237;19.19;154
E4S 56,780;20220108;19:50:00;19:55:00;238;19.53;148
E4S 56,780;20220108;19:55:00;20:00:00;239;19.38;122
E4S 56,780;20220108;20:00:00;20:05:00;240;19.39;142
E4S 56,780;20220108;20:05:00;20:10:00;241;19.06;120
E4S 56,780;20220108;20:10:00;20:15:00;242;18.72;153
E4S 56,780;20220108;20:15:00;20:20:00;243;18.89;137
E4S 56,780;20220108;20:20:00;20:25:00;244;18.37;152
E4S 56,780;20220108;20:25:00;20:30:00;245;19.40;129
E4S 56,780;20220108;20:30:00;20:35:00;246;18.98;140
E4S 56,780;20220108;20:35:00;20:40:00;247;19.16;136
E4S 56,780;20220108;20:40:00;20:45:00;248;19.38;136
E4S 56,780;20220108;20:45:00;20:50:00;249;19.50;127
E4S 56,780;20220108;20:50:00;20:55:00;250;19.04;116
E4S 56,780;20220108;20:55:00;21:00:00;251;19.75;112
E4S 56,780;20220108;21:00:00;21:05:00;252;19.94;102
E4S 56,780;20220108;21:05:00;21:10:00;253;19.89;115
E4S 56,780;20220108;21:10:00;21:15:00;254;19.33;97
E4S 56,780;20220108;21:15:00;21:20:00;255;20.69;85
E4S 56,780;20220108;21:20:00;21:25:00;256;19.21;94
E4S 56,780;20220108;21:25:00;21:30:00;257;19.17;124
E4S 56,780;20220108;21:30:00;21:35:00;258;19.43;92
E4S 56,780;20220108;21:35:00;21:40:00;259;19.40;86
E4S 56,780;20220108;21:40:00;21:45:00;260;19.64;97
E4S 56,780;20220108;21:45:00;21:50:00;261;19.66;94
E4S 56,780;20220108;21:50:00;21:55:00;262;19.15;76
E4S 56,780;20220108;21:55:00;22:00:00;263;19.38;84
E4S 56,780;20220108;22:00:00;22:05:00;264;19.26;73
E4S 56,780;20220108;22:05:00;22:10:00;265;19.49;85
E4S 56,780;20220108;22:10:00;22:15:00;266;18.97;76
E4S 56,780;20220108;22:15:00;22:20:00;267;19.90;77
E4S 56,780;20220108;22:20:00;22:25:00;268;19.32;73
E4S 56,780;20220108;22:25:00;22:30:00;269;19.05;84
E4S 56,780;20220108;22:30:00;22:35:00;270;18.84;66
E4S 56,780;20220108;22:35:00;22:40:00;271;19.18;69
E4S 56,780;20220108;22:40:00;22:45:00;272;18.98;72
E4S 56,780;20220108;22:45:00;22:50:00;273;18.52;50
E4S 56,780;20220108;22:50:00;22:55:00;274;19.40;84
E4S 56,780;20220108;22:55:00;23:00:00;275;19.41;65
E4S 56,780;20220108;23:00:00;23:05:00;276;19.20;59
E4S 56,780;20220108;23:05:00;23:10:00;277;19.56;68
E4S 56,780;20220108;23:10:00;23:15:00;278;19.71;73
E4S 56,780;20220108;23:15:00;23:20:00;279;19.61;67
E4S 56,780;20220108;23:20:00;23:25:00;280;20.34;78
E4S 56,780;20220108;23:25:00;23:30:00;281;19.71;83
E4S 56,780;20220108;23:30:00;23:35:00;282;20.12;70
E4S 56,780;20220108;23:35:00;23:40:00;283;19.30;69
E4S 56,780;20220108;23:40:00;23:45:00;284;19.73;67
E4S 56,780;20220108;23:45:00;23:50:00;285;19.43;62
E4S 56,780;20220108;23:50:00;23:55:00;286;19.88;66
E4S 56,780;20220108;23:55:00;24:00:00;287;19.73;71
E4S 56,780;20220109;00:00:00;00:05:00;0;19.17;44
E4S 56,780;20220109;00:05:00;00:10:00;1;19.26;44
E4S 56,780;20220109;00:10:00;00:15:00;2;20.98;51
E4S 56,780;20220109;00:15:00;00:20:00;3;20.10;40
E4S 56,780;20220109;00:20:00;00:25:00;4;19.41;49
E4S 56,780;20220109;00:25:00;00:30:00;5;20.44;41
E4S 56,780;20220109;00:30:00;00:35:00;6;20.14;42
E4S 56,780;20220109;00:35:00;00:40:00;7;20.18;38
E4S 56,780;20220109;00:40:00;00:45:00;8;20.98;37
E4S 56,780;20220109;00:45:00;00:50:00;9;19.43;45
E4S 56,780;20220109;00:50:00;00:55:00;10;18.94;39
E4S 56,780;20220109;00:55:00;01:00:00;11;18.99;51
E4S 56,780;20220109;01:00:00;01:05:00;12;18.95;37
E4S 56,780;20220109;01:05:00;01:10:00;13;19.67;30
E4S 56,780;20220109;01:10:00;01:15:00;14;20.10;32
E4S 56,780;20220109;01:15:00;01:20:00;15;19.27;26
E4S 56,780;20220109;01:20:00;01:25:00;16;20.14;36
E4S 56,780;20220109;01:25:00;01:30:00;17;19.42;21
E4S 56,780;20220109;01:30:00;01:35:00;18;20.35;26
E4S 56,780;20220109;01:35:00;01:40:00;19;19.52;35
E4S 56,780;20220109;01:40:00;01:45:00;20;20.29;27
E4S 56,780;20220109;01:45:00;01:50:00;21;20.21;26
E4S 56,780;20220109;01:50:00;01:55:00;22;19.97;33
E4S 56,780;20220109;01:55:00;02:00:00;23;20.95;23
E4S 56,780;20220109;02:00:00;02:05:00;24;20.52;25
E4S 56,780;20220109;02:05:00;02:10:00;25;19.57;16
E4S 56,780;20220109;02:10:00;02:15:00;26;19.44;13
E4S 56,780;20220109;02:15:00;02:20:00;27;20.08;22
E4S 56,780;20220109;02:20:00;02:25:00;28;18.88;34
E4S 56,780;20220109;02:25:00;02:30:00;29;20.02;18
E4S 56,780;20220109;02:30:00;02:35:00;30;19.66;21
E4S 56,780;20220109;02:35:00;02:40:00;31;19.62;15
E4S 56,780;20220109;02:40:00;02:45:00;32;19.48;17
E4S 56,780;20220109;02:45:00;02:50:00;33;20.22;13
E4S 56,780;20220109;02:50:00;02:55:00;34;20.48;26
E4S 56,780;20220109;02:55:00;03:00:00;35;18.61;19
E4S 56,780;20220109;03:00:00;03:05:00;36;20.55;16
E4S 56,780;20220109;03:05:00;03:10:00;37;21.19;18
E4S 56,780;20220109;03:10:00;03:15:00;38;19.40;14
E4S 56,780;20220109;03:15:00;03:20:00;39;17.98;17
E4S 56,780;20220109;03:20:00;03:25:00;40;19.79;17
E4S 56,780;20220109;03:25:00;03:30:00;41;21.42;11
E4S 56,780;20220109;03:30:00;03:35:00;42;19.91;13
E4S 56,780;20220109;03:35:00;03:40:00;43;19.24;19
E4S 56,780;20220109;03:40:00;03:45:00;44;21.58;14
E4S 56,780;20220109;03:45:00;03:50:00;45;19.51;20
E4S 56,780;20220109;03:50:00;03:55:00;46;20.57;26
E4S 56,780;20220109;03:55:00;04:00:00;47;20.33;27
E4S 56,780;20220109;04:00:00;04:05:00;48;20.15;12
E4S 56,780;20220109;04:05:00;04:10:00;49;20.36;21
E4S 56,780;20220109;04:10:00;04:15:00;50;19.74;14
E4S 56,780;20220109;04:15:00;04:20:00;51;19.39;12
E4S 56,780;20220109;04:20:00;04:25:00;52;19.58;22
E4S 56,780;20220109;04:25:00;04:30:00;53;19.44;26
E4S 56,780;20220109;04:30:00;04:35:00;54;20.46;28
E4S 56,780;20220109;04:35:00;04:40:00;55;20.60;30
E4S 56,780;20220109;04:40:00;04:45:00;56;20.33;26
E4S 56,780;20220109;04:45:00;04:50:00;57;19.07;31
E4S 56,780;20220109;04:50:00;04:55:00;58;20.38;24
E4S 56,780;20220109;04:55:00;05:00:00;59;21.14;25
E4S 56,780;20220109;05:00:00;05:05:00;60;20.23;28
E4S 56,780;20220109;05:05:00;05:10:00;61;19.04;27
E4S 56,780;20220109;05:10:00;05:15:00;62;20.36;29
E4S 56,780;20220109;05:15:00;05:20:00;63;19.46;29
E4S 56,780;20220109;05:20:00;05:25:00;64;19.77;42
E4S 56,780;20220109;05:25:00;05:30:00;65;19.75;40
E4S 56,780;20220109;05:30:00;05:35:00;66;19.23;43
E4S 56,780;20220109;05:35:00;05:40:00;67;19.37;42
E4S 56,780;20220109;05:40:00;05:45:00;68;19.96;57
E4S 56,780;20220109;05:45:00;05:50:00;69;20.20;35
E4S 56,780;20220109;05:50:00;05:55:00;70;19.95;47
E4S 56,780;20220109;05:55:00;06:00:00;71;20.18;41
E4S 56,780;20220109;06:00:00;06:05:00;72;19.99;42
E4S 56,780;20220109;06:05:00;06:10:00;73;19.46;37
E4S 56,780;20220109;06:10:00;06:15:00;74;20.01;49
E4S 56,780;20220109;06:15:00;06:20:00;75;20.54;40
E4S 56,780;20220109;06:20:00;06:25:00;76;19.16;51
E4S 56,780;20220109;06:25:00;06:30:00;77;19.88;47
E4S 56,780;20220109;06:30:00;06:35:00;78;19.50;50
E4S 56,780;20220109;06:35:00;06:40:00;79;18.88;61
E4S 56,780;20220109;06:40:00;06:45:00;80;19.16;54
E4S 56,780;20220109;06:45:00;06:50:00;81;20.55;44
E4S 56,780;20220109;06:50:00;06:55:00;82;19.94;42
E4S 56,780;20220109;06:55:00;07:00:00;83;19.75;49
E4S 56,780;20220109;07:00:00;07:05:00;84;20.73;51
E4S 56,780;20220109;07:05:00;07:10:00;85;19.69;38
E4S 56,780;20220109;07:10:00;07:15:00;86;20.56;55
E4S 56,780;20220109;07:15:00;07:20:00;87;19.81;59
E4S 56,780;20220109;07:20:00;07:25:00;88;20.38;56
E4S 56,780;20220109;07:25:00;07:30:00;89;20.15;65
E4S 56,780;20220109;07:30:00;07:35:00;90;19.65;55
E4S 56,780;20220109;07:35:00;07:40:00;91;20.38;58
E4S 56,780;20220109;07:40:00;07:45:00;92;20.64;52
E4S 56,780;20220109;07:45:00;07:50:00;93;20.69;64
E4S 56,780;20220109;07:50:00;07:55:00;94;19.89;51
E4S 56,780;20220109;07:55:00;08:00:00;95;20.25;72
E4S 56,780;20220109;08:00:00;08:05:00;96;19.54;58
E4S 56,780;20220109;08:05:00;08:10:00;97;20.70;76
E4S 56,780;20220109;08:10:00;08:15:00;98;20.74;90
E4S 56,780;20220109;08:15:00;08:20:00;99;20.67;73
E4S 56,780;20220109;08:20:00;08:25:00;100;20.29;77
E4S 56,780;20220109;08:25:00;08:30:00;101;18.92;105
E4S 56,780;20220109;08:30:00;08:35:00;102;19.32;121
E4S 56,780;20220109;08:35:00;08:40:00;103;19.63;109
E4S 56,780;20220109;08:40:00;08:45:00;104;20.05;97
E4S 56,780;20220109;08:45:00;08:50:00;105;19.82;98
E4S 56,780;20220109;08:50:00;08:55:00;106;19.02;120
E4S 56,780;20220109;08:55:00;09:00:00;107;18.89;108
E4S 56,780;20220109;09:00:00;09:05:00;108;19.99;119
E4S 56,780;20220109;09:05:00;09:10:00;109;19.24;127
E4S 56,780;20220109;09:10:00;09:15:00;110;19.79;113
E4S 56,780;20220109;09:15:00;09:20:00;111;20.35;118
E4S 56,780;20220109;09:20:00;09:25:00;112;20.08;120
E4S 56,780;20220109;09:25:00;09:30:00;113;19.71;162
E4S 56,780;20220109;09:30:00;09:35:00;114;19.31;120
E4S 56,780;20220109;09:35:00;09:40:00;115;19.67;143
E4S 56,780;20220109;09:40:00;09:45:00;116;19.25;134
E4S 56,780;20220109;09:45:00;09:50:00;117;19.81;160
E4S 56,780;20220109;09:50:00;09:55:00;118;19.57;143
E4S 56,780;20220109;09:55:00;10:00:00;119;19.69;149
E4S 56,780;20220109;10:00:00;10:05:00;120;19.01;143
E4S 56,780;20220109;10:05:00;10:10:00;121;18.97;137
E4S 56,780;20220109;10:10:00;10:15:00;122;19.80;156
E4S 56,780;20220109;10:15:00;10:20:00;123;19.61;149
E4S 56,780;20220109;10:20:00;10:25:00;124;18.95;194
E4S 56,780;20220109;10:25:00;10:30:00;125;19.62;169
E4S 56,780;20220109;10:30:00;10:35:00;126;19.45;179
E4S 56,780;20220109;10:35:00;10:40:00;127;19.02;165
E4S 56,780;20220109;10:40:00;10:45:00;128;18.96;197
E4S 56,780;20220109;10:45:00;10:50:00;129;19.08;203
E4S 56,780;20220109;10:50:00;10:55:00;130;18.75;200
E4S 56,780;20220109;10:55:00;11:00:00;131;19.27;197
E4S 56,780;20220109;11:00:00;11:05:00;132;19.27;194
E4S 56,780;20220109;11:05:00;11:10:00;133;18.92;211
E4S 56,780;20220109;11:10:00;11:15:00;134;19.60;174
E4S 56,780;20220109;11:15:00;11:20:00;135;19.15;215
E4S 56,780;20220109;11:20:00;11:25:00;136;18.67;229
E4S 56,780;20220109;11:25:00;11:30:00;137;18.45;211
E4S 56,780;20220109;11:30:00;11:35:00;138;19.29;252
E4S 56,780;20220109;11:35:00;11:40:00;139;18.63;274
E4S 56,780;20220109;11:40:00;11:45:00;140;19.14;246
E4S 56,780;20220109;11:45:00;11:50:00;141;18.68;235
E4S 56,780;20220109;11:50:00;11:55:00;142;19.02;248
E4S 56,780;20220109;11:55:00;12:00:00;143;18.53;273
E4S 56,780;20220109;12:00:00;12:05:00;144;18.99;243
E4S 56,780;20220109;12:05:00;12:10:00;145;18.75;247
E4S 56,780;20220109;12:10:00;12:15:00;146;18.86;255
E4S 56,780;20220109;12:15:00;12:20:00;147;19.10;232
E4S 56,780;20220109;12:20:00;12:25:00;148;18.07;292
E4S 56,780;20220109;12:25:00;12:30:00;149;18.23;295
E4S 56,780;20220109;12:30:00;12:35:00;150;18.51;266
E4S 56,780;20220109;12:35:00;12:40:00;151;18.87;263
E4S 56,780;20220109;12:40:00;12:45:00;152;18.52;266
E4S 56,780;20220109;12:45:00;12:50:00;153;18.77;266
E4S 56,780;20220109;12:50:00;12:55:00;154;17.87;273
E4S 56,780;20220109;12:55:00;13:00:00;155;18.09;266
E4S 56,780;20220109;13:00:00;13:05:00;156;18.26;286
E4S 56,780;20220109;13:05:00;13:10:00;157;17.80;291
E4S 56,780;20220109;13:10:00;13:15:00;158;18.28;286
E4S 56,780;20220109;13:15:00;13:20:00;159;17.94;280
E4S 56,780;20220109;13:20:00;13:25:00;160;17.88;292
E4S 56,780;20220109;13:25:00;13:30:00;161;18.15;259
E4S 56,780;20220109;13:30:00;13:35:00;162;18.12;290
E4S 56,780;20220109;13:35:00;13:40:00;163;18.08;282
E4S 56,780;20220109;13:40:00;13:45:00;164;18.20;292
E4S 56,780;20220109;13:45:00;13:50:00;165;18.37;308
E4S 56,780;20220109;13:50:00;13:55:00;166;17.86;281
E4S 56,780;20220109;13:55:00;14:00:00;167;17.92;270
E4S 56,780;20220109;14:00:00;14:05:00;168;17.89;259
E4S 56,780;20220109;14:05:00;14:10:00;169;17.79;274
E4S 56,780;20220109;14:10:00;14:15:00;170;18.02;268
E4S 56,780;20220109;14:15:00;14:20:00;171;17.92;300
E4S 56,780;20220109;14:20:00;14:25:00;172;16.98;318
E4S 56,780;20220109;14:25:00;14:30:00;173;16.98;317
E4S 56,780;20220109;14:30:00;14:35:00;174;17.59;301
E4S 56,780;20220109;14:35:00;14:40:00;175;17.67;291
E4S 56,780;20220109;14:40:00;14:45:00;176;18.11;251
E4S 56,780;20220109;14:45:00;14:50:00;177;17.71;292
E4S 56,780;20220109;14:50:00;14:55:00;178;17.02;338
E4S 56,780;20220109;14:55:00;15:00:00;179;17.52;277
E4S 56,780;20220109;15:00:00;15:05:00;180;17.01;306
E4S 56,780;20220109;15:05:00;15:10:00;181;16.88;315
E4S 56,780;20220109;15:10:00;15:15:00;182;17.52;279
E4S 56,780;20220109;15:15:00;15:20:00;183;17.01;322
E4S 56,780;20220109;15:20:00;15:25:00;184;16.46;315
E4S 56,780;20220109;15:25:00;15:30:00;185;16.50;298
E4S 56,780;20220109;15:30:00;15:35:00;186;16.83;315
E4S 56,780;20220109;15:35:00;15:40:00;187;17.25;302
E4S 56,780;20220109;15:40:00;15:45:00;188;17.96;259
E4S 56,780;20220109;15:45:00;15:50:00;189;17.06;289
E4S 56,780;20220109;15:50:00;15:55:00;190;16.80;340
E4S 56,780;20220109;15:55:00;16:00:00;191;17.52;282
E4S 56,780;20220109;16:00:00;16:05:00;192;17.20;296
E4S 56,780;20220109;16:05:00;16:10:00;193;17.07;232
E4S 56,780;20220109;16:10:00;16:15:00;194;17.57;254
E4S 56,780;20220109;16:15:00;16:20:00;195;17.97;251
E4S 56,780;20220109;16:20:00;16:25:00;196;17.10;273
E4S 56,780;20220109;16:25:00;16:30:00;197;17.08;265
E4S 56,780;20220109;16:30:00;16:35:00;198;17.83;238
E4S 56,780;20220109;16:35:00;16:40:00;199;17.60;275
E4S 56,780;20220109;16:40:00;16:45:00;200;17.39;232
E4S 56,780;20220109;16:45:00;16:50:00;201;17.57;248
E4S 56,780;20220109;16:50:00;16:55:00;202;17.64;210
E4S 56,780;20220109;16:55:00;17:00:00;203;17.38;240
E4S 56,780;20220109;17:00:00;17:05:00;204;17.87;196
E4S 56,780;20220109;17:05:00;17:10:00;205;17.44;213
E4S 56,780;20220109;17:10:00;17:15:00;206;18.17;206
E4S 56,780;20220109;17:15:00;17:20:00;207;17.88;189
E4S 56,780;20220109;17:20:00;17:25:00;208;18.50;239
E4S 56,780;20220109;17:25:00;17:30:00;209;17.84;194
E4S 56,780;20220109;17:30:00;17:35:00;210;17.82;235
E4S 56,780;20220109;17:35:00;17:40:00;211;17.45;228
E4S 56,780;20220109;17:40:00;17:45:00;212;18.45;175
E4S 56,780;20220109;17:45:00;17:50:00;213;18.79;208
E4S 56,780;20220109;17:50:00;17:55:00;214;18.19;198
E4S 56,780;20220109;17:55:00;18:00:00;215;17.88;180
E4S 56,780;20220109;18:00:00;18:05:00;216;18.05;207
E4S 56,780;20220109;18:05:00;18:10:00;217;18.91;166
E4S 56,780;20220109;18:10:00;18:15:00;218;18.32;211
E4S 56,780;20220109;18:15:00;18:20:00;219;18.40;188
E4S 56,780;20220109;18:20:00;18:25:00;220;18.19;200
E4S 56,780;20220109;18:25:00;18:30:00;221;17.73;193
E4S 56,780;20220109;18:30:00;18:35:00;222;17.84;184
E4S 56,780;20220109;18:35:00;18:40:00;223;18.57;150
E4S 56,780;20220109;18:40:00;18:45:00;224;18.13;192
E4S 56,780;20220109;18:45:00;18:50:00;225;18.33;136
E4S 56,780;20220109;18:50:00;18:55:00;226;18.29;170
E4S 56,780;20220109;18:55:00;19:00:00;227;18.02;161
E4S 56,780;20220109;19:00:00;19:05:00;228;18.77;154
E4S 56,780;20220109;19:05:00;19:10:00;229;18.52;155
E4S 56,780;20220109;19:10:00;19:15:00;230;18.43;155
E4S 56,780;20220109;19:15:00;19:20:00;231;18.84;152
E4S 56,780;20220109;19:20:00;19:25:00;232;18.68;171
E4S 56,780;20220109;19:25:00;19:30:00;233;18.53;155
E4S 56,780;20220109;19:30:00;19:35:00;234;18.56;163
E4S 56,780;20220109;19:35:00;19:40:00;235;18.92;123
E4S 56,780;20220109;19:40:00;19:45:00;236;18.62;98
E4S 56,780;20220109;19:45:00;19:50:00;237;18.26;143
E4S 56,780;20220109;19:50:00;19:55:00;238;18.38;118
E4S 56,780;20220109;19:55:00;20:00:00;239;18.94;100
E4S 56,780;20220109;20:00:00;20:05:00;240;18.77;103
E4S 56,780;20220109;20:05:00;20:10:00;241;19.03;111
E4S 56,780;20220109;20:10:00;20:15:00;242;18.83;129
E4S 56,780;20220109;20:15:00;20:20:00;243;18.91;119
E4S 56,780;20220109;20:20:00;20:25:00;244;18.69;131
E4S 56,780;20220109;20:25:00;20:30:00;245;19.55;94
E4S 56,780;20220109;20:30:00;20:35:00;246;18.96;97
E4S 56,780;20220109;20:35:00;20:40:00;247;18.59;110
E4S 56,780;20220109;20:40:00;20:45:00;248;18.85;108
E4S 56,780;20220109;20:45:00;20:50:00;249;18.62;106
E4S 56,780;20220109;20:50:00;20:55:00;250;19.05;94
E4S 56,780;20220109;20:55:00;21:00:00;251;19.77;92
E4S 56,780;20220109;21:00:00;21:05:00;252;19.17;94
E4S 56,780;20220109;21:05:00;21:10:00;253;19.62;85
E4S 56,780;20220109;21:10:00;21:15:00;254;18.46;88
E4S 56,780;20220109;21:15:00;21:20:00;255;19.35;79
E4S 56,780;20220109;21:20:00;21:25:00;256;19.68;94
E4S 56,780;20220109;21:25:00;21:30:00;257;19.71;72
E4S 56,780;20220109;21:30:00;21:35:00;258;19.71;75
E4S 56,780;20220109;21:35:00;21:40:00;259;19.49;58
E4S 56,780;20220109;21:40:00;21:45:00;260;18.86;59
E4S 56,780;20220109;21:45:00;21:50:00;261;19.66;56
E4S 56,780;20220109;21:50:00;21:55:00;262;19.70;38
E4S 56,780;20220109;21:55:00;22:00:00;263;19.29;59
E4S 56,780;20220109;22:00:00;22:05:00;264;19.27;45
E4S 56,780;20220109;22:05:00;22:10:00;265;18.98;51
E4S 56,780;20220109;22:10:00;22:15:00;266;19.28;43
E4S 56,780;20220109;22:15:00;22:20:00;267;20.15;62
E4S 56,780;20220109;22:20:00;22:25:00;268;19.85;53
E4S 56,780;20220109;22:25:00;22:30:00;269;19.29;26
E4S 56,780;20220109;22:30:00;22:35:00;270;19.61;39
E4S 56,780;20220109;22:35:00;22:40:00;271;19.70;39
E4S 56,780;20220109;22:40:00;22:45:00;272;19.23;54
E4S 56,780;20220109;22:45:00;22:50:00;273;19.75;38
E4S 56,780;20220109;22:50:00;22:55:00;274;20.16;49
E4S 56,780;20220109;22:55:00;23:00:00;275;20.21;43
E4S 56,780;20220109;23:00:00;23:05:00;276;18.69;31
E4S 56,780;20220109;23:05:00;23:10:00;277;19.58;30
E4S 56,780;20220109;23:10:00;23:15:00;278;19.83;33
E4S 56,780;20220109;23:15:00;23:20:00;279;19.10;33
E4S 56,780;20220109;23:20:00;23:25:00;280;19.65;29
E4S 56,780;20220109;23:25:00;23:30:00;281;19.69;30
E4S 56,780;20220109;23:30:00;23:35:00;282;19.02;28
E4S 56,780;20220109;23:35:00;23:40:00;283;20.45;25
E4S 56,780;20220109;23:40:00;23:45:00;284;19.28;21
E4S 56,780;20220109;23:45:00;23:50:00;285;19.34;30
E4S 56,780;20220109;23:50:00;23:55:00;286;21.22;31
E4S 56,780;20220109;23:55:00;24:00:00;287;19.79;23
E4S 56,780;20220131;00:00:00;00:05:00;0;19.69;21
E4S 56,780;20220131;00:05:00;00:10:00;1;19.39;22
E4S 56,780;20220131;00:10:00;00:15:00;2;19.76;17
E4S 56,780;20220131;00:15:00;00:20:00;3;20.62;16
E4S 56,780;20220131;00:20:00;00:25:00;4;20.92;22
E4S 56,780;20220131;00:25:00;00:30:00;5;20.22;22
E4S 56,780;20220131;00:30:00;00:35:00;6;20.37;23
E4S 56,780;20220131;00:35:00;00:40:00;7;20.42;20
E4S 56,780;20220131;00:40:00;00:45:00;8;21.09;21
E4S 56,780;20220131;00:45:00;00:50:00;9;19.72;15
E4S 56,780;20220131;00:50:00;00:55:00;10;21.92;18
E4S 56,780;20220131;00:55:00;01:00:00;11;20.30;16
E4S 56,780;20220131;01:00:00;01:05:00;12;20.30;16
E4S 56,780;20220131;01:05:00;01:10:00;13;21.71;12
E4S 56,780;20220131;01:10:00;01:15:00;14;19.35;6
E4S 56,780;20220131;01:15:00;01:20:00;15;19.28;11
E4S 56,780;20220131;01:20:00;01:25:00;16;20.66;15
E4S 56,780;20220131;01:25:00;01:30:00;17;20.94;11
E4S 56,780;20220131;01:30:00;01:35:00;18;20.77;11
E4S 56,780;20220131;01:35:00;01:40:00;19;21.65;10
E4S 56,780;20220131;01:40:00;01:45:00;20;18.45;11
E4S 56,780;20220131;01:45:00;01:50:00;21;19.87;9
E4S 56,780;20220131;01:50:00;01:55:00;22;18.76;10
E4S 56,780;20220131;01:55:00;02:00:00;23;20.18;12
E4S 56,780;20220131;02:00:00;02:05:00;24;19.62;16
E4S 56,780;20220131;02:05:00;02:10:00;25;21.04;14
E4S 56,780;20220131;02:10:00;02:15:00;26;22.74;8
E4S 56,780;20220131;02:15:00;02:20:00;27;19.14;13
E4S 56,780;20220131;02:20:00;02:25:00;28;21.05;11
E4S 56,780;20220131;02:25:00;02:30:00;29;19.49;20
E4S 56,780;20220131;02:30:00;02:35:00;30;21.51;16
E4S 56,780;20220131;02:35:00;02:40:00;31;19.90;21
E4S 56,780;20220131;02:40:00;02:45:00;32;19.74;21
E4S 56,780;20220131;02:45:00;02:50:00;33;18.98;13
E4S 56,780;20220131;02:50:00;02:55:00;34;21.17;10
E4S 56,780;20220131;02:55:00;03:00:00;35;18.20;10
E4S 56,780;20220131;03:00:00;03:05:00;36;19.95;16
E4S 56,780;20220131;03:05:00;03:10:00;37;22.15;11
E4S 56,780;20220131;03:10:00;03:15:00;38;22.46;9
E4S 56,780;20220131;03:15:00;03:20:00;39;21.00;10
E4S 56,780;20220131;03:20:00;03:25:00;40;20.29;24
E4S 56,780;20220131;03:25:00;03:30:00;41;21.70;17
E4S 56,780;20220131;03:30:00;03:35:00;42;17.66;32
E4S 56,780;20220131;03:35:00;03:40:00;43;20.37;29
E4S 56,780;20220131;03:40:00;03:45:00;44;19.85;26
E4S 56,780;20220131;03:45:00;03:50:00;45;20.52;25
E4S 56,780;20220131;03:50:00;03:55:00;46;20.07;26
E4S 56,780;20220131;03:55:00;04:00:00;47;20.62;35
E4S 56,780;20220131;04:00:00;04:05:00;48;20.45;28
E4S 56,780;20220131;04:05:00;04:10:00;49;20.36;44
E4S 56,780;20220131;04:10:00;04:15:00;50;19.42;33
E4S 56,780;20220131;04:15:00;04:20:00;51;20.43;45
E4S 56,780;20220131;04:20:00;04:25:00;52;19.95;63
E4S 56,780;20220131;04:25:00;04:30:00;53;20.65;64
E4S 56,780;20220131;04:30:00;04:35:00;54;19.80;68
E4S 56,780;20220131;04:35:00;04:40:00;55;20.24;77
E4S 56,780;20220131;04:40:00;04:45:00;56;20.30;106
E4S 56,780;20220131;04:45:00;04:50:00;57;20.29;145
E4S 56,780;20220131;04:50:00;04:55:00;58;19.43;171
E4S 56,780;20220131;04:55:00;05:00:00;59;20.13;165
E4S 56,780;20220131;05:00:00;05:05:00;60;20.13;133
E4S 56,780;20220131;05:05:00;05:10:00;61;19.63;167
E4S 56,780;20220131;05:10:00;05:15:00;62;19.89;174
E4S 56,780;20220131;05:15:00;05:20:00;63;19.45;204
E4S 56,780;20220131;05:20:00;05:25:00;64;18.98;226
E4S 56,780;20220131;05:25:00;05:30:00;65;18.61;249
E4S 56,780;20220131;05:30:00;05:35:00;66;18.27;225
E4S 56,780;20220131;05:35:00;05:40:00;67;18.92;273
E4S 56,780;20220131;05:40:00;05:45:00;68;19.02;243
E4S 56,780;20220131;05:45:00;05:50:00;69;18.57;283
E4S 56,780;20220131;05:50:00;05:55:00;70;18.17;276
E4S 56,780;20220131;05:55:00;06:00:00;71;18.76;228
E4S 56,780;20220131;06:00:00;06:05:00;72;18.08;240
E4S 56,780;20220131;06:05:00;06:10:00;73;18.42;259
E4S 56,780;20220131;06:10:00;06:15:00;74;18.17;246
E4S 56,780;20220131;06:15:00;06:20:00;75;18.45;229
E4S 56,780;20220131;06:20:00;06:25:00;76;17.81;276
E4S 56,780;20220131;06:25:00;06:30:00;77;17.07;292
E4S 56,780;20220131;06:30:00;06:35:00;78;17.59;267
E4S 56,780;20220131;06:35:00;06:40:00;79;18.09;225
E4S 56,780;20220131;06:40:00;06:45:00;80;17.66;263
E4S 56,780;20220131;06:45:00;06:50:00;81;17.77;233
E4S 56,780;20220131;06:50:00;06:55:00;82;17.85;255
E4S 56,780;20220131;06:55:00;07:00:00;83;17.82;294
E4S 56,780;20220131;07:00:00;07:05:00;84;17.50;295
E4S 56,780;20220131;07:05:00;07:10:00;85;17.88;269
E4S 56,780;20220131;07:10:00;07:15:00;86;18.00;265
E4S 56,780;20220131;07:15:00;07:20:00;87;17.14;310
E4S 56,780;20220131;07:20:00;07:25:00;88;17.83;268
E4S 56,780;20220131;07:25:00;07:30:00;89;17.32;333
E4S 56,780;20220131;07:30:00;07:35:00;90;17.57;304
E4S 56,780;20220131;07:35:00;07:40:00;91;18.14;293
E4S 56,780;20220131;07:40:00;07:45:00;92;18.20;285
E4S 56,780;20220131;07:45:00;07:50:00;93;17.66;270
E4S 56,780;20220131;07:50:00;07:55:00;94;18.04;249
E4S 56,780;20220131;07:55:00;08:00:00;95;18.36;251
E4S 56,780;20220131;08:00:00;08:05:00;96;18.01;283
E4S 56,780;20220131;08:05:00;08:10:00;97;17.84;228
E4S 56,780;20220131;08:10:00;08:15:00;98;17.74;250
E4S 56,780;20220131;08:15:00;08:20:00;99;18.16;244
E4S 56,780;20220131;08:20:00;08:25:00;100;18.19;234
E4S 56,780;20220131;08:25:00;08:30:00;101;18.61;216
E4S 56,780;20220131;08:30:00;08:35:00;102;18.27;229
E4S 56,780;20220131;08:35:00;08:40:00;103;18.00;305
E4S 56,780;20220131;08:40:00;08:45:00;104;18.04;247
E4S 56,780;20220131;08:45:00;08:50:00;105;17.72;265
E4S 56,780;20220131;08:50:00;08:55:00;106;17.94;264
E4S 56,780;20220131;08:55:00;09:00:00;107;18.08;255
E4S 56,780;20220131;09:00:00;09:05:00;108;18.22;258
E4S 56,780;20220131;09:05:00;09:10:00;109;18.27;233
E4S 56,780;20220131;09:10:00;09:15:00;110;18.46;228
E4S 56,780;20220131;09:15:00;09:20:00;111;17.72;247
E4S 56,780;20220131;09:20:00;09:25:00;112;18.12;232
E4S 56,780;20220131;09:25:00;09:30:00;113;17.59;276
E4S 56,780;20220131;09:30:00;09:35:00;114;18.48;251
E4S 56,780;20220131;09:35:00;09:40:00;115;17.65;267
E4S 56,780;20220131;09:40:00;09:45:00;116;18.00;257
E4S 56,780;20220131;09:45:00;09:50:00;117;18.29;241
E4S 56,780;20220131;09:50:00;09:55:00;118;18.83;223
E4S 56,780;20220131;09:55:00;10:00:00;119;18.44;277
E4S 56,780;20220131;10:00:00;10:05:00;120;18.42;247
E4S 56,780;20220131;10:05:00;10:10:00;121;17.80;279
E4S 56,780;20220131;10:10:00;10:15:00;122;18.84;242
E4S 56,780;20220131;10:15:00;10:20:00;123;18.27;226
E4S 56,780;20220131;10:20:00;10:25:00;124;18.08;229
E4S 56,780;20220131;10:25:00;10:30:00;125;18.73;244
E4S 56,780;20220131;10:30:00;10:35:00;126;18.58;225
E4S 56,780;20220131;10:35:00;10:40:00;127;18.25;228
E4S 56,780;20220131;10:40:00;10:45:00;128;17.94;247
E4S 56,780;20220131;10:45:00;10:50:00;129;17.80;281
E4S 56,780;20220131;10:50:00;10:55:00;130;18.59;242
E4S 56,780;20220131;10:55:00;11:00:00;131;17.98;249
E4S 56,780;20220131;11:00:00;11:05:00;132;18.01;231
E4S 56,780;20220131;11:05:00;11:10:00;133;18.31;251
E4S 56,780;20220131;11:10:00;11:15:00;134;17.53;253
E4S 56,780;20220131;11:15:00;11:20:00;135;18.19;269
E4S 56,780;20220131;11:20:00;11:25:00;136;18.41;281
E4S 56,780;20220131;11:25:00;11:30:00;137;18.41;244
E4S 56,780;20220131;11:30:00;11:35:00;138;18.65;230
E4S 56,780;20220131;11:35:00;11:40:00;139;18.07;278
E4S 56,780;20220131;11:40:00;11:45:00;140;18.16;239
E4S 56,780;20220131;11:45:00;11:50:00;141;18.50;272
E4S 56,780;20220131;11:50:00;11:55:00;142;18.11;283
E4S 56,780;20220131;11:55:00;12:00:00;143;17.67;279
E4S 56,780;20220131;12:00:00;12:05:00;144;18.80;252
E4S 56,780;20220131;12:05:00;12:10:00;145;18.19;280
E4S 56,780;20220131;12:10:00;12:15:00;146;18.29;249
E4S 56,780;20220131;12:15:00;12:20:00;147;17.74;277
E4S 56,780;20220131;12:20:00;12:25:00;148;18.20;255
E4S 56,780;20220131;12:25:00;12:30:00;149;18.34;240
E4S 56,780;20220131;12:30:00;12:35:00;150;18.28;241
E4S 56,780;20220131;12:35:00;12:40:00;151;18.64;210
E4S 56,780;20220131;12:40:00;12:45:00;152;18.41;236
E4S 56,780;20220131;12:45:00;12:50:00;153;17.24;291
E4S 56,780;20220131;12:50:00;12:55:00;154;17.32;278
E4S 56,780;20220131;12:55:00;13:00:00;155;17.46;305
E4S 56,780;20220131;13:00:00;13:05:00;156;17.95;272
E4S 56,780;20220131;13:05:00;13:10:00;157;18.20;249
E4S 56,780;20220131;13:10:00;13:15:00;158;18.17;290
E4S 56,780;20220131;13:15:00;13:20:00;159;18.25;256
E4S 56,780;20220131;13:20:00;13:25:00;160;18.22;288
E4S 56,780;20220131;13:25:00;13:30:00;161;17.18;286
E4S 56,780;20220131;13:30:00;13:35:00;162;17.18;301
E4S 56,780;20220131;13:35:00;13:40:00;163;17.62;321
E4S 56,780;20220131;13:40:00;13:45:00;164;17.85;247
E4S 56,780;20220131;13:45:00;13:50:00;165;17.38;293
E4S 56,780;20220131;13:50:00;13:55:00;166;17.14;306
E4S 56,780;20220131;13:55:00;14:00:00;167;16.92;286
E4S 56,780;20220131;14:00:00;14:05:00;168;17.34;316
E4S 56,780;20220131;14:05:00;14:10:00;169;17.39;337
E4S 56,780;20220131;14:10:00;14:15:00;170;17.33;349
E4S 56,780;20220131;14:15:00;14:20:00;171;16.33;354
E4S 56,780;20220131;14:20:00;14:25:00;172;17.24;326
E4S 56,780;20220131;14:25:00;14:30:00;173;16.93;334
E4S 56,780;20220131;14:30:00;14:35:00;174;17.22;348
E4S 56,780;20220131;14:35:00;14:40:00;175;17.82;322
E4S 56,780;20220131;14:40:00;14:45:00;176;17.84;340
E4S 56,780;20220131;14:45:00;14:50:00;177;17.01;347
E4S 56,780;20220131;14:50:00;14:55:00;178;17.19;341
E4S 56,780;20220131;14:55:00;15:00:00;179;16.78;358
E4S 56,780;20220131;15:00:00;15:05:00;180;17.49;315
E4S 56,780;20220131;15:05:00;15:10:00;181;17.14;325
E4S 56,780;20220131;15:10:00;15:15:00;182;16.95;356
E4S 56,780;20220131;15:15:00;15:20:00;183;16.64;350
E4S 56,780;20220131;15:20:00;15:25:00;184;16.59;346
E4S 56,780;20220131;15:25:00;15:30:00;185;17.26;318
E4S 56,780;20220131;15:30:00;15:35:00;186;17.19;324
E4S 56,780;20220131;15:35:00;15:40:00;187;17.22;356
E4S 56,780;20220131;15:40:00;15:45:00;188;16.17;288
E4S 56,780;20220131;15:45:00;15:50:00;189;12.41;304
E4S 56,780;20220131;15:50:00;15:55:00;190;14.22;298
E4S 56,780;20220131;15:55:00;16:00:00;191;13.48;278
E4S 56,780;20220131;16:00:00;16:05:00;192;17.23;275
E4S 56,780;20220131;16:05:00;16:10:00;193;17.55;247
E4S 56,780;20220131;16:10:00;16:15:00;194;17.35;284
E4S 56,780;20220131;16:15:00;16:20:00;195;17.73;273
E4S 56,780;20220131;16:20:00;16:25:00;196;17.08;303
E4S 56,780;20220131;16:25:00;16:30:00;197;17.22;277
E4S 56,780;20220131;16:30:00;16:35:00;198;17.26;282
E4S 56,780;20220131;16:35:00;16:40:00;199;17.24;254
E4S 56,780;20220131;16:40:00;16:45:00;200;17.81;247
E4S 56,780;20220131;16:45:00;16:50:00;201;16.82;240
E4S 56,780;20220131;16:50:00;16:55:00;202;17.83;248
E4S 56,780;20220131;16:55:00;17:00:00;203;17.54;254
E4S 56,780;20220131;17:00:00;17:05:00;204;17.21;276
E4S 56,780;20220131;17:05:00;17:10:00;205;18.63;227
E4S 56,780;20220131;17:10:00;17:15:00;206;18.14;259
E4S 56,780;20220131;17:15:00;17:20:00;207;17.86;229
E4S 56,780;20220131;17:20:00;17:25:00;208;17.74;235
E4S 56,780;20220131;17:25:00;17:30:00;209;16.80;203
E4S 56,780;20220131;17:30:00;17:35:00;210;17.14;265
E4S 56,780;20220131;17:35:00;17:40:00;211;17.22;238
E4S 56,780;20220131;17:40:00;17:45:00;212;18.09;237
E4S 56,780;20220131;17:45:00;17:50:00;213;18.17;211
E4S 56,780;20220131;17:50:00;17:55:00;214;17.77;223
E4S 56,780;20220131;17:55:00;18:00:00;215;18.02;191
E4S 56,780;20220131;18:00:00;18:05:00;216;18.43;192
E4S 56,780;20220131;18:05:00;18:10:00;217;18.64;208
E4S 56,780;20220131;18:10:00;18:15:00;218;18.34;225
E4S 56,780;20220131;18:15:00;18:20:00;219;18.55;217
E4S 56,780;20220131;18:20:00;18:25:00;220;18.68;189
E4S 56,780;20220131;18:25:00;18:30:00;221;17.98;183
E4S 56,780;20220131;18:30:00;18:35:00;222;17.84;194
E4S 56,780;20220131;18:35:00;18:40:00;223;18.59;160
E4S 56,780;20220131;18:40:00;18:45:00;224;18.92;158
E4S 56,780;20220131;18:45:00;18:50:00;225;19.09;167
E4S 56,780;20220131;18:50:00;18:55:00;226;18.64;157
E4S 56,780;20220131;18:55:00;19:00:00;227;18.56;137
E4S 56,780;20220131;19:00:00;19:05:00;228;18.45;151
E4S 56,780;20220131;19:05:00;19:10:00;229;19.09;145
E4S 56,780;20220131;19:10:00;19:15:00;230;18.31;132
E4S 56,780;20220131;19:15:00;19:20:00;231;18.51;167
E4S 56,780;20220131;19:20:00;19:25:00;232;18.52;174
E4S 56,780;20220131;19:25:00;19:30:00;233;18.78;130
E4S 56,780;20220131;19:30:00;19:35:00;234;18.55;177
E4S 56,780;20220131;19:35:00;19:40:00;235;18.58;121
E4S 56,780;20220131;19:40:00;19:45:00;236;19.36;144
E4S 56,780;20220131;19:45:00;19:50:00;237;19.25;131
E4S 56,780;20220131;19:50:00;19:55:00;238;19.47;128
E4S 56,780;20220131;19:55:00;20:00:00;239;19.47;102
E4S 56,780;20220131;20:00:00;20:05:00;240;18.73;131
E4S 56,780;20220131;20:05:00;20:10:00;241;19.17;116
E4S 56,780;20220131;20:10:00;20:15:00;242;19.37;109
E4S 56,780;20220131;20:15:00;20:20:00;243;19.57;113
E4S 56,780;20220131;20:20:00;20:25:00;244;18.92;115
E4S 56,780;20220131;20:25:00;20:30:00;245;19.20;118
E4S 56,780;20220131;20:30:00;20:35:00;246;19.38;128
E4S 56,780;20220131;20:35:00;20:40:00;247;19.89;91
E4S 56,780;20220131;20:40:00;20:45:00;248;19.88;86
E4S 56,780;20220131;20:45:00;20:50:00;249;19.93;97
E4S 56,780;20220131;20:50:00;20:55:00;250;19.24;94
E4S 56,780;20220131;20:55:00;21:00:00;251;20.08;76
E4S 56,780;20220131;21:00:00;21:05:00;252;19.29;80
E4S 56,780;20220131;21:05:00;21:10:00;253;19.24;93
E4S 56,780;20220131;21:10:00;21:15:00;254;19.65;84
E4S 56,780;20220131;21:15:00;21:20:00;255;20.12;88
E4S 56,780;20220131;21:20:00;21:25:00;256;19.93;90
E4S 56,780;20220131;21:25:00;21:30:00;257;19.11;77
E4S 56,780;20220131;21:30:00;21:35:00;258;19.21;76
E4S 56,780;20220131;21:35:00;21:40:00;259;19.85;72
E4S 56,780;20220131;21:40:00;21:45:00;260;19.42;58
E4S 56,780;20220131;21:45:00;21:50:00;261;19.62;67
E4S 56,780;20220131;21:50:00;21:55:00;262;20.95;58
E4S 56,780;20220131;21:55:00;22:00:00;263;19.82;55
E4S 56,780;20220131;22:00:00;22:05:00;264;19.73;54
E4S 56,780;20220131;22:05:00;22:10:00;265;19.39;50
E4S 56,780;20220131;22:10:00;22:15:00;266;20.06;43
E4S 56,780;20220131;22:15:00;22:20:00;267;20.03;36
E4S 56,780;20220131;22:20:00;22:25:00;268;20.31;49
E4S 56,780;20220131;22:25:00;22:30:00;269;19.63;49
E4S 56,780;20220131;22:30:00;22:35:00;270;20.21;42
E4S 56,780;20220131;22:35:00;22:40:00;271;20.17;34
E4S 56,780;20220131;22:40:00;22:45:00;272;19.87;35
E4S 56,780;20220131;22:45:00;22:50:00;273;19.36;37
E4S 56,780;20220131;22:50:00;22:55:00;274;19.64;38
E4S 56,780;20220131;22:55:00;23:00:00;275;18.61;21
E4S 56,780;20220131;23:00:00;23:05:00;276;19.59;20
E4S 56,780;20220131;23:05:00;23:10:00;277;20.13;32
E4S 56,780;20220131;23:10:00;23:15:00;278;19.98;23
E4S 56,780;20220131;23:15:00;23:20:00;279;19.93;34
E4S 56,780;20220131;23:20:00;23:25:00;280;19.20;26
E4S 56,780;20220131;23:25:00;23:30:00;281;18.15;25
E4S 56,780;20220131;23:30:00;23:35:00;282;20.30;24
E4S 56,780;20220131;23:35:00;23:40:00;283;19.82;19
E4S 56,780;20220131;23:40:00;23:45:00;284;20.33;29
E4S 56,780;20220131;23:45:00;23:50:00;285;20.51;20
E4S 56,780;20220131;23:50:00;23:55:00;286;20.50;22
E4S 56,780;20220131;23:55:00;24:00:00;287;19.60;22
E4S 56,780;20220204;00:00:00;00:05:00;0;19.05;15
E4S 56,780;20220204;00:05:00;00:10:00;1;18.98;21
E4S 56,780;20220204;00:10:00;00:15:00;2;19.52;23
E4S 56,780;20220204;00:15:00;00:20:00;3;21.74;16
E4S 56,780;20220204;00:20:00;00:25:00;4;19.96;15
E4S 56,780;20220204;00:25:00;00:30:00;5;20.64;18
E4S 56,780;20220204;00:30:00;00:35:00;6;19.33;19
E4S 56,780;20220204;00:35:00;00:40:00;7;21.35;19
E4S 56,780;20220204;00:40:00;00:45:00;8;20.48;5
E4S 56,780;20220204;00:45:00;00:50:00;9;19.20;7
E4S 56,780;20220204;00:50:00;00:55:00;10;19.12;17
E4S 56,780;20220204;00:55:00;01:00:00;11;20.46;16
E4S 56,780;20220204;01:00:00;01:05:00;12;18.71;13
E4S 56,780;20220204;01:05:00;01:10:00;13;20.43;26
E4S 56,780;20220204;01:10:00;01:15:00;14;18.54;18
E4S 56,780;20220204;01:15:00;01:20:00;15;18.99;9
E4S 56,780;20220204;01:20:00;01:25:00;16;20.39;10
E4S 56,780;20220204;01:25:00;01:30:00;17;20.10;10
E4S 56,780;20220204;01:30:00;01:35:00;18;19.89;10
E4S 56,780;20220204;01:35:00;01:40:00;19;19.66;16
E4S 56,780;20220204;01:40:00;01:45:00;20;19.16;19
E4S 56,780;20220204;01:45:00;01:50:00;21;19.74;16
E4S 56,780;20220204;01:50:00;01:55:00;22;19.84;10
E4S 56,780;20220204;01:55:00;02:00:00;23;18.42;7
E4S 56,780;20220204;02:00:00;02:05:00;24;20.37;16
E4S 56,780;20220204;02:05:00;02:10:00;25;19.91;16
E4S 56,780;20220204;02:10:00;02:15:00;26;20.40;12
E4S 56,780;20220204;02:15:00;02:20:00;27;19.37;13
E4S 56,780;20220204;02:20:00;02:25:00;28;19.64;20
E4S 56,780;20220204;02:25:00;02:30:00;29;22.05;13
E4S 56,780;20220204;02:30:00;02:35:00;30;19.73;14
E4S 56,780;20220204;02:35:00;02:40:00;31;20.90;19
E4S 56,780;20220204;02:40:00;02:45:00;32;17.78;11
E4S 56,780;20220204;02:45:00;02:50:00;33;21.51;13
E4S 56,780;20220204;02:50:00;02:55:00;34;19.72;11
E4S 56,780;20220204;02:55:00;03:00:00;35;19.86;15
E4S 56,780;20220204;03:00:00;03:05:00;36;20.45;21
E4S 56,780;20220204;03:05:00;03:10:00;37;20.39;20
E4S 56,780;20220204;03:10:00;03:15:00;38;20.42;20
E4S 56,780;20220204;03:15:00;03:20:00;39;19.52;26
E4S 56,780;20220204;03:20:00;03:25:00;40;20.22;21
E4S 56,780;20220204;03:25:00;03:30:00;41;19.82;23
E4S 56,780;20220204;03:30:00;03:35:00;42;19.99;29
E4S 56,780;20220204;03:35:00;03:40:00;43;20.57;23
E4S 56,780;20220204;03:40:00;03:45:00;44;17.78;17
E4S 56,780;20220204;03:45:00;03:50:00;45;19.42;31
E4S 56,780;20220204;03:50:00;03:55:00;46;20.41;40
E4S 56,780;20220204;03:55:00;04:00:00;47;19.47;24
E4S 56,780;20220204;04:00:00;04:05:00;48;20.04;27
E4S 56,780;20220204;04:05:00;04:10:00;49;20.10;51
E4S 56,780;20220204;04:10:00;04:15:00;50;19.79;53
E4S 56,780;20220204;04:15:00;04:20:00;51;21.49;54
E4S 56,780;20220204;04:20:00;04:25:00;52;20.67;69
E4S 56,780;20220204;04:25:00;04:30:00;53;20.64;66
E4S 56,780;20220204;04:30:00;04:35:00;54;20.82;79
E4S 56,780;20220204;04:35:00;04:40:00;55;20.20;85
E4S 56,780;20220204;04:40:00;04:45:00;56;20.83;106
E4S 56,780;20220204;04:45:00;04:50:00;57;20.46;134
E4S 56,780;20220204;04:50:00;04:55:00;58;20.14;162
E4S 56,780;20220204;04:55:00;05:00:00;59;20.51;163
E4S 56,780;20220204;05:00:00;05:05:00;60;20.56;148
E4S 56,780;20220204;05:05:00;05:10:00;61;20.08;139
E4S 56,780;20220204;05:10:00;05:15:00;62;19.80;140
E4S 56,780;20220204;05:15:00;05:20:00;63;20.22;183
E4S 56,780;20220204;05:20:00;05:25:00;64;19.64;235
E4S 56,780;20220204;05:25:00;05:30:00;65;19.28;215
E4S 56,780;20220204;05:30:00;05:35:00;66;18.73;242
E4S 56,780;20220204;05:35:00;05:40:00;67;19.15;263
E4S 56,780;20220204;05:40:00;05:45:00;68;19.55;245
E4S 56,780;20220204;05:45:00;05:50:00;69;19.28;262
E4S 56,780;20220204;05:50:00;05:55:00;70;19.28;270
E4S 56,780;20220204;05:55:00;06:00:00;71;19.53;240
E4S 56,780;20220204;06:00:00;06:05:00;72;19.27;218
E4S 56,780;20220204;06:05:00;06:10:00;73;19.10;224
E4S 56,780;20220204;06:10:00;06:15:00;74;18.98;238
E4S 56,780;20220204;06:15:00;06:20:00;75;18.44;286
E4S 56,780;20220204;06:20:00;06:25:00;76;19.33;245
E4S 56,780;20220204;06:25:00;06:30:00;77;19.35;254
E4S 56,780;20220204;06:30:00;06:35:00;78;18.43;287
E4S 56,780;20220204;06:35:00;06:40:00;79;18.06;325
E4S 56,780;20220204;06:40:00;06:45:00;80;19.26;293
E4S 56,780;20220204;06:45:00;06:50:00;81;18.53;301
E4S 56,780;20220204;06:50:00;06:55:00;82;18.77;280
E4S 56,780;20220204;06:55:00;07:00:00;83;18.57;293
E4S 56,780;20220204;07:00:00;07:05:00;84;18.80;250
E4S 56,780;20220204;07:05:00;07:10:00;85;19.01;241
E4S 56,780;20220204;07:10:00;07:15:00;86;18.88;279
E4S 56,780;20220204;07:15:00;07:20:00;87;19.23;269
E4S 56,780;20220204;07:20:00;07:25:00;88;19.08;261
E4S 56,780;20220204;07:25:00;07:30:00;89;18.17;288
E4S 56,780;20220204;07:30:00;07:35:00;90;18.57;292
E4S 56,780;20220204;07:35:00;07:40:00;91;18.21;307
E4S 56,780;20220204;07:40:00;07:45:00;92;18.87;272
E4S 56,780;20220204;07:45:00;07:50:00;93;18.74;269
E4S 56,780;20220204;07:50:00;07:55:00;94;18.87;266
E4S 56,780;20220204;07:55:00;08:00:00;95;18.99;257
E4S 56,780;20220204;08:00:00;08:05:00;96;18.64;265
E4S 56,780;20220204;08:05:00;08:10:00;97;19.08;230
E4S 56,780;20220204;08:10:00;08:15:00;98;18.69;246
E4S 56,780;20220204;08:15:00;08:20:00;99;18.90;266
E4S 56,780;20220204;08:20:00;08:25:00;100;18.67;269
E4S 56,780;20220204;08:25:00;08:30:00;101;18.25;271
E4S 56,780;20220204;08:30:00;08:35:00;102;18.67;272
E4S 56,780;20220204;08:35:00;08:40:00;103;18.63;276
E4S 56,780;20220204;08:40:00;08:45:00;104;18.76;257
E4S 56,780;20220204;08:45:00;08:50:00;105;18.47;247
E4S 56,780;20220204;08:50:00;08:55:00;106;18.83;260
E4S 56,780;20220204;08:55:00;09:00:00;107;19.00;242
E4S 56,780;20220204;09:00:00;09:05:00;108;19.01;224
E4S 56,780;20220204;09:05:00;09:10:00;109;18.56;256
E4S 56,780;20220204;09:10:00;09:15:00;110;18.47;265
E4S 56,780;20220204;09:15:00;09:20:00;111;18.58;250
E4S 56,780;20220204;09:20:00;09:25:00;112;18.50;273
E4S 56,780;20220204;09:25:00;09:30:00;113;18.81;255
E4S 56,780;20220204;09:30:00;09:35:00;114;18.77;252
E4S 56,780;20220204;09:35:00;09:40:00;115;18.78;267
E4S 56,780;20220204;09:40:00;09:45:00;116;17.85;282
E4S 56,780;20220204;09:45:00;09:50:00;117;18.69;258
E4S 56,780;20220204;09:50:00;09:55:00;118;18.30;286
E4S 56,780;20220204;09:55:00;10:00:00;119;18.44;243
E4S 56,780;20220204;10:00:00;10:05:00;120;18.68;253
E4S 56,780;20220204;10:05:00;10:10:00;121;18.21;280
E4S 56,780;20220204;10:10:00;10:15:00;122;18.80;261
E4S 56,780;20220204;10:15:00;10:20:00;123;18.53;287
E4S 56,780;20220204;10:20:00;10:25:00;124;18.68;262
E4S 56,780;20220204;10:25:00;10:30:00;125;18.95;283
E4S 56,780;20220204;10:30:00;10:35:00;126;18.50;281
E4S 56,780;20220204;10:35:00;10:40:00;127;18.40;268
E4S 56,780;20220204;10:40:00;10:45:00;128;18.59;262
E4S 56,780;20220204;10:45:00;10:50:00;129;18.89;290
E4S 56,780;20220204;10:50:00;10:55:00;130;18.70;276
E4S 56,780;20220204;10:55:00;11:00:00;131;18.63;266
E4S 56,780;20220204;11:00:00;11:05:00;132;18.77;274
E4S 56,780;20220204;11:05:00;11:10:00;133;18.48;297
E4S 56,780;20220204;11:10:00;11:15:00;134;18.40;291
E4S 56,780;20220204;11:15:00;11:20:00;135;17.54;326
E4S 56,780;20220204;11:20:00;11:25:00;136;18.19;319
E4S 56,780;20220204;11:25:00;11:30:00;137;18.48;311
E4S 56,780;20220204;11:30:00;11:35:00;138;18.03;328
E4S 56,780;20220204;11:35:00;11:40:00;139;17.64;334
E4S 56,780;20220204;11:40:00;11:45:00;140;18.34;296
E4S 56,780;20220204;11:45:00;11:50:00;141;18.23;346
E4S 56,780;20220204;11:50:00;11:55:00;142;17.69;344
E4S 56,780;20220204;11:55:00;12:00:00;143;18.39;295
E4S 56,780;20220204;12:00:00;12:05:00;144;18.47;276
E4S 56,780;20220204;12:05:00;12:10:00;145;17.84;360
E4S 56,780;20220204;12:10:00;12:15:00;146;17.75;347
E4S 56,780;20220204;12:15:00;12:20:00;147;17.51;342
E4S 56,780;20220204;12:20:00;12:25:00;148;18.20;283
E4S 56,780;20220204;12:25:00;12:30:00;149;17.86;348
E4S 56,780;20220204;12:30:00;12:35:00;150;18.07;364
E4S 56,780;20220204;12:35:00;12:40:00;151;17.43;379
E4S 56,780;20220204;12:40:00;12:45:00;152;17.74;348
E4S 56,780;20220204;12:45:00;12:50:00;153;18.05;314
E4S 56,780;20220204;12:50:00;12:55:00;154;17.66;351
E4S 56,780;20220204;12:55:00;13:00:00;155;17.54;339
E4S 56,780;20220204;13:00:00;13:05:00;156;17.94;336
E4S 56,780;20220204;13:05:00;13:10:00;157;18.03;323
E4S 56,780;20220204;13:10:00;13:15:00;158;17.38;367
E4S 56,780;20220204;13:15:00;13:20:00;159;17.71;339
E4S 56,780;20220204;13:20:00;13:25:00;160;16.89;416
E4S 56,780;20220204;13:25:00;13:30:00;161;17.29;375
E4S 56,780;20220204;13:30:00;13:35:00;162;17.46;390
E4S 56,780;20220204;13:35:00;13:40:00;163;16.92;369
E4S 56,780;20220204;13:40:00;13:45:00;164;17.07;358
E4S 56,780;20220204;13:45:00;13:50:00;165;17.17;380
E4S 56,780;20220204;13:50:00;13:55:00;166;17.20;379
E4S 56,780;20220204;13:55:00;14:00:00;167;17.67;355
E4S 56,780;20220204;14:00:00;14:05:00;168;16.94;372
E4S 56,780;20220204;14:05:00;14:10:00;169;17.24;372
E4S 56,780;20220204;14:10:00;14:15:00;170;16.28;393
E4S 56,780;20220204;14:15:00;14:20:00;171;15.72;426
E4S 56,780;20220204;14:20:00;14:25:00;172;16.22;361
E4S 56,780;20220204;14:25:00;14:30:00;173;10.49;323
E4S 56,780;20220204;14:30:00;14:35:00;174;12.15;354
E4S 56,780;20220204;14:35:00;14:40:00;175;11.92;369
E4S 56,780;20220204;14:40:00;14:45:00;176;11.13;343
E4S 56,780;20220204;14:45:00;14:50:00;177;10.53;352
E4S 56,780;20220204;14:50:00;14:55:00;178;11.12;344
E4S 56,780;20220204;14:55:00;15:00:00;179;14.26;386
E4S 56,780;20220204;15:00:00;15:05:00;180;14.99;319
E4S 56,780;20220204;15:05:00;15:10:00;181;16.41;291
E4S 56,780;20220204;15:10:00;15:15:00;182;16.59;320
E4S 56,780;20220204;15:15:00;15:20:00;183;16.21;324
E4S 56,780;20220204;15:20:00;15:25:00;184;16.64;330
E4S 56,780;20220204;15:25:00;15:30:00;185;16.54;278
E4S 56,780;20220204;15:30:00;15:35:00;186;15.46;365
E4S 56,780;20220204;15:35:00;15:40:00;187;16.31;310
E4S 56,780;20220204;15:40:00;15:45:00;188;15.72;340
E4S 56,780;20220204;15:45:00;15:50:00;189;15.50;284
E4S 56,780;20220204;15:50:00;15:55:00;190;15.64;286
E4S 56,780;20220204;15:55:00;16:00:00;191;16.48;308
E4S 56,780;20220204;16:00:00;16:05:00;192;17.01;292
E4S 56,780;20220204;16:05:00;16:10:00;193;16.80;302
E4S 56,780;20220204;16:10:00;16:15:00;194;15.99;327
E4S 56,780;20220204;16:15:00;16:20:00;195;17.19;324
E4S 56,780;20220204;16:20:00;16:25:00;196;17.47;285
E4S 56,780;20220204;16:25:00;16:30:00;197;17.13;302
E4S 56,780;20220204;16:30:00;16:35:00;198;17.34;277
E4S 56,780;20220204;16:35:00;16:40:00;199;16.69;330
E4S 56,780;20220204;16:40:00;16:45:00;200;17.58;268
E4S 56,780;20220204;16:45:00;16:50:00;201;18.05;252
E4S 56,780;20220204;16:50:00;16:55:00;202;17.64;250
E4S 56,780;20220204;16:55:00;17:00:00;203;17.90;250
E4S 56,780;20220204;17:00:00;17:05:00;204;17.35;282
E4S 56,780;20220204;17:05:00;17:10:00;205;17.45;284
E4S 56,780;20220204;17:10:00;17:15:00;206;17.01;295
E4S 56,780;20220204;17:15:00;17:20:00;207;17.69;254
E4S 56,780;20220204;17:20:00;17:25:00;208;17.43;254
E4S 56,780;20220204;17:25:00;17:30:00;209;17.60;249
E4S 56,780;20220204;17:30:00;17:35:00;210;16.79;261
E4S 56,780;20220204;17:35:00;17:40:00;211;17.42;260
E4S 56,780;20220204;17:40:00;17:45:00;212;17.77;229
E4S 56,780;20220204;17:45:00;17:50:00;213;17.83;210
E4S 56,780;20220204;17:50:00;17:55:00;214;17.85;210
E4S 56,780;20220204;17:55:00;18:00:00;215;18.01;186
E4S 56,780;20220204;18:00:00;18:05:00;216;18.10;228
E4S 56,780;20220204;18:05:00;18:10:00;217;17.91;220
E4S 56,780;20220204;18:10:00;18:15:00;218;17.75;220
E4S 56,780;20220204;18:15:00;18:20:00;219;17.55;215
E4S 56,780;20220204;18:20:00;18:25:00;220;17.66;191
E4S 56,780;20220204;18:25:00;18:30:00;221;18.03;240
E4S 56,780;20220204;18:30:00;18:35:00;222;18.35;153
E4S 56,780;20220204;18:35:00;18:40:00;223;18.60;167
E4S 56,780;20220204;18:40:00;18:45:00;224;18.81;157
E4S 56,780;20220204;18:45:00;18:50:00;225;18.64;170
E4S 56,780;20220204;18:50:00;18:55:00;226;18.74;164
E4S 56,780;20220204;18:55:00;19:00:00;227;18.48;131
E4S 56,780;20220204;19:00:00;19:05:00;228;18.11;122
E4S 56,780;20220204;19:05:00;19:10:00;229;19.03;141
E4S 56,780;20220204;19:10:00;19:15:00;230;18.53;135
E4S 56,780;20220204;19:15:00;19:20:00;231;18.18;145
E4S 56,780;20220204;19:20:00;19:25:00;232;18.05;152
E4S 56,780;20220204;19:25:00;19:30:00;233;18.64;118
E4S 56,780;20220204;19:30:00;19:35:00;234;18.89;141
E4S 56,780;20220204;19:35:00;19:40:00;235;18.97;131
E4S 56,780;20220204;19:40:00;19:45:00;236;19.02;130
E4S 56,780;20220204;19:45:00;19:50:00;237;18.78;137
E4S 56,780;20220204;19:50:00;19:55:00;238;19.47;134
E4S 56,780;20220204;19:55:00;20:00:00;239;18.67;122
E4S 56,780;20220204;20:00:00;20:05:00;240;19.75;127
E4S 56,780;20220204;20:05:00;20:10:00;241;18.92;112
E4S 56,780;20220204;20:10:00;20:15:00;242;19.23;135
E4S 56,780;20220204;20:15:00;20:20:00;243;18.47;128
E4S 56,780;20220204;20:20:00;20:25:00;244;19.43;146
E4S 56,780;20220204;20:25:00;20:30:00;245;18.79;130
E4S 56,780;20220204;20:30:00;20:35:00;246;19.71;124
E4S 56,780;20220204;20:35:00;20:40:00;247;19.38;105
E4S 56,780;20220204;20:40:00;20:45:00;248;18.90;132
E4S 56,780;20220204;20:45:00;20:50:00;249;19.09;126
E4S 56,780;20220204;20:50:00;20:55:00;250;19.06;104
E4S 56,780;20220204;20:55:00;21:00:00;251;19.33;136
E4S 56,780;20220204;21:00:00;21:05:00;252;19.02;105
E4S 56,780;20220204;21:05:00;21:10:00;253;19.46;107
E4S 56,780;20220204;21:10:00;21:15:00;254;19.36;98
E4S 56,780;20220204;21:15:00;21:20:00;255;19.18;122
E4S 56,780;20220204;21:20:00;21:25:00;256;19.06;122
E4S 56,780;20220204;21:25:00;21:30:00;257;19.66;108
E4S 56,780;20220204;21:30:00;21:35:00;258;18.72;86
E4S 56,780;20220204;21:35:00;21:40:00;259;19.91;96
E4S 56,780;20220204;21:40:00;21:45:00;260;19.21;66
E4S 56,780;20220204;21:45:00;21:50:00;261;20.58;91
E4S 56,780;20220204;21:50:00;21:55:00;262;20.49;78
E4S 56,780;20220204;21:55:00;22:00:00;263;19.77;85
E4S 56,780;20220204;22:00:00;22:05:00;264;19.45;84
E4S 56,780;20220204;22:05:00;22:10:00;265;19.19;83
E4S 56,780;20220204;22:10:00;22:15:00;266;19.94;78
E4S 56,780;20220204;22:15:00;22:20:00;267;19.58;83
E4S 56,780;20220204;22:20:00;22:25:00;268;19.16;77
E4S 56,780;20220204;22:25:00;22:30:00;269;19.41;73
E4S 56,780;20220204;22:30:00;22:35:00;270;20.42;66
E4S 56,780;20220204;22:35:00;22:40:00;271;20.68;55
E4S 56,780;20220204;22:40:00;22:45:00;272;19.76;89
E4S 56,780;20220204;22:45:00;22:50:00;273;20.04;71
E4S 56,780;20220204;22:50:00;22:55:00;274;20.21;79
E4S 56,780;20220204;22:55:00;23:00:00;275;19.44;65
E4S 56,780;20220204;23:00:00;23:05:00;276;20.08;59
E4S 56,780;20220204;23:05:00;23:10:00;277;19.81;66
E4S 56,780;20220204;23:10:00;23:15:00;278;20.41;57
E4S 56,780;20220204;23:15:00;23:20:00;279;19.82;78
E4S 56,780;20220204;23:20:00;23:25:00;280;20.28;74
E4S 56,780;20220204;23:25:00;23:30:00;281;19.90;77
E4S 56,780;20220204;23:30:00;23:35:00;282;19.54;63
E4S 56,780;20220204;23:35:00;23:40:00;283;19.44;47
E4S 56,780;20220204;23:40:00;23:45:00;284;19.09;63
E4S 56,780;20220204;23:45:00;23:50:00;285;20.36;47
E4S 56,780;20220204;23:50:00;23:55:00;286;20.50;52
E4S 56,780;20220204;23:55:00;24:00:00;287;18.91;58
E4S 56,780;20220209;00:00:00;00:05:00;0;19.80;15
E4S 56,780;20220209;00:05:00;00:10:00;1;20.29;16
E4S 56,780;20220209;00:10:00;00:15:00;2;19.04;16
E4S 56,780;20220209;00:15:00;00:20:00;3;19.81;15
E4S 56,780;20220209;00:20:00;00:25:00;4;19.81;21
E4S 56,780;20220209;00:25:00;00:30:00;5;18.72;16
E4S 56,780;20220209;00:30:00;00:35:00;6;19.56;15
E4S 56,780;20220209;00:35:00;00:40:00;7;20.64;13
E4S 56,780;20220209;00:40:00;00:45:00;8;20.45;16
E4S 56,780;20220209;00:45:00;00:50:00;9;19.63;18
E4S 56,780;20220209;00:50:00;00:55:00;10;19.40;17
E4S 56,780;20220209;00:55:00;01:00:00;11;19.84;19
E4S 56,780;20220209;01:00:00;01:05:00;12;18.92;17
E4S 56,780;20220209;01:05:00;01:10:00;13;20.61;18
E4S 56,780;20220209;01:10:00;01:15:00;14;20.16;17
E4S 56,780;20220209;01:15:00;01:20:00;15;19.77;18
E4S 56,780;20220209;01:20:00;01:25:00;16;19.77;21
E4S 56,780;20220209;01:25:00;01:30:00;17;19.43;18
E4S 56,780;20220209;01:30:00;01:35:00;18;18.48;9
E4S 56,780;20220209;01:35:00;01:40:00;19;19.05;17
E4S 56,780;20220209;01:40:00;01:45:00;20;19.40;12
E4S 56,780;20220209;01:45:00;01:50:00;21;19.60;7
E4S 56,780;20220209;01:50:00;01:55:00;22;18.70;14
E4S 56,780;20220209;01:55:00;02:00:00;23;18.58;16
E4S 56,780;20220209;02:00:00;02:05:00;24;20.55;16
E4S 56,780;20220209;02:05:00;02:10:00;25;21.41;18
E4S 56,780;20220209;02:10:00;02:15:00;26;22.17;10
E4S 56,780;20220209;02:15:00;02:20:00;27;19.46;16
E4S 56,780;20220209;02:20:00;02:25:00;28;19.64;15
E4S 56,780;20220209;02:25:00;02:30:00;29;21.56;16
E4S 56,780;20220209;02:30:00;02:35:00;30;20.74;11
E4S 56,780;20220209;02:35:00;02:40:00;31;19.41;12
E4S 56,780;20220209;02:40:00;02:45:00;32;20.06;15
E4S 56,780;20220209;02:45:00;02:50:00;33;19.49;19
E4S 56,780;20220209;02:50:00;02:55:00;34;20.73;23
E4S 56,780;20220209;02:55:00;03:00:00;35;20.45;21
E4S 56,780;20220209;03:00:00;03:05:00;36;21.38;14
E4S 56,780;20220209;03:05:00;03:10:00;37;19.91;26
E4S 56,780;20220209;03:10:00;03:15:00;38;19.41;17
E4S 56,780;20220209;03:15:00;03:20:00;39;20.13;33
E4S 56,780;20220209;03:20:00;03:25:00;40;19.06;21
E4S 56,780;20220209;03:25:00;03:30:00;41;20.09;14
E4S 56,780;20220209;03:30:00;03:35:00;42;20.39;28
E4S 56,780;20220209;03:35:00;03:40:00;43;19.88;31
E4S 56,780;20220209;03:40:00;03:45:00;44;20.31;23
E4S 56,780;20220209;03:45:00;03:50:00;45;19.69;30
E4S 56,780;20220209;03:50:00;03:55:00;46;20.82;35
E4S 56,780;20220209;03:55:00;04:00:00;47;20.68;35
E4S 56,780;20220209;04:00:00;04:05:00;48;19.72;26
E4S 56,780;20220209;04:05:00;04:10:00;49;20.26;49
E4S 56,780;20220209;04:10:00;04:15:00;50;19.90;33
E4S 56,780;20220209;04:15:00;04:20:00;51;20.31;56
E4S 56,780;20220209;04:20:00;04:25:00;52;20.33;61
E4S 56,780;20220209;04:25:00;04:30:00;53;20.98;74
E4S 56,780;20220209;04:30:00;04:35:00;54;20.45;73
E4S 56,780;20220209;04:35:00;04:40:00;55;19.87;118
E4S 56,780;20220209;04:40:00;04:45:00;56;20.48;108
E4S 56,780;20220209;04:45:00;04:50:00;57;18.98;151
E4S 56,780;20220209;04:50:00;04:55:00;58;19.78;205
E4S 56,780;20220209;04:55:00;05:00:00;59;19.74;189
E4S 56,780;20220209;05:00:00;05:05:00;60;20.43;125
E4S 56,780;20220209;05:05:00;05:10:00;61;19.74;169
E4S 56,780;20220209;05:10:00;05:15:00;62;19.68;206
E4S 56,780;20220209;05:15:00;05:20:00;63;18.99;215
E4S 56,780;20220209;05:20:00;05:25:00;64;18.46;245
E4S 56,780;20220209;05:25:00;05:30:00;65;18.97;254
E4S 56,780;20220209;05:30:00;05:35:00;66;19.17;230
E4S 56,780;20220209;05:35:00;05:40:00;67;18.89;225
E4S 56,780;20220209;05:40:00;05:45:00;68;19.47;173
E4S 56,780;20220209;05:45:00;05:50:00;69;18.98;302
E4S 56,780;20220209;05:50:00;05:55:00;70;18.20;337
E4S 56,780;20220209;05:55:00;06:00:00;71;18.26;338
E4S 56,780;20220209;06:00:00;06:05:00;72;18.36;255
E4S 56,780;20220209;06:05:00;06:10:00;73;17.23;288
E4S 56,780;20220209;06:10:00;06:15:00;74;18.39;283
E4S 56,780;20220209;06:15:00;06:20:00;75;17.92;272
E4S 56,780;20220209;06:20:00;06:25:00;76;17.94;293
E4S 56,780;20220209;06:25:00;06:30:00;77;18.06;321
E4S 56,780;20220209;06:30:00;06:35:00;78;17.93;320
E4S 56,780;20220209;06:35:00;06:40:00;79;17.85;286
E4S 56,780;20220209;06:40:00;06:45:00;80;17.56;366
E4S 56,780;20220209;06:45:00;06:50:00;81;17.81;326
E4S 56,780;20220209;06:50:00;06:55:00;82;18.18;308
E4S 56,780;20220209;06:55:00;07:00:00;83;17.53;306
E4S 56,780;20220209;07:00:00;07:05:00;84;17.84;288
E4S 56,780;20220209;07:05:00;07:10:00;85;17.81;295
E4S 56,780;20220209;07:10:00;07:15:00;86;18.26;279
E4S 56,780;20220209;07:15:00;07:20:00;87;17.61;274
E4S 56,780;20220209;07:20:00;07:25:00;88;17.44;317
E4S 56,780;20220209;07:25:00;07:30:00;89;17.35;319
E4S 56,780;20220209;07:30:00;07:35:00;90;16.82;329
E4S 56,780;20220209;07:35:00;07:40:00;91;17.49;314
E4S 56,780;20220209;07:40:00;07:45:00;92;16.93;323
E4S 56,780;20220209;07:45:00;07:50:00;93;16.75;328
E4S 56,780;20220209;07:50:00;07:55:00;94;17.28;311
E4S 56,780;20220209;07:55:00;08:00:00;95;17.45;281
E4S 56,780;20220209;08:00:00;08:05:00;96;16.77;323
E4S 56,780;20220209;08:05:00;08:10:00;97;16.92;286
E4S 56,780;20220209;08:10:00;08:15:00;98;17.53;280
E4S 56,780;20220209;08:15:00;08:20:00;99;17.39;292
E4S 56,780;20220209;08:20:00;08:25:00;100;18.05;258
E4S 56,780;20220209;08:25:00;08:30:00;101;17.83;271
E4S 56,780;20220209;08:30:00;08:35:00;102;17.86;304
E4S 56,780;20220209;08:35:00;08:40:00;103;17.48;289
E4S 56,780;20220209;08:40:00;08:45:00;104;17.60;281
E4S 56,780;20220209;08:45:00;08:50:00;105;17.63;266
E4S 56,780;20220209;08:50:00;08:55:00;106;18.01;276
E4S 56,780;20220209;08:55:00;09:00:00;107;17.64;289
E4S 56,780;20220209;09:00:00;09:05:00;108;17.82;284
E4S 56,780;20220209;09:05:00;09:10:00;109;17.76;257
E4S 56,780;20220209;09:10:00;09:15:00;110;17.75;254
E4S 56,780;20220209;09:15:00;09:20:00;111;17.62;244
E4S 56,780;20220209;09:20:00;09:25:00;112;18.32;264
E4S 56,780;20220209;09:25:00;09:30:00;113;17.73;250
E4S 56,780;20220209;09:30:00;09:35:00;114;17.93;252
E4S 56,780;20220209;09:35:00;09:40:00;115;17.60;256
E4S 56,780;20220209;09:40:00;09:45:00;116;17.27;308
E4S 56,780;20220209;09:45:00;09:50:00;117;18.33;263
E4S 56,780;20220209;09:50:00;09:55:00;118;18.18;240
E4S 56,780;20220209;09:55:00;10:00:00;119;18.62;236
E4S 56,780;20220209;10:00:00;10:05:00;120;18.18;256
E4S 56,780;20220209;10:05:00;10:10:00;121;17.99;291
E4S 56,780;20220209;10:10:00;10:15:00;122;18.18;258
E4S 56,780;20220209;10:15:00;10:20:00;123;18.08;234
E4S 56,780;20220209;10:20:00;10:25:00;124;18.00;271
E4S 56,780;20220209;10:25:00;10:30:00;125;17.25;265
E4S 56,780;20220209;10:30:00;10:35:00;126;17.79;281
E4S 56,780;20220209;10:35:00;10:40:00;127;17.75;292
E4S 56,780;20220209;10:40:00;10:45:00;128;17.34;282
E4S 56,780;20220209;10:45:00;10:50:00;129;18.23;277
E4S 56,780;20220209;10:50:00;10:55:00;130;17.91;282
E4S 56,780;20220209;10:55:00;11:00:00;131;18.17;250
E4S 56,780;20220209;11:00:00;11:05:00;132;18.18;275
E4S 56,780;20220209;11:05:00;11:10:00;133;17.86;319
E4S 56,780;20220209;11:10:00;11:15:00;134;17.67;285
E4S 56,780;20220209;11:15:00;11:20:00;135;18.32;282
E4S 56,780;20220209;11:20:00;11:25:00;136;18.42;274
E4S 56,780;20220209;11:25:00;11:30:00;137;17.51;303
E4S 56,780;20220209;11:30:00;11:35:00;138;17.86;294
E4S 56,780;20220209;11:35:00;11:40:00;139;18.23;273
E4S 56,780;20220209;11:40:00;11:45:00;140;17.80;306
E4S 56,780;20220209;11:45:00;11:50:00;141;17.81;277
E4S 56,780;20220209;11:50:00;11:55:00;142;18.06;279
E4S 56,780;20220209;11:55:00;12:00:00;143;18.00;301
E4S 56,780;20220209;12:00:00;12:05:00;144;18.24;285
E4S 56,780;20220209;12:05:00;12:10:00;145;18.13;305
E4S 56,780;20220209;12:10:00;12:15:00;146;17.75;301
E4S 56,780;20220209;12:15:00;12:20:00;147;18.38;273
E4S 56,780;20220209;12:20:00;12:25:00;148;17.87;303
E4S 56,780;20220209;12:25:00;12:30:00;149;17.75;323
E4S 56,780;20220209;12:30:00;12:35:00;150;17.49;315
E4S 56,780;20220209;12:35:00;12:40:00;151;18.00;279
E4S 56,780;20220209;12:40:00;12:45:00;152;17.20;314
E4S 56,780;20220209;12:45:00;12:50:00;153;17.97;306
E4S 56,780;20220209;12:50:00;12:55:00;154;17.75;282
E4S 56,780;20220209;12:55:00;13:00:00;155;17.78;292
E4S 56,780;20220209;13:00:00;13:05:00;156;18.36;285
E4S 56,780;20220209;13:05:00;13:10:00;157;17.60;331
E4S 56,780;20220209;13:10:00;13:15:00;158;17.68;335
E4S 56,780;20220209;13:15:00;13:20:00;159;17.65;312
E4S 56,780;20220209;13:20:00;13:25:00;160;17.61;314
E4S 56,780;20220209;13:25:00;13:30:00;161;17.88;310
E4S 56,780;20220209;13:30:00;13:35:00;162;17.13;316
E4S 56,780;20220209;13:35:00;13:40:00;163;17.30;314
E4S 56,780;20220209;13:40:00;13:45:00;164;16.02;368
E4S 56,780;20220209;13:45:00;13:50:00;165;17.11;353
E4S 56,780;20220209;13:50:00;13:55:00;166;17.29;316
E4S 56,780;20220209;13:55:00;14:00:00;167;17.64;362
E4S 56,780;20220209;14:00:00;14:05:00;168;13.95;400
E4S 56,780;20220209;14:05:00;14:10:00;169;16.47;370
E4S 56,780;20220209;14:10:00;14:15:00;170;16.77;397
E4S 56,780;20220209;14:15:00;14:20:00;171;16.22;417
E4S 56,780;20220209;14:20:00;14:25:00;172;11.70;314
E4S 56,780;20220209;14:25:00;14:30:00;173;10.70;314
E4S 56,780;20220209;14:30:00;14:35:00;174;10.74;366
E4S 56,780;20220209;14:35:00;14:40:00;175;9.59;281
E4S 56,780;20220209;14:40:00;14:45:00;176;8.77;290
E4S 56,780;20220209;14:45:00;14:50:00;177;8.64;269
E4S 56,780;20220209;14:50:00;14:55:00;178;7.42;238
E4S 56,780;20220209;14:55:00;15:00:00;179;7.34;226
E4S 56,780;20220209;15:00:00;15:05:00;180;6.96;194
E4S 56,780;20220209;15:05:00;15:10:00;181;9.32;269
E4S 56,780;20220209;15:10:00;15:15:00;182;8.18;266
E4S 56,780;20220209;15:15:00;15:20:00;183;8.92;342
E4S 56,780;20220209;15:20:00;15:25:00;184;7.68;284
E4S 56,780;20220209;15:25:00;15:30:00;185;8.74;317
E4S 56,780;20220209;15:30:00;15:35:00;186;9.28;329
E4S 56,780;20220209;15:35:00;15:40:00;187;7.16;264
E4S 56,780;20220209;15:40:00;15:45:00;188;8.81;336
E4S 56,780;20220209;15:45:00;15:50:00;189;9.38;280
E4S 56,780;20220209;15:50:00;15:55:00;190;6.67;254
E4S 56,780;20220209;15:55:00;16:00:00;191;6.77;261
E4S 56,780;20220209;16:00:00;16:05:00;192;7.40;254
E4S 56,780;20220209;16:05:00;16:10:00;193;9.84;317
E4S 56,780;20220209;16:10:00;16:15:00;194;8.07;261
E4S 56,780;20220209;16:15:00;16:20:00;195;9.61;287
E4S 56,780;20220209;16:20:00;16:25:00;196;11.33;298
E4S 56,780;20220209;16:25:00;16:30:00;197;11.13;301
E4S 56,780;20220209;16:30:00;16:35:00;198;10.13;300
E4S 56,780;20220209;16:35:00;16:40:00;199;9.99;286
E4S 56,780;20220209;16:40:00;16:45:00;200;9.56;266
E4S 56,780;20220209;16:45:00;16:50:00;201;11.26;299
E4S 56,780;20220209;16:50:00;16:55:00;202;7.53;271
E4S 56,780;20220209;16:55:00;17:00:00;203;8.30;224
E4S 56,780;20220209;17:00:00;17:05:00;204;14.76;230
E4S 56,780;20220209;17:05:00;17:10:00;205;16.26;243
E4S 56,780;20220209;17:10:00;17:15:00;206;16.72;225
E4S 56,780;20220209;17:15:00;17:20:00;207;16.23;256
E4S 56,780;20220209;17:20:00;17:25:00;208;17.24;220
E4S 56,780;20220209;17:25:00;17:30:00;209;16.89;212
E4S 56,780;20220209;17:30:00;17:35:00;210;15.95;250
E4S 56,780;20220209;17:35:00;17:40:00;211;16.47;223
E4S 56,780;20220209;17:40:00;17:45:00;212;16.91;216
E4S 56,780;20220209;17:45:00;17:50:00;213;16.98;187
E4S 56,780;20220209;17:50:00;17:55:00;214;16.87;211
E4S 56,780;20220209;17:55:00;18:00:00;215;16.91;230
E4S 56,780;20220209;18:00:00;18:05:00;216;17.81;213
E4S 56,780;20220209;18:05:00;18:10:00;217;18.26;202
E4S 56,780;20220209;18:10:00;18:15:00;218;18.59;185
E4S 56,780;20220209;18:15:00;18:20:00;219;18.70;187
E4S 56,780;20220209;18:20:00;18:25:00;220;18.65;185
E4S 56,780;20220209;18:25:00;18:30:00;221;17.77;154
E4S 56,780;20220209;18:30:00;18:35:00;222;18.34;196
E4S 56,780;20220209;18:35:00;18:40:00;223;18.82;167
E4S 56,780;20220209;18:40:00;18:45:00;224;18.71;148
E4S 56,780;20220209;18:45:00;18:50:00;225;18.75;142
E4S 56,780;20220209;18:50:00;18:55:00;226;18.50;142
E4S 56,780;20220209;18:55:00;19:00:00;227;18.69;121
E4S 56,780;20220209;19:00:00;19:05:00;228;18.44;142
E4S 56,780;20220209;19:05:00;19:10:00;229;17.51;123
E4S 56,780;20220209;19:10:00;19:15:00;230;18.24;135
E4S 56,780;20220209;19:15:00;19:20:00;231;18.75;143
E4S 56,780;20220209;19:20:00;19:25:00;232;18.84;167
E4S 56,780;20220209;19:25:00;19:30:00;233;18.09;157
E4S 56,780;20220209;19:30:00;19:35:00;234;18.73;135
E4S 56,780;20220209;19:35:00;19:40:00;235;18.08;160
E4S 56,780;20220209;19:40:00;19:45:00;236;17.83;122
E4S 56,780;20220209;19:45:00;19:50:00;237;18.80;118
E4S 56,780;20220209;19:50:00;19:55:00;238;18.11;105
E4S 56,780;20220209;19:55:00;20:00:00;239;18.67;120
E4S 56,780;20220209;20:00:00;20:05:00;240;18.92;106
E4S 56,780;20220209;20:05:00;20:10:00;241;18.72;122
E4S 56,780;20220209;20:10:00;20:15:00;242;19.67;131
E4S 56,780;20220209;20:15:00;20:20:00;243;19.55;126
E4S 56,780;20220209;20:20:00;20:25:00;244;19.24;115
E4S 56,780;20220209;20:25:00;20:30:00;245;19.28;156
E4S 56,780;20220209;20:30:00;20:35:00;246;19.31;135
E4S 56,780;20220209;20:35:00;20:40:00;247;19.26;100
E4S 56,780;20220209;20:40:00;20:45:00;248;19.70;104
E4S 56,780;20220209;20:45:00;20:50:00;249;19.17;124
E4S 56,780;20220209;20:50:00;20:55:00;250;18.86;100
E4S 56,780;20220209;20:55:00;21:00:00;251;19.73;115
E4S 56,780;20220209;21:00:00;21:05:00;252;19.01;127
E4S 56,780;20220209;21:05:00;21:10:00;253;18.88;133
E4S 56,780;20220209;21:10:00;21:15:00;254;18.94;124
E4S 56,780;20220209;21:15:00;21:20:00;255;19.03;120
E4S 56,780;20220209;21:20:00;21:25:00;256;18.69;138
E4S 56,780;20220209;21:25:00;21:30:00;257;19.40;114
E4S 56,780;20220209;21:30:00;21:35:00;258;19.58;90
E4S 56,780;20220209;21:35:00;21:40:00;259;19.64;87
E4S 56,780;20220209;21:40:00;21:45:00;260;19.37;89
E4S 56,780;20220209;21:45:00;21:50:00;261;19.48;72
E4S 56,780;20220209;21:50:00;21:55:00;262;19.88;83
E4S 56,780;20220209;21:55:00;22:00:00;263;19.74;77
E4S 56,780;20220209;22:00:00;22:05:00;264;19.08;96
E4S 56,780;20220209;22:05:00;22:10:00;265;19.13;84
E4S 56,780;20220209;22:10:00;22:15:00;266;20.29;86
E4S 56,780;20220209;22:15:00;22:20:00;267;19.34;80
E4S 56,780;20220209;22:20:00;22:25:00;268;19.27;78
E4S 56,780;20220209;22:25:00;22:30:00;269;19.12;68
E4S 56,780;20220209;22:30:00;22:35:00;270;19.79;61
E4S 56,780;20220209;22:35:00;22:40:00;271;19.31;72
E4S 56,780;20220209;22:40:00;22:45:00;272;18.40;55
E4S 56,780;20220209;22:45:00;22:50:00;273;19.79;53
E4S 56,780;20220209;22:50:00;22:55:00;274;19.77;44
E4S 56,780;20220209;22:55:00;23:00:00;275;19.32;72
E4S 56,780;20220209;23:00:00;23:05:00;276;19.18;49
E4S 56,780;20220209;23:05:00;23:10:00;277;19.98;52
E4S 56,780;20220209;23:10:00;23:15:00;278;19.41;60
E4S 56,780;20220209;23:15:00;23:20:00;279;21.02;57
E4S 56,780;20220209;23:20:00;23:25:00;280;20.60;60
E4S 56,780;20220209;23:25:00;23:30:00;281;19.55;44
E4S 56,780;20220209;23:30:00;23:35:00;282;19.28;36
E4S 56,780;20220209;23:35:00;23:40:00;283;20.62;42
E4S 56,780;20220209;23:40:00;23:45:00;284;19.74;37
E4S 56,780;20220209;23:45:00;23:50:00;285;19.29;42
E4S 56,780;20220209;23:50:00;23:55:00;286;20.05;30
E4S 56,780;20220209;23:55:00;24:00:00;287;19.88;31
E4S 56,780;20220210;00:00:00;00:05:00;0;20.46;28
E4S 56,780;20220210;00:05:00;00:10:00;1;18.90;37
E4S 56,780;20220210;00:10:00;00:15:00;2;19.82;21
E4S 56,780;20220210;00:15:00;00:20:00;3;19.20;24
E4S 56,780;20220210;00:20:00;00:25:00;4;19.50;30
E4S 56,780;20220210;00:25:00;00:30:00;5;18.56;19
E4S 56,780;20220210;00:30:00;00:35:00;6;20.41;23
E4S 56,780;20220210;00:35:00;00:40:00;7;19.60;26
E4S 56,780;20220210;00:40:00;00:45:00;8;19.21;25
E4S 56,780;20220210;00:45:00;00:50:00;9;19.87;22
E4S 56,780;20220210;00:50:00;00:55:00;10;19.84;35
E4S 56,780;20220210;00:55:00;01:00:00;11;20.36;43
E4S 56,780;20220210;01:00:00;01:05:00;12;19.36;32
E4S 56,780;20220210;01:05:00;01:10:00;13;19.79;37
E4S 56,780;20220210;01:10:00;01:15:00;14;19.19;22
E4S 56,780;20220210;01:15:00;01:20:00;15;19.71;32
E4S 56,780;20220210;01:20:00;01:25:00;16;19.13;25
E4S 56,780;20220210;01:25:00;01:30:00;17;20.16;16
E4S 56,780;20220210;01:30:00;01:35:00;18;20.80;29
E4S 56,780;20220210;01:35:00;01:40:00;19;19.47;25
E4S 56,780;20220210;01:40:00;01:45:00;20;19.05;30
E4S 56,780;20220210;01:45:00;01:50:00;21;19.07;21
E4S 56,780;20220210;01:50:00;01:55:00;22;19.91;15
E4S 56,780;20220210;01:55:00;02:00:00;23;18.34;20
E4S 56,780;20220210;02:00:00;02:05:00;24;19.53;24
E4S 56,780;20220210;02:05:00;02:10:00;25;19.77;23
E4S 56,780;20220210;02:10:00;02:15:00;26;19.40;24
E4S 56,780;20220210;02:15:00;02:20:00;27;19.44;13
E4S 56,780;20220210;02:20:00;02:25:00;28;17.43;32
E4S 56,780;20220210;02:25:00;02:30:00;29;18.53;19
E4S 56,780;20220210;02:30:00;02:35:00;30;20.25;35
E4S 56,780;20220210;02:35:00;02:40:00;31;19.71;34
E4S 56,780;20220210;02:40:00;02:45:00;32;20.47;32
E4S 56,780;20220210;02:45:00;02:50:00;33;20.42;25
E4S 56,780;20220210;02:50:00;02:55:00;34;19.72;29
E4S 56,780;20220210;02:55:00;03:00:00;35;19.26;30
E4S 56,780;20220210;03:00:00;03:05:00;36;19.91;38
E4S 56,780;20220210;03:05:00;03:10:00;37;19.21;19
E4S 56,780;20220210;03:10:00;03:15:00;38;19.38;25
E4S 56,780;20220210;03:15:00;03:20:00;39;20.93;23
E4S 56,780;20220210;03:20:00;03:25:00;40;19.42;33
E4S 56,780;20220210;03:25:00;03:30:00;41;19.81;35
E4S 56,780;20220210;03:30:00;03:35:00;42;18.56;32
E4S 56,780;20220210;03:35:00;03:40:00;43;19.74;37
E4S 56,780;20220210;03:40:00;03:45:00;44;19.53;29
E4S 56,780;20220210;03:45:00;03:50:00;45;20.14;45
E4S 56,780;20220210;03:50:00;03:55:00;46;20.02;41
E4S 56,780;20220210;03:55:00;04:00:00;47;19.74;44
E4S 56,780;20220210;04:00:00;04:05:00;48;20.55;53
E4S 56,780;20220210;04:05:00;04:10:00;49;20.76;45
E4S 56,780;20220210;04:10:00;04:15:00;50;19.64;52
E4S 56,780;20220210;04:15:00;04:20:00;51;19.71;62
E4S 56,780;20220210;04:20:00;04:25:00;52;20.31;87
E4S 56,780;20220210;04:25:00;04:30:00;53;20.76;68
E4S 56,780;20220210;04:30:00;04:35:00;54;19.98;91
E4S 56,780;20220210;04:35:00;04:40:00;55;20.67;96
E4S 56,780;20220210;04:40:00;04:45:00;56;19.85;113
E4S 56,780;20220210;04:45:00;04:50:00;57;19.98;152
E4S 56,780;20220210;04:50:00;04:55:00;58;19.35;195
E4S 56,780;20220210;04:55:00;05:00:00;59;19.80;173
E4S 56,780;20220210;05:00:00;05:05:00;60;19.63;135
E4S 56,780;20220210;05:05:00;05:10:00;61;19.77;169
E4S 56,780;20220210;05:10:00;05:15:00;62;19.37;200
E4S 56,780;20220210;05:15:00;05:20:00;63;19.29;198
E4S 56,780;20220210;05:20:00;05:25:00;64;19.07;234
E4S 56,780;20220210;05:25:00;05:30:00;65;18.98;233
E4S 56,780;20220210;05:30:00;05:35:00;66;18.90;252
E4S 56,780;20220210;05:35:00;05:40:00;67;18.78;248
E4S 56,780;20220210;05:40:00;05:45:00;68;18.46;261
E4S 56,780;20220210;05:45:00;05:50:00;69;18.83;277
E4S 56,780;20220210;05:50:00;05:55:00;70;18.68;274
E4S 56,780;20220210;05:55:00;06:00:00;71;18.96;229
E4S 56,780;20220210;06:00:00;06:05:00;72;18.31;268
E4S 56,780;20220210;06:05:00;06:10:00;73;18.49;224
E4S 56,780;20220210;06:10:00;06:15:00;74;18.74;257
E4S 56,780;20220210;06:15:00;06:20:00;75;17.75;298
E4S 56,780;20220210;06:20:00;06:25:00;76;17.93;306
E4S 56,780;20220210;06:25:00;06:30:00;77;18.06;304
E4S 56,780;20220210;06:30:00;06:35:00;78;17.44;313
E4S 56,780;20220210;06:35:00;06:40:00;79;17.64;313
E4S 56,780;20220210;06:40:00;06:45:00;80;17.68;328
E4S 56,780;20220210;06:45:00;06:50:00;81;17.50;330
E4S 56,780;20220210;06:50:00;06:55:00;82;17.88;262
E4S 56,780;20220210;06:55:00;07:00:00;83;18.16;274
E4S 56,780;20220210;07:00:00;07:05:00;84;18.00;272
E4S 56,780;20220210;07:05:00;07:10:00;85;18.35;264
E4S 56,780;20220210;07:10:00;07:15:00;86;17.90;238
E4S 56,780;20220210;07:15:00;07:20:00;87;17.90;282
E4S 56,780;20220210;07:20:00;07:25:00;88;17.88;269
E4S 56,780;20220210;07:25:00;07:30:00;89;17.51;293
E4S 56,780;20220210;07:30:00;07:35:00;90;17.17;281
E4S 56,780;20220210;07:35:00;07:40:00;91;17.00;293
E4S 56,780;20220210;07:40:00;07:45:00;92;17.89;284
E4S 56,780;20220210;07:45:00;07:50:00;93;16.61;292
E4S 56,780;20220210;07:50:00;07:55:00;94;16.87;320
E4S 56,780;20220210;07:55:00;08:00:00;95;17.17;288
E4S 56,780;20220210;08:00:00;08:05:00;96;16.65;312
E4S 56,780;20220210;08:05:00;08:10:00;97;17.24;279
E4S 56,780;20220210;08:10:00;08:15:00;98;17.96;248
E4S 56,780;20220210;08:15:00;08:20:00;99;17.76;241
E4S 56,780;20220210;08:20:00;08:25:00;100;17.34;250
E4S 56,780;20220210;08:25:00;08:30:00;101;17.80;231
E4S 56,780;20220210;08:30:00;08:35:00;102;17.77;258
E4S 56,780;20220210;08:35:00;08:40:00;103;17.21;255
E4S 56,780;20220210;08:40:00;08:45:00;104;17.21;231
E4S 56,780;20220210;08:45:00;08:50:00;105;17.98;233
E4S 56,780;20220210;08:50:00;08:55:00;106;17.83;264
E4S 56,780;20220210;08:55:00;09:00:00;107;17.18;258
E4S 56,780;20220210;09:00:00;09:05:00;108;17.45;229
E4S 56,780;20220210;09:05:00;09:10:00;109;17.64;240
E4S 56,780;20220210;09:10:00;09:15:00;110;17.59;250
E4S 56,780;20220210;09:15:00;09:20:00;111;17.39;239
E4S 56,780;20220210;09:20:00;09:25:00;112;17.18;239
E4S 56,780;20220210;09:25:00;09:30:00;113;17.61;236
E4S 56,780;20220210;09:30:00;09:35:00;114;17.06;269
E4S 56,780;20220210;09:35:00;09:40:00;115;17.53;234
E4S 56,780;20220210;09:40:00;09:45:00;116;17.11;222
E4S 56,780;20220210;09:45:00;09:50:00;117;16.62;271
E4S 56,780;20220210;09:50:00;09:55:00;118;17.39;234
E4S 56,780;20220210;09:55:00;10:00:00;119;17.13;245
E4S 56,780;20220210;10:00:00;10:05:00;120;17.90;200
E4S 56,780;20220210;10:05:00;10:10:00;121;17.87;233
E4S 56,780;20220210;10:10:00;10:15:00;122;18.12;189
E4S 56,780;20220210;10:15:00;10:20:00;123;10.91;150
E4S 56,780;20220210;10:20:00;10:25:00;124;7.42;93
E4S 56,780;20220210;10:25:00;10:30:00;125;6.79;65
E4S 56,780;20220210;10:30:00;10:35:00;126;6.79;120
E4S 56,780;20220210;10:35:00;10:40:00;127;6.60;61
E4S 56,780;20220210;10:40:00;10:45:00;128;7.53;142
E4S 56,780;20220210;10:45:00;10:50:00;129;8.65;155
E4S 56,780;20220210;10:50:00;10:55:00;130;15.06;323
E4S 56,780;20220210;10:55:00;11:00:00;131;14.31;285
E4S 56,780;20220210;11:00:00;11:05:00;132;14.28;306
E4S 56,780;20220210;11:05:00;11:10:00;133;15.80;266
E4S 56,780;20220210;11:10:00;11:15:00;134;17.83;242
E4S 56,780;20220210;11:15:00;11:20:00;135;16.21;246
E4S 56,780;20220210;11:20:00;11:25:00;136;16.05;250
E4S 56,780;20220210;11:25:00;11:30:00;137;15.32;232
E4S 56,780;20220210;11:30:00;11:35:00;138;17.01;233
E4S 56,780;20220210;11:35:00;11:40:00;139;15.78;260
E4S 56,780;20220210;11:40:00;11:45:00;140;15.61;265
E4S 56,780;20220210;11:45:00;11:50:00;141;15.83;207
E4S 56,780;20220210;11:50:00;11:55:00;142;17.07;251
E4S 56,780;20220210;11:55:00;12:00:00;143;17.13;236
E4S 56,780;20220210;12:00:00;12:05:00;144;17.56;222
E4S 56,780;20220210;12:05:00;12:10:00;145;17.71;223
E4S 56,780;20220210;12:10:00;12:15:00;146;17.71;253
E4S 56,780;20220210;12:15:00;12:20:00;147;18.24;252
E4S 56,780;20220210;12:20:00;12:25:00;148;17.08;272
E4S 56,780;20220210;12:25:00;12:30:00;149;17.90;286
E4S 56,780;20220210;12:30:00;12:35:00;150;17.24;317
E4S 56,780;20220210;12:35:00;12:40:00;151;17.08;289
E4S 56,780;20220210;12:40:00;12:45:00;152;17.71;300
E4S 56,780;20220210;12:45:00;12:50:00;153;17.84;246
E4S 56,780;20220210;12:50:00;12:55:00;154;17.69;241
E4S 56,780;20220210;12:55:00;13:00:00;155;17.78;249
E4S 56,780;20220210;13:00:00;13:05:00;156;16.85;307
E4S 56,780;20220210;13:05:00;13:10:00;157;18.07;258
E4S 56,780;20220210;13:10:00;13:15:00;158;18.09;288
E4S 56,780;20220210;13:15:00;13:20:00;159;17.51;300
E4S 56,780;20220210;13:20:00;13:25:00;160;16.45;302
E4S 56,780;20220210;13:25:00;13:30:00;161;16.95;308
E4S 56,780;20220210;13:30:00;13:35:00;162;16.60;307
E4S 56,780;20220210;13:35:00;13:40:00;163;16.89;328
E4S 56,780;20220210;13:40:00;13:45:00;164;16.99;337
E4S 56,780;20220210;13:45:00;13:50:00;165;16.87;308
E4S 56,780;20220210;13:50:00;13:55:00;166;16.69;304
E4S 56,780;20220210;13:55:00;14:00:00;167;17.15;313
E4S 56,780;20220210;14:00:00;14:05:00;168;16.21;332
E4S 56,780;20220210;14:05:00;14:10:00;169;13.69;300
E4S 56,780;20220210;14:10:00;14:15:00;170;13.16;325
E4S 56,780;20220210;14:15:00;14:20:00;171;9.46;261
E4S 56,780;20220210;14:20:00;14:25:00;172;9.48;315
E4S 56,780;20220210;14:25:00;14:30:00;173;8.76;258
E4S 56,780;20220210;14:30:00;14:35:00;174;8.99;274
E4S 56,780;20220210;14:35:00;14:40:00;175;10.03;288
E4S 56,780;20220210;14:40:00;14:45:00;176;8.45;211
E4S 56,780;20220210;14:45:00;14:50:00;177;9.23;259
E4S 56,780;20220210;14:50:00;14:55:00;178;8.00;225
E4S 56,780;20220210;14:55:00;15:00:00;179;8.22;286
E4S 56,780;20220210;15:00:00;15:05:00;180;7.02;186
E4S 56,780;20220210;15:05:00;15:10:00;181;8.20;254
E4S 56,780;20220210;15:10:00;15:15:00;182;7.75;254
E4S 56,780;20220210;15:15:00;15:20:00;183;7.87;245
E4S 56,780;20220210;15:20:00;15:25:00;184;8.71;293
E4S 56,780;20220210;15:25:00;15:30:00;185;9.07;324
E4S 56,780;20220210;15:30:00;15:35:00;186;7.85;312
E4S 56,780;20220210;15:35:00;15:40:00;187;8.78;286
E4S 56,780;20220210;15:40:00;15:45:00;188;7.98;301
E4S 56,780;20220210;15:45:00;15:50:00;189;7.91;334
E4S 56,780;20220210;15:50:00;15:55:00;190;7.47;320
E4S 56,780;20220210;15:55:00;16:00:00;191;9.10;340
E4S 56,780;20220210;16:00:00;16:05:00;192;7.33;283
E4S 56,780;20220210;16:05:00;16:10:00;193;6.80;310
E4S 56,780;20220210;16:10:00;16:15:00;194;7.81;274
E4S 56,780;20220210;16:15:00;16:20:00;195;9.05;328
E4S 56,780;20220210;16:20:00;16:25:00;196;8.95;324
E4S 56,780;20220210;16:25:00;16:30:00;197;5.41;140
E4S 56,780;20220210;16:30:00;16:35:00;198;5.64;175
E4S 56,780;20220210;16:35:00;16:40:00;199;6.03;167
E4S 56,780;20220210;16:40:00;16:45:00;200;5.92;208
E4S 56,780;20220210;16:45:00;16:50:00;201;11.87;358
E4S 56,780;20220210;16:50:00;16:55:00;202;12.52;344
E4S 56,780;20220210;16:55:00;17:00:00;203;10.12;335
E4S 56,780;20220210;17:00:00;17:05:00;204;11.46;337
E4S 56,780;20220210;17:05:00;17:10:00;205;13.65;353
E4S 56,780;20220210;17:10:00;17:15:00;206;16.61;278
E4S 56,780;20220210;17:15:00;17:20:00;207;16.78;278
E4S 56,780;20220210;17:20:00;17:25:00;208;16.92;246
E4S 56,780;20220210;17:25:00;17:30:00;209;15.70;253
E4S 56,780;20220210;17:30:00;17:35:00;210;15.32;291
E4S 56,780;20220210;17:35:00;17:40:00;211;16.56;259
E4S 56,780;20220210;17:40:00;17:45:00;212;15.98;269
E4S 56,780;20220210;17:45:00;17:50:00;213;16.96;257
E4S 56,780;20220210;17:50:00;17:55:00;214;17.62;222
E4S 56,780;20220210;17:55:00;18:00:00;215;17.12;250
E4S 56,780;20220210;18:00:00;18:05:00;216;18.19;195
E4S 56,780;20220210;18:05:00;18:10:00;217;17.86;223
E4S 56,780;20220210;18:10:00;18:15:00;218;18.52;226
E4S 56,780;20220210;18:15:00;18:20:00;219;18.18;238
E4S 56,780;20220210;18:20:00;18:25:00;220;18.45;188
E4S 56,780;20220210;18:25:00;18:30:00;221;18.52;245
E4S 56,780;20220210;18:30:00;18:35:00;222;18.08;191
E4S 56,780;20220210;18:35:00;18:40:00;223;18.10;203
E4S 56,780;20220210;18:40:00;18:45:00;224;19.05;185
E4S 56,780;20220210;18:45:00;18:50:00;225;19.24;164
E4S 56,780;20220210;18:50:00;18:55:00;226;19.24;174
E4S 56,780;20220210;18:55:00;19:00:00;227;18.41;168
E4S 56,780;20220210;19:00:00;19:05:00;228;19.10;193
E4S 56,780;20220210;19:05:00;19:10:00;229;18.76;173
E4S 56,780;20220210;19:10:00;19:15:00;230;18.70;170
E4S 56,780;20220210;19:15:00;19:20:00;231;18.41;195
E4S 56,780;20220210;19:20:00;19:25:00;232;18.02;154
E4S 56,780;20220210;19:25:00;19:30:00;233;18.20;180
E4S 56,780;20220210;19:30:00;19:35:00;234;18.36;167
E4S 56,780;20220210;19:35:00;19:40:00;235;19.17;130
E4S 56,780;20220210;19:40:00;19:45:00;236;19.32;144
E4S 56,780;20220210;19:45:00;19:50:00;237;19.23;120
E4S 56,780;20220210;19:50:00;19:55:00;238;18.70;139
E4S 56,780;20220210;19:55:00;20:00:00;239;19.03;126
E4S 56,780;20220210;20:00:00;20:05:00;240;19.17;150
E4S 56,780;20220210;20:05:00;20:10:00;241;18.96;114
E4S 56,780;20220210;20:10:00;20:15:00;242;19.11;139
E4S 56,780;20220210;20:15:00;20:20:00;243;18.69;168
E4S 56,780;20220210;20:20:00;20:25:00;244;18.74;159
E4S 56,780;20220210;20:25:00;20:30:00;245;18.56;174
E4S 56,780;20220210;20:30:00;20:35:00;246;18.56;177
E4S 56,780;20220210;20:35:00;20:40:00;247;19.66;136
E4S 56,780;20220210;20:40:00;20:45:00;248;18.86;118
E4S 56,780;20220210;20:45:00;20:50:00;249;19.27;112
E4S 56,780;20220210;20:50:00;20:55:00;250;19.53;130
E4S 56,780;20220210;20:55:00;21:00:00;251;20.67;98
E4S 56,780;20220210;21:00:00;21:05:00;252;19.55;103
E4S 56,780;20220210;21:05:00;21:10:00;253;19.14;120
E4S 56,780;20220210;21:10:00;21:15:00;254;19.02;122
E4S 56,780;20220210;21:15:00;21:20:00;255;19.52;104
E4S 56,780;20220210;21:20:00;21:25:00;256;19.76;91
E4S 56,780;20220210;21:25:00;21:30:00;257;19.01;102
E4S 56,780;20220210;21:30:00;21:35:00;258;18.70;83
E4S 56,780;20220210;21:35:00;21:40:00;259;19.61;73
E4S 56,780;20220210;21:40:00;21:45:00;260;19.95;82
E4S 56,780;20220210;21:45:00;21:50:00;261;19.31;83
E4S 56,780;20220210;21:50:00;21:55:00;262;19.23;81
E4S 56,780;20220210;21:55:00;22:00:00;263;19.50;52
E4S 56,780;20220210;22:00:00;22:05:00;264;18.90;63
E4S 56,780;20220210;22:05:00;22:10:00;265;19.32;61
E4S 56,780;20220210;22:10:00;22:15:00;266;19.36;59
E4S 56,780;20220210;22:15:00;22:20:00;267;19.86;72
E4S 56,780;20220210;22:20:00;22:25:00;268;18.93;57
E4S 56,780;20220210;22:25:00;22:30:00;269;19.56;65
E4S 56,780;20220210;22:30:00;22:35:00;270;19.87;56
E4S 56,780;20220210;22:35:00;22:40:00;271;19.58;46
E4S 56,780;20220210;22:40:00;22:45:00;272;19.54;41
E4S 56,780;20220210;22:45:00;22:50:00;273;18.69;36
E4S 56,780;20220210;22:50:00;22:55:00;274;20.39;49
E4S 56,780;20220210;22:55:00;23:00:00;275;20.21;55
E4S 56,780;20220210;23:00:00;23:05:00;276;19.46;36
E4S 56,780;20220210;23:05:00;23:10:00;277;19.15;37
E4S 56,780;20220210;23:10:00;23:15:00;278;19.48;48
E4S 56,780;20220210;23:15:00;23:20:00;279;19.35;43
E4S 56,780;20220210;23:20:00;23:25:00;280;19.40;38
E4S 56,780;20220210;23:25:00;23:30:00;281;19.49;27
E4S 56,780;20220210;23:30:00;23:35:00;282;20.02;28
E4S 56,780;20220210;23:35:00;23:40:00;283;18.79;45
E4S 56,780;20220210;23:40:00;23:45:00;284;19.26;22
E4S 56,780;20220210;23:45:00;23:50:00;285;20.26;31
E4S 56,780;20220210;23:50:00;23:55:00;286;20.78;24
E4S 56,780;20220210;23:55:00;24:00:00;287;20.79;28
E4S 56,780;20220211;00:00:00;00:05:00;0;19.54;21
E4S 56,780;20220211;00:05:00;00:10:00;1;19.46;15
E4S 56,780;20220211;00:10:00;00:15:00;2;19.72;25
E4S 56,780;20220211;00:15:00;00:20:00;3;20.42;21
E4S 56,780;20220211;00:20:00;00:25:00;4;19.18;19
E4S 56,780;20220211;00:25:00;00:30:00;5;20.04;23
E4S 56,780;20220211;00:30:00;00:35:00;6;18.77;22
E4S 56,780;20220211;00:35:00;00:40:00;7;19.44;17
E4S 56,780;20220211;00:40:00;00:45:00;8;20.54;20
E4S 56,780;20220211;00:45:00;00:50:00;9;20.52;16
E4S 56,780;20220211;00:50:00;00:55:00;10;19.92;20
E4S 56,780;20220211;00:55:00;01:00:00;11;19.69;21
E4S 56,780;20220211;01:00:00;01:05:00;12;19.83;16
E4S 56,780;20220211;01:05:00;01:10:00;13;20.70;16
E4S 56,780;20220211;01:10:00;01:15:00;14;20.44;11
E4S 56,780;20220211;01:15:00;01:20:00;15;17.48;30
E4S 56,780;20220211;01:20:00;01:25:00;16;20.18;23
E4S 56,780;20220211;01:25:00;01:30:00;17;19.40;17
E4S 56,780;20220211;01:30:00;01:35:00;18;18.87;15
E4S 56,780;20220211;01:35:00;01:40:00;19;20.79;19
E4S 56,780;20220211;01:40:00;01:45:00;20;18.89;18
E4S 56,780;20220211;01:45:00;01:50:00;21;19.62;10
E4S 56,780;20220211;01:50:00;01:55:00;22;20.94;13
E4S 56,780;20220211;01:55:00;02:00:00;23;20.17;12
E4S 56,780;20220211;02:00:00;02:05:00;24;20.37;14
E4S 56,780;20220211;02:05:00;02:10:00;25;20.14;16
E4S 56,780;20220211;02:10:00;02:15:00;26;19.34;19
E4S 56,780;20220211;02:15:00;02:20:00;27;18.38;9
E4S 56,780;20220211;02:20:00;02:25:00;28;19.88;12
E4S 56,780;20220211;02:25:00;02:30:00;29;20.79;19
E4S 56,780;20220211;02:30:00;02:35:00;30;20.83;18
E4S 56,780;20220211;02:35:00;02:40:00;31;20.28;23
E4S 56,780;20220211;02:40:00;02:45:00;32;21.48;17
E4S 56,780;20220211;02:45:00;02:50:00;33;19.70;22
E4S 56,780;20220211;02:50:00;02:55:00;34;20.39;18
E4S 56,780;20220211;02:55:00;03:00:00;35;21.22;18
E4S 56,780;20220211;03:00:00;03:05:00;36;20.35;19
E4S 56,780;20220211;03:05:00;03:10:00;37;19.60;11
E4S 56,780;20220211;03:10:00;03:15:00;38;20.55;21
E4S 56,780;20220211;03:15:00;03:20:00;39;20.89;28
E4S 56,780;20220211;03:20:00;03:25:00;40;20.08;23
E4S 56,780;20220211;03:25:00;03:30:00;41;20.48;16
E4S 56,780;20220211;03:30:00;03:35:00;42;19.35;19
E4S 56,780;20220211;03:35:00;03:40:00;43;22.73;19
E4S 56,780;20220211;03:40:00;03:45:00;44;19.32;31
E4S 56,780;20220211;03:45:00;03:50:00;45;19.91;34
E4S 56,780;20220211;03:50:00;03:55:00;46;19.66;32
E4S 56,780;20220211;03:55:00;04:00:00;47;20.14;36
E4S 56,780;20220211;04:00:00;04:05:00;48;20.26;40
E4S 56,780;20220211;04:05:00;04:10:00;49;20.17;34
E4S 56,780;20220211;04:10:00;04:15:00;50;20.13;38
E4S 56,780;20220211;04:15:00;04:20:00;51;20.62;50
E4S 56,780;20220211;04:20:00;04:25:00;52;20.07;59
E4S 56,780;20220211;04:25:00;04:30:00;53;20.73;62
E4S 56,780;20220211;04:30:00;04:35:00;54;20.54;90
E4S 56,780;20220211;04:35:00;04:40:00;55;20.74;90
E4S 56,780;20220211;04:40:00;04:45:00;56;20.39;119
E4S 56,780;20220211;04:45:00;04:50:00;57;20.09;121
E4S 56,780;20220211;04:50:00;04:55:00;58;20.20;154
E4S 56,780;20220211;04:55:00;05:00:00;59;19.97;196
E4S 56,780;20220211;05:00:00;05:05:00;60;20.25;129
E4S 56,780;20220211;05:05:00;05:10:00;61;20.48;138
E4S 56,780;20220211;05:10:00;05:15:00;62;19.83;183
E4S 56,780;20220211;05:15:00;05:20:00;63;19.94;167
E4S 56,780;20220211;05:20:00;05:25:00;64;18.99;206
E4S 56,780;20220211;05:25:00;05:30:00;65;19.35;226
E4S 56,780;20220211;05:30:00;05:35:00;66;19.26;255
E4S 56,780;20220211;05:35:00;05:40:00;67;18.28;239
E4S 56,780;20220211;05:40:00;05:45:00;68;18.64;284
E4S 56,780;20220211;05:45:00;05:50:00;69;18.69;277
E4S 56,780;20220211;05:50:00;05:55:00;70;18.95;260
E4S 56,780;20220211;05:55:00;06:00:00;71;19.62;244
E4S 56,780;20220211;06:00:00;06:05:00;72;19.22;224
E4S 56,780;20220211;06:05:00;06:10:00;73;18.52;211
E4S 56,780;20220211;06:10:00;06:15:00;74;18.62;272
E4S 56,780;20220211;06:15:00;06:20:00;75;18.78;262
E4S 56,780;20220211;06:20:00;06:25:00;76;17.92;296
E4S 56,780;20220211;06:25:00;06:30:00;77;18.30;302
E4S 56,780;20220211;06:30:00;06:35:00;78;17.57;310
E4S 56,780;20220211;06:35:00;06:40:00;79;17.75;301
E4S 56,780;20220211;06:40:00;06:45:00;80;18.35;306
E4S 56,780;20220211;06:45:00;06:50:00;81;18.50;254
E4S 56,780;20220211;06:50:00;06:55:00;82;18.52;314
E4S 56,780;20220211;06:55:00;07:00:00;83;18.10;274
E4S 56,780;20220211;07:00:00;07:05:00;84;17.96;277
E4S 56,780;20220211;07:05:00;07:10:00;85;18.14;249
E4S 56,780;20220211;07:10:00;07:15:00;86;17.77;256
E4S 56,780;20220211;07:15:00;07:20:00;87;18.43;274
E4S 56,780;20220211;07:20:00;07:25:00;88;17.86;274
E4S 56,780;20220211;07:25:00;07:30:00;89;17.45;279
E4S 56,780;20220211;07:30:00;07:35:00;90;16.88;305
E4S 56,780;20220211;07:35:00;07:40:00;91;17.71;293
E4S 56,780;20220211;07:40:00;07:45:00;92;17.42;291
E4S 56,780;20220211;07:45:00;07:50:00;93;18.06;283
E4S 56,780;20220211;07:50:00;07:55:00;94;17.19;290
E4S 56,780;20220211;07:55:00;08:00:00;95;17.38;222
E4S 56,780;20220211;08:00:00;08:05:00;96;18.17;217
E4S 56,780;20220211;08:05:00;08:10:00;97;17.88;270
E4S 56,780;20220211;08:10:00;08:15:00;98;18.07;242
E4S 56,780;20220211;08:15:00;08:20:00;99;17.66;243
E4S 56,780;20220211;08:20:00;08:25:00;100;18.02;212
E4S 56,780;20220211;08:25:00;08:30:00;101;17.54;278
E4S 56,780;20220211;08:30:00;08:35:00;102;17.38;260
E4S 56,780;20220211;08:35:00;08:40:00;103;17.55;267
E4S 56,780;20220211;08:40:00;08:45:00;104;17.61;261
E4S 56,780;20220211;08:45:00;08:50:00;105;18.36;245
E4S 56,780;20220211;08:50:00;08:55:00;106;17.55;245
E4S 56,780;20220211;08:55:00;09:00:00;107;17.69;284
E4S 56,780;20220211;09:00:00;09:05:00;108;17.70;252
E4S 56,780;20220211;09:05:00;09:10:00;109;17.97;273
E4S 56,780;20220211;09:10:00;09:15:00;110;18.39;259
E4S 56,780;20220211;09:15:00;09:20:00;111;18.20;235
E4S 56,780;20220211;09:20:00;09:25:00;112;17.69;261
E4S 56,780;20220211;09:25:00;09:30:00;113;17.92;243
E4S 56,780;20220211;09:30:00;09:35:00;114;17.71;242
E4S 56,780;20220211;09:35:00;09:40:00;115;17.44;285
E4S 56,780;20220211;09:40:00;09:45:00;116;17.44;248
E4S 56,780;20220211;09:45:00;09:50:00;117;17.75;272
E4S 56,780;20220211;09:50:00;09:55:00;118;17.75;254
E4S 56,780;20220211;09:55:00;10:00:00;119;17.79;258
E4S 56,780;20220211;10:00:00;10:05:00;120;17.73;282
E4S 56,780;20220211;10:05:00;10:10:00;121;17.94;263
E4S 56,780;20220211;10:10:00;10:15:00;122;17.97;285
E4S 56,780;20220211;10:15:00;10:20:00;123;18.09;271
E4S 56,780;20220211;10:20:00;10:25:00;124;17.72;284
E4S 56,780;20220211;10:25:00;10:30:00;125;17.05;298
E4S 56,780;20220211;10:30:00;10:35:00;126;18.19;266
E4S 56,780;20220211;10:35:00;10:40:00;127;17.44;283
E4S 56,780;20220211;10:40:00;10:45:00;128;18.36;271
E4S 56,780;20220211;10:45:00;10:50:00;129;18.24;251
E4S 56,780;20220211;10:50:00;10:55:00;130;18.06;278
E4S 56,780;20220211;10:55:00;11:00:00;131;18.00;297
E4S 56,780;20220211;11:00:00;11:05:00;132;18.27;258
E4S 56,780;20220211;11:05:00;11:10:00;133;17.72;301
E4S 56,780;20220211;11:10:00;11:15:00;134;17.77;275
E4S 56,780;20220211;11:15:00;11:20:00;135;18.35;295
E4S 56,780;20220211;11:20:00;11:25:00;136;17.82;307
E4S 56,780;20220211;11:25:00;11:30:00;137;18.16;308
E4S 56,780;20220211;11:30:00;11:35:00;138;17.60;303
E4S 56,780;20220211;11:35:00;11:40:00;139;17.71;293
E4S 56,780;20220211;11:40:00;11:45:00;140;17.63;303
E4S 56,780;20220211;11:45:00;11:50:00;141;17.66;313
E4S 56,780;20220211;11:50:00;11:55:00;142;17.52;301
E4S 56,780;20220211;11:55:00;12:00:00;143;17.80;295
E4S 56,780;20220211;12:00:00;12:05:00;144;18.04;289
E4S 56,780;20220211;12:05:00;12:10:00;145;17.48;291
E4S 56,780;20220211;12:10:00;12:15:00;146;17.53;327
E4S 56,780;20220211;12:15:00;12:20:00;147;17.26;325
E4S 56,780;20220211;12:20:00;12:25:00;148;17.48;315
E4S 56,780;20220211;12:25:00;12:30:00;149;16.62;346
E4S 56,780;20220211;12:30:00;12:35:00;150;16.49;345
E4S 56,780;20220211;12:35:00;12:40:00;151;17.24;376
E4S 56,780;20220211;12:40:00;12:45:00;152;17.64;333
E4S 56,780;20220211;12:45:00;12:50:00;153;17.44;352
E4S 56,780;20220211;12:50:00;12:55:00;154;17.79;288
E4S 56,780;20220211;12:55:00;13:00:00;155;17.66;364
E4S 56,780;20220211;13:00:00;13:05:00;156;17.62;300
E4S 56,780;20220211;13:05:00;13:10:00;157;17.03;328
E4S 56,780;20220211;13:10:00;13:15:00;158;18.08;324
E4S 56,780;20220211;13:15:00;13:20:00;159;16.88;347
E4S 56,780;20220211;13:20:00;13:25:00;160;16.67;383
E4S 56,780;20220211;13:25:00;13:30:00;161;15.81;345
E4S 56,780;20220211;13:30:00;13:35:00;162;15.72;333
E4S 56,780;20220211;13:35:00;13:40:00;163;15.19;336
E4S 56,780;20220211;13:40:00;13:45:00;164;15.34;346
E4S 56,780;20220211;13:45:00;13:50:00;165;15.38;358
E4S 56,780;20220211;13:50:00;13:55:00;166;15.23;366
E4S 56,780;20220211;13:55:00;14:00:00;167;15.13;343
E4S 56,780;20220211;14:00:00;14:05:00;168;15.07;341
E4S 56,780;20220211;14:05:00;14:10:00;169;11.27;294
E4S 56,780;20220211;14:10:00;14:15:00;170;9.68;293
E4S 56,780;20220211;14:15:00;14:20:00;171;8.91;261
E4S 56,780;20220211;14:20:00;14:25:00;172;9.31;287
E4S 56,780;20220211;14:25:00;14:30:00;173;10.09;303
E4S 56,780;20220211;14:30:00;14:35:00;174;9.73;311
E4S 56,780;20220211;14:35:00;14:40:00;175;9.17;252
E4S 56,780;20220211;14:40:00;14:45:00;176;8.74;263
E4S 56,780;20220211;14:45:00;14:50:00;177;7.53;254
E4S 56,780;20220211;14:50:00;14:55:00;178;7.81;237
E4S 56,780;20220211;14:55:00;15:00:00;179;7.22;219
E4S 56,780;20220211;15:00:00;15:05:00;180;7.45;236
E4S 56,780;20220211;15:05:00;15:10:00;181;6.28;169
E4S 56,780;20220211;15:10:00;15:15:00;182;6.74;220
E4S 56,780;20220211;15:15:00;15:20:00;183;7.55;269
E4S 56,780;20220211;15:20:00;15:25:00;184;12.09;362
E4S 56,780;20220211;15:25:00;15:30:00;185;8.97;314
E4S 56,780;20220211;15:30:00;15:35:00;186;10.23;317
E4S 56,780;20220211;15:35:00;15:40:00;187;15.75;246
E4S 56,780;20220211;15:40:00;15:45:00;188;16.79;173
E4S 56,780;20220211;15:45:00;15:50:00;189;16.28;250
E4S 56,780;20220211;15:50:00;15:55:00;190;14.54;335
E4S 56,780;20220211;15:55:00;16:00:00;191;14.19;348
E4S 56,780;20220211;16:00:00;16:05:00;192;14.42;321
E4S 56,780;20220211;16:05:00;16:10:00;193;14.13;351
E4S 56,780;20220211;16:10:00;16:15:00;194;13.84;394
E4S 56,780;20220211;16:15:00;16:20:00;195;15.23;324
E4S 56,780;20220211;16:20:00;16:25:00;196;16.45;296
E4S 56,780;20220211;16:25:00;16:30:00;197;16.43;294
E4S 56,780;20220211;16:30:00;16:35:00;198;16.47;269
E4S 56,780;20220211;16:35:00;16:40:00;199;17.40;260
E4S 56,780;20220211;16:40:00;16:45:00;200;17.65;268
E4S 56,780;20220211;16:45:00;16:50:00;201;17.45;265
E4S 56,780;20220211;16:50:00;16:55:00;202;16.83;232
E4S 56,780;20220211;16:55:00;17:00:00;203;16.81;232
E4S 56,780;20220211;17:00:00;17:05:00;204;17.77;251
E4S 56,780;20220211;17:05:00;17:10:00;205;17.62;224
E4S 56,780;20220211;17:10:00;17:15:00;206;17.67;238
E4S 56,780;20220211;17:15:00;17:20:00;207;17.36;219
E4S 56,780;20220211;17:20:00;17:25:00;208;17.76;214
E4S 56,780;20220211;17:25:00;17:30:00;209;17.90;195
E4S 56,780;20220211;17:30:00;17:35:00;210;17.64;236
E4S 56,780;20220211;17:35:00;17:40:00;211;17.79;211
E4S 56,780;20220211;17:40:00;17:45:00;212;18.10;211
E4S 56,780;20220211;17:45:00;17:50:00;213;18.11;232
E4S 56,780;20220211;17:50:00;17:55:00;214;17.87;213
E4S 56,780;20220211;17:55:00;18:00:00;215;18.26;173
E4S 56,780;20220211;18:00:00;18:05:00;216;17.86;171
E4S 56,780;20220211;18:05:00;18:10:00;217;18.43;148
E4S 56,780;20220211;18:10:00;18:15:00;218;18.27;211
E4S 56,780;20220211;18:15:00;18:20:00;219;18.04;183
E4S 56,780;20220211;18:20:00;18:25:00;220;18.91;211
E4S 56,780;20220211;18:25:00;18:30:00;221;19.05;159
E4S 56,780;20220211;18:30:00;18:35:00;222;18.51;158
E4S 56,780;20220211;18:35:00;18:40:00;223;18.78;131
E4S 56,780;20220211;18:40:00;18:45:00;224;18.76;161
E4S 56,780;20220211;18:45:00;18:50:00;225;19.02;141
E4S 56,780;20220211;18:50:00;18:55:00;226;18.48;126
E4S 56,780;20220211;18:55:00;19:00:00;227;19.16;139
E4S 56,780;20220211;19:00:00;19:05:00;228;18.49;137
E4S 56,780;20220211;19:05:00;19:10:00;229;19.29;160
E4S 56,780;20220211;19:10:00;19:15:00;230;19.02;126
E4S 56,780;20220211;19:15:00;19:20:00;231;18.90;152
E4S 56,780;20220211;19:20:00;19:25:00;232;18.54;139
E4S 56,780;20220211;19:25:00;19:30:00;233;19.13;137
E4S 56,780;20220211;19:30:00;19:35:00;234;19.97;125
E4S 56,780;20220211;19:35:00;19:40:00;235;18.92;132
E4S 56,780;20220211;19:40:00;19:45:00;236;18.67;131
E4S 56,780;20220211;19:45:00;19:50:00;237;19.59;113
E4S 56,780;20220211;19:50:00;19:55:00;238;19.60;117
E4S 56,780;20220211;19:55:00;20:00:00;239;18.74;102
E4S 56,780;20220211;20:00:00;20:05:00;240;19.33;104
E4S 56,780;20220211;20:05:00;20:10:00;241;19.19;140
E4S 56,780;20220211;20:10:00;20:15:00;242;19.50;128
E4S 56,780;20220211;20:15:00;20:20:00;243;19.27;161
E4S 56,780;20220211;20:20:00;20:25:00;244;19.37;125
E4S 56,780;20220211;20:25:00;20:30:00;245;19.17;104
E4S 56,780;20220211;20:30:00;20:35:00;246;19.43;101
E4S 56,780;20220211;20:35:00;20:40:00;247;19.20;106
E4S 56,780;20220211;20:40:00;20:45:00;248;19.28;98
E4S 56,780;20220211;20:45:00;20:50:00;249;19.60;108
E4S 56,780;20220211;20:50:00;20:55:00;250;19.54;82
E4S 56,780;20220211;20:55:00;21:00:00;251;19.99;102
E4S 56,780;20220211;21:00:00;21:05:00;252;20.16;114
E4S 56,780;20220211;21:05:00;21:10:00;253;19.50;95
E4S 56,780;20220211;21:10:00;21:15:00;254;18.78;95
E4S 56,780;20220211;21:15:00;21:20:00;255;19.02;102
E4S 56,780;20220211;21:20:00;21:25:00;256;19.53;107
E4S 56,780;20220211;21:25:00;21:30:00;257;19.26;98
E4S 56,780;20220211;21:30:00;21:35:00;258;19.58;76
E4S 56,780;20220211;21:35:00;21:40:00;259;19.50;76
E4S 56,780;20220211;21:40:00;21:45:00;260;20.56;86
E4S 56,780;20220211;21:45:00;21:50:00;261;19.26;97
E4S 56,780;20220211;21:50:00;21:55:00;262;19.64;65
E4S 56,780;20220211;21:55:00;22:00:00;263;19.27;72
E4S 56,780;20220211;22:00:00;22:05:00;264;19.93;78
E4S 56,780;20220211;22:05:00;22:10:00;265;19.80;90
E4S 56,780;20220211;22:10:00;22:15:00;266;19.94;85
E4S 56,780;20220211;22:15:00;22:20:00;267;19.44;76
E4S 56,780;20220211;22:20:00;22:25:00;268;19.65;64
E4S 56,780;20220211;22:25:00;22:30:00;269;19.73;75
E4S 56,780;20220211;22:30:00;22:35:00;270;19.79;73
E4S 56,780;20220211;22:35:00;22:40:00;271;20.50;58
E4S 56,780;20220211;22:40:00;22:45:00;272;19.96;70
E4S 56,780;20220211;22:45:00;22:50:00;273;20.06;61
E4S 56,780;20220211;22:50:00;22:55:00;274;20.32;62
E4S 56,780;20220211;22:55:00;23:00:00;275;20.17;47
E4S 56,780;20220211;23:00:00;23:05:00;276;19.31;53
E4S 56,780;20220211;23:05:00;23:10:00;277;20.24;71
E4S 56,780;20220211;23:10:00;23:15:00;278;19.51;54
E4S 56,780;20220211;23:15:00;23:20:00;279;19.63;62
E4S 56,780;20220211;23:20:00;23:25:00;280;19.78;46
E4S 56,780;20220211;23:25:00;23:30:00;281;20.48;49
E4S 56,780;20220211;23:30:00;23:35:00;282;20.67;44
E4S 56,780;20220211;23:35:00;23:40:00;283;20.40;46
E4S 56,780;20220211;23:40:00;23:45:00;284;19.84;54
E4S 56,780;20220211;23:45:00;23:50:00;285;19.48;56
E4S 56,780;20220211;23:50:00;23:55:00;286;20.23;46
E4S 56,780;20220211;23:55:00;24:00:00;287;20.25;45
E4S 56,780;20220223;00:00:00;00:05:00;0;21.07;11
E4S 56,780;20220223;00:05:00;00:10:00;1;19.07;12
E4S 56,780;20220223;00:10:00;00:15:00;2;19.46;20
E4S 56,780;20220223;00:15:00;00:20:00;3;18.57;19
E4S 56,780;20220223;00:20:00;00:25:00;4;19.20;14
E4S 56,780;20220223;00:25:00;00:30:00;5;18.99;23
E4S 56,780;20220223;00:30:00;00:35:00;6;18.94;22
E4S 56,780;20220223;00:35:00;00:40:00;7;19.39;19
E4S 56,780;20220223;00:40:00;00:45:00;8;19.12;22
E4S 56,780;20220223;00:45:00;00:50:00;9;19.41;23
E4S 56,780;20220223;00:50:00;00:55:00;10;19.67;13
E4S 56,780;20220223;00:55:00;01:00:00;11;18.84;18
E4S 56,780;20220223;01:00:00;01:05:00;12;19.47;16
E4S 56,780;20220223;01:05:00;01:10:00;13;18.98;16
E4S 56,780;20220223;01:10:00;01:15:00;14;19.73;20
E4S 56,780;20220223;01:15:00;01:20:00;15;19.04;14
E4S 56,780;20220223;01:20:00;01:25:00;16;20.19;20
E4S 56,780;20220223;01:25:00;01:30:00;17;19.50;15
E4S 56,780;20220223;01:30:00;01:35:00;18;20.46;19
E4S 56,780;20220223;01:35:00;01:40:00;19;18.85;18
E4S 56,780;20220223;01:40:00;01:45:00;20;19.51;17
E4S 56,780;20220223;01:45:00;01:50:00;21;19.95;14
E4S 56,780;20220223;01:50:00;01:55:00;22;18.77;8
E4S 56,780;20220223;01:55:00;02:00:00;23;19.13;9
E4S 56,780;20220223;02:00:00;02:05:00;24;18.93;17
E4S 56,780;20220223;02:05:00;02:10:00;25;19.17;15
E4S 56,780;20220223;02:10:00;02:15:00;26;18.88;15
E4S 56,780;20220223;02:15:00;02:20:00;27;19.96;19
E4S 56,780;20220223;02:20:00;02:25:00;28;20.47;14
E4S 56,780;20220223;02:25:00;02:30:00;29;18.26;15
E4S 56,780;20220223;02:30:00;02:35:00;30;19.17;10
E4S 56,780;20220223;02:35:00;02:40:00;31;19.13;14
E4S 56,780;20220223;02:40:00;02:45:00;32;18.61;15
E4S 56,780;20220223;02:45:00;02:50:00;33;18.76;15
E4S 56,780;20220223;02:50:00;02:55:00;34;19.83;13
E4S 56,780;20220223;02:55:00;03:00:00;35;19.41;21
E4S 56,780;20220223;03:00:00;03:05:00;36;18.47;9
E4S 56,780;20220223;03:05:00;03:10:00;37;20.59;22
E4S 56,780;20220223;03:10:00;03:15:00;38;18.99;20
E4S 56,780;20220223;03:15:00;03:20:00;39;18.82;24
E4S 56,780;20220223;03:20:00;03:25:00;40;20.50;19
E4S 56,780;20220223;03:25:00;03:30:00;41;18.99;30
E4S 56,780;20220223;03:30:00;03:35:00;42;18.47;40
E4S 56,780;20220223;03:35:00;03:40:00;43;18.72;32
E4S 56,780;20220223;03:40:00;03:45:00;44;18.95;33
E4S 56,780;20220223;03:45:00;03:50:00;45;19.59;26
E4S 56,780;20220223;03:50:00;03:55:00;46;19.45;34
E4S 56,780;20220223;03:55:00;04:00:00;47;19.37;30
E4S 56,780;20220223;04:00:00;04:05:00;48;19.63;50
E4S 56,780;20220223;04:05:00;04:10:00;49;19.57;43
E4S 56,780;20220223;04:10:00;04:15:00;50;19.38;41
E4S 56,780;20220223;04:15:00;04:20:00;51;20.11;50
E4S 56,780;20220223;04:20:00;04:25:00;52;19.80;59
E4S 56,780;20220223;04:25:00;04:30:00;53;20.00;87
E4S 56,780;20220223;04:30:00;04:35:00;54;19.78;87
E4S 56,780;20220223;04:35:00;04:40:00;55;19.49;108
E4S 56,780;20220223;04:40:00;04:45:00;56;20.13;121
E4S 56,780;20220223;04:45:00;04:50:00;57;19.51;134
E4S 56,780;20220223;04:50:00;04:55:00;58;18.40;197
E4S 56,780;20220223;04:55:00;05:00:00;59;19.03;190
E4S 56,780;20220223;05:00:00;05:05:00;60;19.19;137
E4S 56,780;20220223;05:05:00;05:10:00;61;20.07;156
E4S 56,780;20220223;05:10:00;05:15:00;62;19.63;168
E4S 56,780;20220223;05:15:00;05:20:00;63;18.96;200
E4S 56,780;20220223;05:20:00;05:25:00;64;18.83;226
E4S 56,780;20220223;05:25:00;05:30:00;65;18.64;231
E4S 56,780;20220223;05:30:00;05:35:00;66;18.32;266
E4S 56,780;20220223;05:35:00;05:40:00;67;17.88;271
E4S 56,780;20220223;05:40:00;05:45:00;68;18.21;241
E4S 56,780;20220223;05:45:00;05:50:00;69;17.71;308
E4S 56,780;20220223;05:50:00;05:55:00;70;17.94;317
E4S 56,780;20220223;05:55:00;06:00:00;71;18.43;247
E4S 56,780;20220223;06:00:00;06:05:00;72;17.92;261
E4S 56,780;20220223;06:05:00;06:10:00;73;18.08;267
E4S 56,780;20220223;06:10:00;06:15:00;74;18.18;266
E4S 56,780;20220223;06:15:00;06:20:00;75;17.41;297
E4S 56,780;20220223;06:20:00;06:25:00;76;17.71;266
E4S 56,780;20220223;06:25:00;06:30:00;77;17.15;306
E4S 56,780;20220223;06:30:00;06:35:00;78;17.56;291
E4S 56,780;20220223;06:35:00;06:40:00;79;17.40;293
E4S 56,780;20220223;06:40:00;06:45:00;80;17.66;303
E4S 56,780;20220223;06:45:00;06:50:00;81;18.01;264
E4S 56,780;20220223;06:50:00;06:55:00;82;17.64;269
E4S 56,780;20220223;06:55:00;07:00:00;83;16.94;284
E4S 56,780;20220223;07:00:00;07:05:00;84;17.42;249
E4S 56,780;20220223;07:05:00;07:10:00;85;17.32;280
E4S 56,780;20220223;07:10:00;07:15:00;86;17.85;300
E4S 56,780;20220223;07:15:00;07:20:00;87;17.39;258
E4S 56,780;20220223;07:20:00;07:25:00;88;18.22;268
E4S 56,780;20220223;07:25:00;07:30:00;89;17.54;265
E4S 56,780;20220223;07:30:00;07:35:00;90;17.87;285
E4S 56,780;20220223;07:35:00;07:40:00;91;17.49;313
E4S 56,780;20220223;07:40:00;07:45:00;92;16.93;356
E4S 56,780;20220223;07:45:00;07:50:00;93;17.02;316
E4S 56,780;20220223;07:50:00;07:55:00;94;17.69;267
E4S 56,780;20220223;07:55:00;08:00:00;95;16.59;342
E4S 56,780;20220223;08:00:00;08:05:00;96;17.45;301
E4S 56,780;20220223;08:05:00;08:10:00;97;17.18;290
E4S 56,780;20220223;08:10:00;08:15:00;98;17.30;310
E4S 56,780;20220223;08:15:00;08:20:00;99;15.88;311
E4S 56,780;20220223;08:20:00;08:25:00;100;16.82;322
E4S 56,780;20220223;08:25:00;08:30:00;101;17.36;308
E4S 56,780;20220223;08:30:00;08:35:00;102;17.19;300
E4S 56,780;20220223;08:35:00;08:40:00;103;17.45;288
E4S 56,780;20220223;08:40:00;08:45:00;104;16.85;279
E4S 56,780;20220223;08:45:00;08:50:00;105;16.91;276
E4S 56,780;20220223;08:50:00;08:55:00;106;17.44;263
E4S 56,780;20220223;08:55:00;09:00:00;107;17.50;242
E4S 56,780;20220223;09:00:00;09:05:00;108;17.68;262
E4S 56,780;20220223;09:05:00;09:10:00;109;17.63;259
E4S 56,780;20220223;09:10:00;09:15:00;110;17.70;253
E4S 56,780;20220223;09:15:00;09:20:00;111;16.97;275
E4S 56,780;20220223;09:20:00;09:25:00;112;17.76;240
E4S 56,780;20220223;09:25:00;09:30:00;113;16.99;278
E4S 56,780;20220223;09:30:00;09:35:00;114;17.55;276
E4S 56,780;20220223;09:35:00;09:40:00;115;16.49;257
E4S 56,780;20220223;09:40:00;09:45:00;116;16.78;236
E4S 56,780;20220223;09:45:00;09:50:00;117;16.89;302
E4S 56,780;20220223;09:50:00;09:55:00;118;18.15;263
E4S 56,780;20220223;09:55:00;10:00:00;119;18.37;237
E4S 56,780;20220223;10:00:00;10:05:00;120;18.23;257
E4S 56,780;20220223;10:05:00;10:10:00;121;18.23;266
E4S 56,780;20220223;10:10:00;10:15:00;122;17.96;279
E4S 56,780;20220223;10:15:00;10:20:00;123;17.82;287
E4S 56,780;20220223;10:20:00;10:25:00;124;18.12;250
E4S 56,780;20220223;10:25:00;10:30:00;125;17.71;294
E4S 56,780;20220223;10:30:00;10:35:00;126;17.63;323
E4S 56,780;20220223;10:35:00;10:40:00;127;17.43;317
E4S 56,780;20220223;10:40:00;10:45:00;128;17.66;286
E4S 56,780;20220223;10:45:00;10:50:00;129;18.03;301
E4S 56,780;20220223;10:50:00;10:55:00;130;18.52;246
E4S 56,780;20220223;10:55:00;11:00:00;131;18.33;287
E4S 56,780;20220223;11:00:00;11:05:00;132;18.55;264
E4S 56,780;20220223;11:05:00;11:10:00;133;18.25;297
E4S 56,780;20220223;11:10:00;11:15:00;134;17.94;276
E4S 56,780;20220223;11:15:00;11:20:00;135;17.37;289
E4S 56,780;20220223;11:20:00;11:25:00;136;17.89;280
E4S 56,780;20220223;11:25:00;11:30:00;137;17.07;334
E4S 56,780;20220223;11:30:00;11:35:00;138;18.04;300
E4S 56,780;20220223;11:35:00;11:40:00;139;17.57;306
E4S 56,780;20220223;11:40:00;11:45:00;140;17.95;324
E4S 56,780;20220223;11:45:00;11:50:00;141;18.44;286
E4S 56,780;20220223;11:50:00;11:55:00;142;18.34;284
E4S 56,780;20220223;11:55:00;12:00:00;143;17.85;298
E4S 56,780;20220223;12:00:00;12:05:00;144;18.30;278
E4S 56,780;20220223;12:05:00;12:10:00;145;17.78;300
E4S 56,780;20220223;12:10:00;12:15:00;146;17.84;316
E4S 56,780;20220223;12:15:00;12:20:00;147;17.37;325
E4S 56,780;20220223;12:20:00;12:25:00;148;17.68;318
E4S 56,780;20220223;12:25:00;12:30:00;149;16.84;326
E4S 56,780;20220223;12:30:00;12:35:00;150;17.70;332
E4S 56,780;20220223;12:35:00;12:40:00;151;17.41;293
E4S 56,780;20220223;12:40:00;12:45:00;152;17.44;326
E4S 56,780;20220223;12:45:00;12:50:00;153;18.26;282
E4S 56,780;20220223;12:50:00;12:55:00;154;17.62;291
E4S 56,780;20220223;12:55:00;13:00:00;155;17.75;312
E4S 56,780;20220223;13:00:00;13:05:00;156;17.71;317
E4S 56,780;20220223;13:05:00;13:10:00;157;17.88;314
E4S 56,780;20220223;13:10:00;13:15:00;158;17.75;327
E4S 56,780;20220223;13:15:00;13:20:00;159;17.51;364
E4S 56,780;20220223;13:20:00;13:25:00;160;17.02;366
E4S 56,780;20220223;13:25:00;13:30:00;161;16.80;375
E4S 56,780;20220223;13:30:00;13:35:00;162;17.80;361
E4S 56,780;20220223;13:35:00;13:40:00;163;17.28;369
E4S 56,780;20220223;13:40:00;13:45:00;164;17.02;369
E4S 56,780;20220223;13:45:00;13:50:00;165;16.75;396
E4S 56,780;20220223;13:50:00;13:55:00;166;17.34;387
E4S 56,780;20220223;13:55:00;14:00:00;167;16.99;380
E4S 56,780;20220223;14:00:00;14:05:00;168;16.85;392
E4S 56,780;20220223;14:05:00;14:10:00;169;16.26;421
E4S 56,780;20220223;14:10:00;14:15:00;170;14.66;388
E4S 56,780;20220223;14:15:00;14:20:00;171;10.94;352
E4S 56,780;20220223;14:20:00;14:25:00;172;10.56;362
E4S 56,780;20220223;14:25:00;14:30:00;173;11.58;351
E4S 56,780;20220223;14:30:00;14:35:00;174;9.82;316
E4S 56,780;20220223;14:35:00;14:40:00;175;9.96;346
E4S 56,780;20220223;14:40:00;14:45:00;176;9.49;349
E4S 56,780;20220223;14:45:00;14:50:00;177;10.39;353
E4S 56,780;20220223;14:50:00;14:55:00;178;10.13;365
E4S 56,780;20220223;14:55:00;15:00:00;179;8.13;309
E4S 56,780;20220223;15:00:00;15:05:00;180;9.34;352
E4S 56,780;20220223;15:05:00;15:10:00;181;9.04;378
E4S 56,780;20220223;15:10:00;15:15:00;182;8.87;310
E4S 56,780;20220223;15:15:00;15:20:00;183;7.13;325
E4S 56,780;20220223;15:20:00;15:25:00;184;7.47;303
E4S 56,780;20220223;15:25:00;15:30:00;185;7.58;343
E4S 56,780;20220223;15:30:00;15:35:00;186;6.46;306
E4S 56,780;20220223;15:35:00;15:40:00;187;7.45;317
E4S 56,780;20220223;15:40:00;15:45:00;188;6.83;285
E4S 56,780;20220223;15:45:00;15:50:00;189;8.61;357
E4S 56,780;20220223;15:50:00;15:55:00;190;9.07;338
E4S 56,780;20220223;15:55:00;16:00:00;191;7.63;349
E4S 56,780;20220223;16:00:00;16:05:00;192;8.29;344
E4S 56,780;20220223;16:05:00;16:10:00;193;7.06;330
E4S 56,780;20220223;16:10:00;16:15:00;194;6.63;298
E4S 56,780;20220223;16:15:00;16:20:00;195;5.77;221
E4S 56,780;20220223;16:20:00;16:25:00;196;6.82;308
E4S 56,780;20220223;16:25:00;16:30:00;197;7.15;323
E4S 56,780;20220223;16:30:00;16:35:00;198;9.41;339
E4S 56,780;20220223;16:35:00;16:40:00;199;8.86;359
E4S 56,780;20220223;16:40:00;16:45:00;200;9.74;365
E4S 56,780;20220223;16:45:00;16:50:00;201;9.27;350
E4S 56,780;20220223;16:50:00;16:55:00;202;10.08;358
E4S 56,780;20220223;16:55:00;17:00:00;203;6.29;228
E4S 56,780;20220223;17:00:00;17:05:00;204;7.89;314
E4S 56,780;20220223;17:05:00;17:10:00;205;10.58;347
E4S 56,780;20220223;17:10:00;17:15:00;206;12.86;275
E4S 56,780;20220223;17:15:00;17:20:00;207;13.59;278
E4S 56,780;20220223;17:20:00;17:25:00;208;14.89;280
E4S 56,780;20220223;17:25:00;17:30:00;209;15.58;255
E4S 56,780;20220223;17:30:00;17:35:00;210;15.25;301
E4S 56,780;20220223;17:35:00;17:40:00;211;15.68;286
E4S 56,780;20220223;17:40:00;17:45:00;212;16.48;286
E4S 56,780;20220223;17:45:00;17:50:00;213;16.00;262
E4S 56,780;20220223;17:50:00;17:55:00;214;16.27;274
E4S 56,780;20220223;17:55:00;18:00:00;215;15.42;232
E4S 56,780;20220223;18:00:00;18:05:00;216;16.63;222
E4S 56,780;20220223;18:05:00;18:10:00;217;17.00;232
E4S 56,780;20220223;18:10:00;18:15:00;218;17.02;223
E4S 56,780;20220223;18:15:00;18:20:00;219;16.68;215
E4S 56,780;20220223;18:20:00;18:25:00;220;17.47;222
E4S 56,780;20220223;18:25:00;18:30:00;221;17.76;207
E4S 56,780;20220223;18:30:00;18:35:00;222;17.55;209
E4S 56,780;20220223;18:35:00;18:40:00;223;17.47;183
E4S 56,780;20220223;18:40:00;18:45:00;224;17.85;167
E4S 56,780;20220223;18:45:00;18:50:00;225;18.25;165
E4S 56,780;20220223;18:50:00;18:55:00;226;17.98;166
E4S 56,780;20220223;18:55:00;19:00:00;227;18.00;179
E4S 56,780;20220223;19:00:00;19:05:00;228;17.92;177
E4S 56,780;20220223;19:05:00;19:10:00;229;18.31;186
E4S 56,780;20220223;19:10:00;19:15:00;230;18.31;152
E4S 56,780;20220223;19:15:00;19:20:00;231;17.74;158
E4S 56,780;20220223;19:20:00;19:25:00;232;17.97;195
E4S 56,780;20220223;19:25:00;19:30:00;233;18.22;157
E4S 56,780;20220223;19:30:00;19:35:00;234;18.32;183
E4S 56,780;20220223;19:35:00;19:40:00;235;18.39;148
E4S 56,780;20220223;19:40:00;19:45:00;236;19.11;127
E4S 56,780;20220223;19:45:00;19:50:00;237;19.05;150
E4S 56,780;20220223;19:50:00;19:55:00;238;18.46;145
E4S 56,780;20220223;19:55:00;20:00:00;239;18.96;129
E4S 56,780;20220223;20:00:00;20:05:00;240;18.14;173
E4S 56,780;20220223;20:05:00;20:10:00;241;19.14;144
E4S 56,780;20220223;20:10:00;20:15:00;242;18.84;158
E4S 56,780;20220223;20:15:00;20:20:00;243;18.44;167
E4S 56,780;20220223;20:20:00;20:25:00;244;18.86;150
E4S 56,780;20220223;20:25:00;20:30:00;245;19.31;141
E4S 56,780;20220223;20:30:00;20:35:00;246;18.58;148
E4S 56,780;20220223;20:35:00;20:40:00;247;18.45;111
E4S 56,780;20220223;20:40:00;20:45:00;248;18.45;136
E4S 56,780;20220223;20:45:00;20:50:00;249;18.23;152
E4S 56,780;20220223;20:50:00;20:55:00;250;18.43;114
E4S 56,780;20220223;20:55:00;21:00:00;251;18.64;115
E4S 56,780;20220223;21:00:00;21:05:00;252;19.56;101
E4S 56,780;20220223;21:05:00;21:10:00;253;19.00;102
E4S 56,780;20220223;21:10:00;21:15:00;254;19.33;117
E4S 56,780;20220223;21:15:00;21:20:00;255;19.32;108
E4S 56,780;20220223;21:20:00;21:25:00;256;19.02;82
E4S 56,780;20220223;21:25:00;21:30:00;257;19.22;99
E4S 56,780;20220223;21:30:00;21:35:00;258;19.22;116
E4S 56,780;20220223;21:35:00;21:40:00;259;19.27;77
E4S 56,780;20220223;21:40:00;21:45:00;260;19.61;81
E4S 56,780;20220223;21:45:00;21:50:00;261;19.04;92
E4S 56,780;20220223;21:50:00;21:55:00;262;19.75;56
E4S 56,780;20220223;21:55:00;22:00:00;263;19.47;62
E4S 56,780;20220223;22:00:00;22:05:00;264;19.51;74
E4S 56,780;20220223;22:05:00;22:10:00;265;19.63;77
E4S 56,780;20220223;22:10:00;22:15:00;266;19.50;61
E4S 56,780;20220223;22:15:00;22:20:00;267;19.47;61
E4S 56,780;20220223;22:20:00;22:25:00;268;19.51;56
E4S 56,780;20220223;22:25:00;22:30:00;269;19.43;65
E4S 56,780;20220223;22:30:00;22:35:00;270;19.87;38
E4S 56,780;20220223;22:35:00;22:40:00;271;19.45;48
E4S 56,780;20220223;22:40:00;22:45:00;272;19.62;60
E4S 56,780;20220223;22:45:00;22:50:00;273;19.28;58
E4S 56,780;20220223;22:50:00;22:55:00;274;20.62;45
E4S 56,780;20220223;22:55:00;23:00:00;275;19.50;49
E4S 56,780;20220223;23:00:00;23:05:00;276;19.60;43
E4S 56,780;20220223;23:05:00;23:10:00;277;19.71;42
E4S 56,780;20220223;23:10:00;23:15:00;278;20.76;49
E4S 56,780;20220223;23:15:00;23:20:00;279;20.03;42
E4S 56,780;20220223;23:20:00;23:25:00;280;19.75;33
E4S 56,780;20220223;23:25:00;23:30:00;281;19.75;38
E4S 56,780;20220223;23:30:00;23:35:00;282;19.85;35
E4S 56,780;20220223;23:35:00;23:40:00;283;20.66;22
E4S 56,780;20220223;23:40:00;23:45:00;284;20.81;26
E4S 56,780;20220223;23:45:00;23:50:00;285;20.15;28
E4S 56,780;20220223;23:50:00;23:55:00;286;19.70;25
E4S 56,780;20220223;23:55:00;24:00:00;287;20.34;27
E4S 56,780;20220226;00:00:00;00:05:00;0;19.50;69
E4S 56,780;20220226;00:05:00;00:10:00;1;19.52;50
E4S 56,780;20220226;00:10:00;00:15:00;2;19.76;49
E4S 56,780;20220226;00:15:00;00:20:00;3;20.03;44
E4S 56,780;20220226;00:20:00;00:25:00;4;19.93;50
E4S 56,780;20220226;00:25:00;00:30:00;5;19.70;46
E4S 56,780;20220226;00:30:00;00:35:00;6;19.74;44
E4S 56,780;20220226;00:35:00;00:40:00;7;19.71;26
E4S 56,780;20220226;00:40:00;00:45:00;8;20.54;37
E4S 56,780;20220226;00:45:00;00:50:00;9;18.84;38
E4S 56,780;20220226;00:50:00;00:55:00;10;20.74;25
E4S 56,780;20220226;00:55:00;01:00:00;11;18.76;35
E4S 56,780;20220226;01:00:00;01:05:00;12;19.65;23
E4S 56,780;20220226;01:05:00;01:10:00;13;19.18;42
E4S 56,780;20220226;01:10:00;01:15:00;14;20.00;30
E4S 56,780;20220226;01:15:00;01:20:00;15;20.11;33
E4S 56,780;20220226;01:20:00;01:25:00;16;19.20;33
E4S 56,780;20220226;01:25:00;01:30:00;17;19.80;30
E4S 56,780;20220226;01:30:00;01:35:00;18;19.47;25
E4S 56,780;20220226;01:35:00;01:40:00;19;20.31;26
E4S 56,780;20220226;01:40:00;01:45:00;20;20.72;20
E4S 56,780;20220226;01:45:00;01:50:00;21;20.36;17
E4S 56,780;20220226;01:50:00;01:55:00;22;20.25;22
E4S 56,780;20220226;01:55:00;02:00:00;23;20.84;22
E4S 56,780;20220226;02:00:00;02:05:00;24;21.06;19
E4S 56,780;20220226;02:05:00;02:10:00;25;20.54;15
E4S 56,780;20220226;02:10:00;02:15:00;26;19.29;14
E4S 56,780;20220226;02:15:00;02:20:00;27;20.24;21
E4S 56,780;20220226;02:20:00;02:25:00;28;20.60;26
E4S 56,780;20220226;02:25:00;02:30:00;29;20.44;21
E4S 56,780;20220226;02:30:00;02:35:00;30;20.04;14
E4S 56,780;20220226;02:35:00;02:40:00;31;20.55;19
E4S 56,780;20220226;02:40:00;02:45:00;32;21.31;10
E4S 56,780;20220226;02:45:00;02:50:00;33;20.58;27
E4S 56,780;20220226;02:50:00;02:55:00;34;20.88;17
E4S 56,780;20220226;02:55:00;03:00:00;35;20.83;13
E4S 56,780;20220226;03:00:00;03:05:00;36;19.18;27
E4S 56,780;20220226;03:05:00;03:10:00;37;21.24;21
E4S 56,780;20220226;03:10:00;03:15:00;38;19.98;27
E4S 56,780;20220226;03:15:00;03:20:00;39;20.36;20
E4S 56,780;20220226;03:20:00;03:25:00;40;20.03;16
E4S 56,780;20220226;03:25:00;03:30:00;41;21.27;16
E4S 56,780;20220226;03:30:00;03:35:00;42;19.91;21
E4S 56,780;20220226;03:35:00;03:40:00;43;20.90;13
E4S 56,780;20220226;03:40:00;03:45:00;44;19.58;13
E4S 56,780;20220226;03:45:00;03:50:00;45;20.35;30
E4S 56,780;20220226;03:50:00;03:55:00;46;19.86;31
E4S 56,780;20220226;03:55:00;04:00:00;47;18.46;24
E4S 56,780;20220226;04:00:00;04:05:00;48;19.72;26
E4S 56,780;20220226;04:05:00;04:10:00;49;19.98;21
E4S 56,780;20220226;04:10:00;04:15:00;50;21.03;9
E4S 56,780;20220226;04:15:00;04:20:00;51;22.23;24
E4S 56,780;20220226;04:20:00;04:25:00;52;21.79;28
E4S 56,780;20220226;04:25:00;04:30:00;53;20.35;34
E4S 56,780;20220226;04:30:00;04:35:00;54;20.15;42
E4S 56,780;20220226;04:35:00;04:40:00;55;20.45;24
E4S 56,780;20220226;04:40:00;04:45:00;56;20.86;34
E4S 56,780;20220226;04:45:00;04:50:00;57;19.43;39
E4S 56,780;20220226;04:50:00;04:55:00;58;18.81;34
E4S 56,780;20220226;04:55:00;05:00:00;59;20.69;33
E4S 56,780;20220226;05:00:00;05:05:00;60;20.52;42
E4S 56,780;20220226;05:05:00;05:10:00;61;20.80;34
E4S 56,780;20220226;05:10:00;05:15:00;62;20.22;51
E4S 56,780;20220226;05:15:00;05:20:00;63;20.29;41
E4S 56,780;20220226;05:20:00;05:25:00;64;20.48;35
E4S 56,780;20220226;05:25:00;05:30:00;65;21.03;54
E4S 56,780;20220226;05:30:00;05:35:00;66;20.39;57
E4S 56,780;20220226;05:35:00;05:40:00;67;20.33;58
E4S 56,780;20220226;05:40:00;05:45:00;68;20.43;52
E4S 56,780;20220226;05:45:00;05:50:00;69;20.97;61
E4S 56,780;20220226;05:50:00;05:55:00;70;19.89;51
E4S 56,780;20220226;05:55:00;06:00:00;71;20.27;74
E4S 56,780;20220226;06:00:00;06:05:00;72;22.08;48
E4S 56,780;20220226;06:05:00;06:10:00;73;19.85;49
E4S 56,780;20220226;06:10:00;06:15:00;74;20.71;55
E4S 56,780;20220226;06:15:00;06:20:00;75;20.71;83
E4S 56,780;20220226;06:20:00;06:25:00;76;20.45;64
E4S 56,780;20220226;06:25:00;06:30:00;77;19.98;97
E4S 56,780;20220226;06:30:00;06:35:00;78;20.26;97
E4S 56,780;20220226;06:35:00;06:40:00;79;19.23;77
E4S 56,780;20220226;06:40:00;06:45:00;80;20.12;90
E4S 56,780;20220226;06:45:00;06:50:00;81;20.27;79
E4S 56,780;20220226;06:50:00;06:55:00;82;20.77;76
E4S 56,780;20220226;06:55:00;07:00:00;83;20.88;57
E4S 56,780;20220226;07:00:00;07:05:00;84;20.00;79
E4S 56,780;20220226;07:05:00;07:10:00;85;20.43;83
E4S 56,780;20220226;07:10:00;07:15:00;86;20.41;58
E4S 56,780;20220226;07:15:00;07:20:00;87;19.42;78
E4S 56,780;20220226;07:20:00;07:25:00;88;20.08;80
E4S 56,780;20220226;07:25:00;07:30:00;89;19.75;97
E4S 56,780;20220226;07:30:00;07:35:00;90;19.60;126
E4S 56,780;20220226;07:35:00;07:40:00;91;19.71;79
E4S 56,780;20220226;07:40:00;07:45:00;92;19.64;105
E4S 56,780;20220226;07:45:00;07:50:00;93;19.87;123
E4S 56,780;20220226;07:50:00;07:55:00;94;19.95;123
E4S 56,780;20220226;07:55:00;08:00:00;95;20.00;106
E4S 56,780;20220226;08:00:00;08:05:00;96;20.12;115
E4S 56,780;20220226;08:05:00;08:10:00;97;19.39;114
E4S 56,780;20220226;08:10:00;08:15:00;98;19.82;132
E4S 56,780;20220226;08:15:00;08:20:00;99;20.13;122
E4S 56,780;20220226;08:20:00;08:25:00;100;18.99;140
E4S 56,780;20220226;08:25:00;08:30:00;101;19.77;126
E4S 56,780;20220226;08:30:00;08:35:00;102;19.56;168
E4S 56,780;20220226;08:35:00;08:40:00;103;18.87;181
E4S 56,780;20220226;08:40:00;08:45:00;104;18.71;165
E4S 56,780;20220226;08:45:00;08:50:00;105;18.38;190
E4S 56,780;20220226;08:50:00;08:55:00;106;19.18;179
E4S 56,780;20220226;08:55:00;09:00:00;107;18.75;194
E4S 56,780;20220226;09:00:00;09:05:00;108;18.73;181
E4S 56,780;20220226;09:05:00;09:10:00;109;18.18;212
E4S 56,780;20220226;09:10:00;09:15:00;110;18.56;185
E4S 56,780;20220226;09:15:00;09:20:00;111;18.28;233
E4S 56,780;20220226;09:20:00;09:25:00;112;18.45;213
E4S 56,780;20220226;09:25:00;09:30:00;113;18.59;200
E4S 56,780;20220226;09:30:00;09:35:00;114;18.12;227
E4S 56,780;20220226;09:35:00;09:40:00;115;18.23;226
E4S 56,780;20220226;09:40:00;09:45:00;116;18.16;254
E4S 56,780;20220226;09:45:00;09:50:00;117;18.34;238
E4S 56,780;20220226;09:50:00;09:55:00;118;17.98;261
E4S 56,780;20220226;09:55:00;10:00:00;119;17.73;248
E4S 56,780;20220226;10:00:00;10:05:00;120;18.03;235
E4S 56,780;20220226;10:05:00;10:10:00;121;18.23;236
E4S 56,780;20220226;10:10:00;10:15:00;122;17.83;245
E4S 56,780;20220226;10:15:00;10:20:00;123;17.58;268
E4S 56,780;20220226;10:20:00;10:25:00;124;17.51;244
E4S 56,780;20220226;10:25:00;10:30:00;125;17.66;234
E4S 56,780;20220226;10:30:00;10:35:00;126;17.34;284
E4S 56,780;20220226;10:35:00;10:40:00;127;18.13;261
E4S 56,780;20220226;10:40:00;10:45:00;128;17.51;298
E4S 56,780;20220226;10:45:00;10:50:00;129;17.95;251
E4S 56,780;20220226;10:50:00;10:55:00;130;17.52;258
E4S 56,780;20220226;10:55:00;11:00:00;131;18.43;229
E4S 56,780;20220226;11:00:00;11:05:00;132;17.83;281
E4S 56,780;20220226;11:05:00;11:10:00;133;17.02;313
E4S 56,780;20220226;11:10:00;11:15:00;134;17.93;316
E4S 56,780;20220226;11:15:00;11:20:00;135;17.91;257
E4S 56,780;20220226;11:20:00;11:25:00;136;17.27;338
E4S 56,780;20220226;11:25:00;11:30:00;137;17.85;304
E4S 56,780;20220226;11:30:00;11:35:00;138;17.77;307
E4S 56,780;20220226;11:35:00;11:40:00;139;18.06;301
E4S 56,780;20220226;11:40:00;11:45:00;140;17.28;299
E4S 56,780;20220226;11:45:00;11:50:00;141;17.53;340
E4S 56,780;20220226;11:50:00;11:55:00;142;17.64;288
E4S 56,780;20220226;11:55:00;12:00:00;143;18.00;292
E4S 56,780;20220226;12:00:00;12:05:00;144;17.98;299
E4S 56,780;20220226;12:05:00;12:10:00;145;17.10;307
E4S 56,780;20220226;12:10:00;12:15:00;146;17.37;286
E4S 56,780;20220226;12:15:00;12:20:00;147;17.79;320
E4S 56,780;20220226;12:20:00;12:25:00;148;17.74;317
E4S 56,780;20220226;12:25:00;12:30:00;149;17.59;358
E4S 56,780;20220226;12:30:00;12:35:00;150;17.32;334
E4S 56,780;20220226;12:35:00;12:40:00;151;18.01;311
E4S 56,780;20220226;12:40:00;12:45:00;152;17.42;318
E4S 56,780;20220226;12:45:00;12:50:00;153;17.48;337
E4S 56,780;20220226;12:50:00;12:55:00;154;18.20;248
E4S 56,780;20220226;12:55:00;13:00:00;155;17.63;284
E4S 56,780;20220226;13:00:00;13:05:00;156;17.45;340
E4S 56,780;20220226;13:05:00;13:10:00;157;16.88;366
E4S 56,780;20220226;13:10:00;13:15:00;158;17.79;307
E4S 56,780;20220226;13:15:00;13:20:00;159;17.26;324
E4S 56,780;20220226;13:20:00;13:25:00;160;18.04;289
E4S 56,780;20220226;13:25:00;13:30:00;161;18.07;298
E4S 56,780;20220226;13:30:00;13:35:00;162;17.88;305
E4S 56,780;20220226;13:35:00;13:40:00;163;17.57;293
E4S 56,780;20220226;13:40:00;13:45:00;164;17.59;315
E4S 56,780;20220226;13:45:00;13:50:00;165;17.77;316
E4S 56,780;20220226;13:50:00;13:55:00;166;17.57;307
E4S 56,780;20220226;13:55:00;14:00:00;167;17.35;328
E4S 56,780;20220226;14:00:00;14:05:00;168;16.91;343
E4S 56,780;20220226;14:05:00;14:10:00;169;17.61;343
E4S 56,780;20220226;14:10:00;14:15:00;170;17.86;345
E4S 56,780;20220226;14:15:00;14:20:00;171;17.78;319
E4S 56,780;20220226;14:20:00;14:25:00;172;16.90;345
E4S 56,780;20220226;14:25:00;14:30:00;173;17.50;330
E4S 56,780;20220226;14:30:00;14:35:00;174;17.74;315
E4S 56,780;20220226;14:35:00;14:40:00;175;17.83;307
E4S 56,780;20220226;14:40:00;14:45:00;176;17.55;327
E4S 56,780;20220226;14:45:00;14:50:00;177;17.50;343
E4S 56,780;20220226;14:50:00;14:55:00;178;16.86;342
E4S 56,780;20220226;14:55:00;15:00:00;179;17.35;310
E4S 56,780;20220226;15:00:00;15:05:00;180;16.98;333
E4S 56,780;20220226;15:05:00;15:10:00;181;17.89;296
E4S 56,780;20220226;15:10:00;15:15:00;182;16.54;368
E4S 56,780;20220226;15:15:00;15:20:00;183;17.86;308
E4S 56,780;20220226;15:20:00;15:25:00;184;16.99;353
E4S 56,780;20220226;15:25:00;15:30:00;185;16.56;352
E4S 56,780;20220226;15:30:00;15:35:00;186;17.03;337
E4S 56,780;20220226;15:35:00;15:40:00;187;17.53;323
E4S 56,780;20220226;15:40:00;15:45:00;188;17.97;310
E4S 56,780;20220226;15:45:00;15:50:00;189;17.59;314
E4S 56,780;20220226;15:50:00;15:55:00;190;16.89;356
E4S 56,780;20220226;15:55:00;16:00:00;191;16.80;315
E4S 56,780;20220226;16:00:00;16:05:00;192;17.24;347
E4S 56,780;20220226;16:05:00;16:10:00;193;17.45;294
E4S 56,780;20220226;16:10:00;16:15:00;194;17.88;314
E4S 56,780;20220226;16:15:00;16:20:00;195;17.25;351
E4S 56,780;20220226;16:20:00;16:25:00;196;16.71;329
E4S 56,780;20220226;16:25:00;16:30:00;197;17.01;347
E4S 56,780;20220226;16:30:00;16:35:00;198;16.83;334
E4S 56,780;20220226;16:35:00;16:40:00;199;16.88;315
E4S 56,780;20220226;16:40:00;16:45:00;200;17.51;299
E4S 56,780;20220226;16:45:00;16:50:00;201;17.20;329
E4S 56,780;20220226;16:50:00;16:55:00;202;16.97;331
E4S 56,780;20220226;16:55:00;17:00:00;203;17.63;304
E4S 56,780;20220226;17:00:00;17:05:00;204;17.49;292
E4S 56,780;20220226;17:05:00;17:10:00;205;17.55;282
E4S 56,780;20220226;17:10:00;17:15:00;206;17.66;275
E4S 56,780;20220226;17:15:00;17:20:00;207;17.67;239
E4S 56,780;20220226;17:20:00;17:25:00;208;17.38;266
E4S 56,780;20220226;17:25:00;17:30:00;209;17.20;258
E4S 56,780;20220226;17:30:00;17:35:00;210;17.49;297
E4S 56,780;20220226;17:35:00;17:40:00;211;17.73;246
E4S 56,780;20220226;17:40:00;17:45:00;212;18.00;228
E4S 56,780;20220226;17:45:00;17:50:00;213;17.80;263
E4S 56,780;20220226;17:50:00;17:55:00;214;18.03;260
E4S 56,780;20220226;17:55:00;18:00:00;215;17.99;215
E4S 56,780;20220226;18:00:00;18:05:00;216;17.66;209
E4S 56,780;20220226;18:05:00;18:10:00;217;17.90;210
E4S 56,780;20220226;18:10:00;18:15:00;218;18.52;188
E4S 56,780;20220226;18:15:00;18:20:00;219;18.31;241
E4S 56,780;20220226;18:20:00;18:25:00;220;18.31;186
E4S 56,780;20220226;18:25:00;18:30:00;221;18.15;190
E4S 56,780;20220226;18:30:00;18:35:00;222;18.36;185
E4S 56,780;20220226;18:35:00;18:40:00;223;18.17;192
E4S 56,780;20220226;18:40:00;18:45:00;224;18.21;157
E4S 56,780;20220226;18:45:00;18:50:00;225;18.28;175
E4S 56,780;20220226;18:50:00;18:55:00;226;18.43;189
E4S 56,780;20220226;18:55:00;19:00:00;227;18.61;151
E4S 56,780;20220226;19:00:00;19:05:00;228;18.34;201
E4S 56,780;20220226;19:05:00;19:10:00;229;18.21;166
E4S 56,780;20220226;19:10:00;19:15:00;230;18.80;149
E4S 56,780;20220226;19:15:00;19:20:00;231;17.99;144
E4S 56,780;20220226;19:20:00;19:25:00;232;19.24;159
E4S 56,780;20220226;19:25:00;19:30:00;233;18.59;141
E4S 56,780;20220226;19:30:00;19:35:00;234;17.88;151
E4S 56,780;20220226;19:35:00;19:40:00;235;18.47;148
E4S 56,780;20220226;19:40:00;19:45:00;236;18.33;156
E4S 56,780;20220226;19:45:00;19:50:00;237;18.11;147
E4S 56,780;20220226;19:50:00;19:55:00;238;18.58;173
E4S 56,780;20220226;19:55:00;20:00:00;239;18.92;127
E4S 56,780;20220226;20:00:00;20:05:00;240;18.64;149
E4S 56,780;20220226;20:05:00;20:10:00;241;18.56;161
E4S 56,780;20220226;20:10:00;20:15:00;242;18.70;138
E4S 56,780;20220226;20:15:00;20:20:00;243;18.81;159
E4S 56,780;20220226;20:20:00;20:25:00;244;19.14;159
E4S 56,780;20220226;20:25:00;20:30:00;245;19.17;160
E4S 56,780;20220226;20:30:00;20:35:00;246;18.51;127
E4S 56,780;20220226;20:35:00;20:40:00;247;19.00;138
E4S 56,780;20220226;20:40:00;20:45:00;248;19.46;130
E4S 56,780;20220226;20:45:00;20:50:00;249;19.38;144
E4S 56,780;20220226;20:50:00;20:55:00;250;18.72;141
E4S 56,780;20220226;20:55:00;21:00:00;251;19.17;141
E4S 56,780;20220226;21:00:00;21:05:00;252;19.01;171
E4S 56,780;20220226;21:05:00;21:10:00;253;19.16;143
E4S 56,780;20220226;21:10:00;21:15:00;254;18.65;130
E4S 56,780;20220226;21:15:00;21:20:00;255;19.12;122
E4S 56,780;20220226;21:20:00;21:25:00;256;18.99;132
E4S 56,780;20220226;21:25:00;21:30:00;257;19.59;106
E4S 56,780;20220226;21:30:00;21:35:00;258;18.76;123
E4S 56,780;20220226;21:35:00;21:40:00;259;18.94;97
E4S 56,780;20220226;21:40:00;21:45:00;260;19.03;108
E4S 56,780;20220226;21:45:00;21:50:00;261;19.70;119
E4S 56,780;20220226;21:50:00;21:55:00;262;18.89;101
E4S 56,780;20220226;21:55:00;22:00:00;263;18.84;97
E4S 56,780;20220226;22:00:00;22:05:00;264;19.28;101
E4S 56,780;20220226;22:05:00;22:10:00;265;18.76;109
E4S 56,780;20220226;22:10:00;22:15:00;266;19.54;94
E4S 56,780;20220226;22:15:00;22:20:00;267;19.18;107
E4S 56,780;20220226;22:20:00;22:25:00;268;19.54;114
E4S 56,780;20220226;22:25:00;22:30:00;269;20.12;79
E4S 56,780;20220226;22:30:00;22:35:00;270;19.02;94
E4S 56,780;20220226;22:35:00;22:40:00;271;19.48;87
E4S 56,780;20220226;22:40:00;22:45:00;272;19.12;87
E4S 56,780;20220226;22:45:00;22:50:00;273;19.19;100
E4S 56,780;20220226;22:50:00;22:55:00;274;19.49;69
E4S 56,780;20220226;22:55:00;23:00:00;275;19.31;90
E4S 56,780;20220226;23:00:00;23:05:00;276;19.95;78
E4S 56,780;20220226;23:05:00;23:10:00;277;19.60;73
E4S 56,780;20220226;23:10:00;23:15:00;278;18.56;72
E4S 56,780;20220226;23:15:00;23:20:00;279;20.04;70
E4S 56,780;20220226;23:20:00;23:25:00;280;19.60;67
E4S 56,780;20220226;23:25:00;23:30:00;281;19.43;72
E4S 56,780;20220226;23:30:00;23:35:00;282;20.09;66
E4S 56,780;20220226;23:35:00;23:40:00;283;20.13;88
E4S 56,780;20220226;23:40:00;23:45:00;284;18.80;73
E4S 56,780;20220226;23:45:00;23:50:00;285;20.14;76
E4S 56,780;20220226;23:50:00;23:55:00;286;20.03;66
E4S 56,780;20220226;23:55:00;24:00:00;287;19.93;67
E4S 56,780;20220227;00:00:00;00:05:00;0;19.69;52
E4S 56,780;20220227;00:05:00;00:10:00;1;19.98;65
E4S 56,780;20220227;00:10:00;00:15:00;2;19.19;68
E4S 56,780;20220227;00:15:00;00:20:00;3;19.77;63
E4S 56,780;20220227;00:20:00;00:25:00;4;19.80;49
E4S 56,780;20220227;00:25:00;00:30:00;5;19.65;57
E4S 56,780;20220227;00:30:00;00:35:00;6;20.95;49
E4S 56,780;20220227;00:35:00;00:40:00;7;19.49;49
E4S 56,780;20220227;00:40:00;00:45:00;8;19.44;50
E4S 56,780;20220227;00:45:00;00:50:00;9;19.58;40
E4S 56,780;20220227;00:50:00;00:55:00;10;19.68;45
E4S 56,780;20220227;00:55:00;01:00:00;11;20.31;32
E4S 56,780;20220227;01:00:00;01:05:00;12;19.30;42
E4S 56,780;20220227;01:05:00;01:10:00;13;20.31;46
E4S 56,780;20220227;01:10:00;01:15:00;14;19.81;47
E4S 56,780;20220227;01:15:00;01:20:00;15;19.65;55
E4S 56,780;20220227;01:20:00;01:25:00;16;19.06;53
E4S 56,780;20220227;01:25:00;01:30:00;17;19.75;65
E4S 56,780;20220227;01:30:00;01:35:00;18;19.68;51
E4S 56,780;20220227;01:35:00;01:40:00;19;19.68;58
E4S 56,780;20220227;01:40:00;01:45:00;20;19.52;50
E4S 56,780;20220227;01:45:00;01:50:00;21;19.41;54
E4S 56,780;20220227;01:50:00;01:55:00;22;19.97;49
E4S 56,780;20220227;01:55:00;02:00:00;23;19.59;32
E4S 56,780;20220227;02:00:00;02:05:00;24;19.81;32
E4S 56,780;20220227;02:05:00;02:10:00;25;20.44;35
E4S 56,780;20220227;02:10:00;02:15:00;26;20.03;41
E4S 56,780;20220227;02:15:00;02:20:00;27;21.97;33
E4S 56,780;20220227;02:20:00;02:25:00;28;20.44;40
E4S 56,780;20220227;02:25:00;02:30:00;29;20.06;32
E4S 56,780;20220227;02:30:00;02:35:00;30;20.29;26
E4S 56,780;20220227;02:35:00;02:40:00;31;19.16;25
E4S 56,780;20220227;02:40:00;02:45:00;32;19.96;32
E4S 56,780;20220227;02:45:00;02:50:00;33;19.74;35
E4S 56,780;20220227;02:50:00;02:55:00;34;19.11;28
E4S 56,780;20220227;02:55:00;03:00:00;35;21.09;30
E4S 56,780;20220227;03:00:00;03:05:00;36;20.28;24
E4S 56,780;20220227;03:05:00;03:10:00;37;20.28;23
E4S 56,780;20220227;03:10:00;03:15:00;38;20.26;30
E4S 56,780;20220227;03:15:00;03:20:00;39;20.34;25
E4S 56,780;20220227;03:20:00;03:25:00;40;20.66;27
E4S 56,780;20220227;03:25:00;03:30:00;41;19.96;25
E4S 56,780;20220227;03:30:00;03:35:00;42;20.74;29
E4S 56,780;20220227;03:35:00;03:40:00;43;19.03;18
E4S 56,780;20220227;03:40:00;03:45:00;44;19.66;19
E4S 56,780;20220227;03:45:00;03:50:00;45;20.17;22
E4S 56,780;20220227;03:50:00;03:55:00;46;21.97;23
E4S 56,780;20220227;03:55:00;04:00:00;47;21.03;21
E4S 56,780;20220227;04:00:00;04:05:00;48;19.39;30
E4S 56,780;20220227;04:05:00;04:10:00;49;20.18;17
E4S 56,780;20220227;04:10:00;04:15:00;50;21.64;18
E4S 56,780;20220227;04:15:00;04:20:00;51;19.97;24
E4S 56,780;20220227;04:20:00;04:25:00;52;20.83;31
E4S 56,780;20220227;04:25:00;04:30:00;53;20.35;31
E4S 56,780;20220227;04:30:00;04:35:00;54;19.69;23
E4S 56,780;20220227;04:35:00;04:40:00;55;19.71;32
E4S 56,780;20220227;04:40:00;04:45:00;56;22.13;33
E4S 56,780;20220227;04:45:00;04:50:00;57;19.27;23
E4S 56,780;20220227;04:50:00;04:55:00;58;19.51;28
E4S 56,780;20220227;04:55:00;05:00:00;59;20.43;32
E4S 56,780;20220227;05:00:00;05:05:00;60;20.33;29
E4S 56,780;20220227;05:05:00;05:10:00;61;21.30;33
E4S 56,780;20220227;05:10:00;05:15:00;62;19.06;28
E4S 56,780;20220227;05:15:00;05:20:00;63;19.63;50
E4S 56,780;20220227;05:20:00;05:25:00;64;19.76;38
E4S 56,780;20220227;05:25:00;05:30:00;65;19.50;58
E4S 56,780;20220227;05:30:00;05:35:00;66;20.09;39
E4S 56,780;20220227;05:35:00;05:40:00;67;19.80;58
E4S 56,780;20220227;05:40:00;05:45:00;68;19.60;50
E4S 56,780;20220227;05:45:00;05:50:00;69;20.43;45
E4S 56,780;20220227;05:50:00;05:55:00;70;20.18;51
E4S 56,780;20220227;05:55:00;06:00:00;71;20.77;32
E4S 56,780;20220227;06:00:00;06:05:00;72;20.66;59
E4S 56,780;20220227;06:05:00;06:10:00;73;19.56;45
E4S 56,780;20220227;06:10:00;06:15:00;74;20.29;38
E4S 56,780;20220227;06:15:00;06:20:00;75;21.17;52
E4S 56,780;20220227;06:20:00;06:25:00;76;20.30;64
E4S 56,780;20220227;06:25:00;06:30:00;77;20.58;59
E4S 56,780;20220227;06:30:00;06:35:00;78;19.95;73
E4S 56,780;20220227;06:35:00;06:40:00;79;21.40;67
E4S 56,780;20220227;06:40:00;06:45:00;80;19.91;53
E4S 56,780;20220227;06:45:00;06:50:00;81;20.89;64
E4S 56,780;20220227;06:50:00;06:55:00;82;21.04;60
E4S 56,780;20220227;06:55:00;07:00:00;83;20.60;63
E4S 56,780;20220227;07:00:00;07:05:00;84;20.24;59
E4S 56,780;20220227;07:05:00;07:10:00;85;21.00;54
E4S 56,780;20220227;07:10:00;07:15:00;86;20.26;64
E4S 56,780;20220227;07:15:00;07:20:00;87;20.46;83
E4S 56,780;20220227;07:20:00;07:25:00;88;20.87;61
E4S 56,780;20220227;07:25:00;07:30:00;89;20.40;100
E4S 56,780;20220227;07:30:00;07:35:00;90;20.98;95
E4S 56,780;20220227;07:35:00;07:40:00;91;20.33;87
E4S 56,780;20220227;07:40:00;07:45:00;92;20.81;93
E4S 56,780;20220227;07:45:00;07:50:00;93;20.53;91
E4S 56,780;20220227;07:50:00;07:55:00;94;20.64;93
E4S 56,780;20220227;07:55:00;08:00:00;95;20.81;88
E4S 56,780;20220227;08:00:00;08:05:00;96;20.61;65
E4S 56,780;20220227;08:05:00;08:10:00;97;20.21;94
E4S 56,780;20220227;08:10:00;08:15:00;98;20.53;104
E4S 56,780;20220227;08:15:00;08:20:00;99;20.17;126
E4S 56,780;20220227;08:20:00;08:25:00;100;19.56;97
E4S 56,780;20220227;08:25:00;08:30:00;101;19.64;128
E4S 56,780;20220227;08:30:00;08:35:00;102;19.34;125
E4S 56,780;20220227;08:35:00;08:40:00;103;18.98;139
E4S 56,780;20220227;08:40:00;08:45:00;104;19.60;132
E4S 56,780;20220227;08:45:00;08:50:00;105;20.49;130
E4S 56,780;20220227;08:50:00;08:55:00;106;18.61;158
E4S 56,780;20220227;08:55:00;09:00:00;107;19.08;179
E4S 56,780;20220227;09:00:00;09:05:00;108;18.72;163
E4S 56,780;20220227;09:05:00;09:10:00;109;18.91;167
E4S 56,780;20220227;09:10:00;09:15:00;110;19.08;159
E4S 56,780;20220227;09:15:00;09:20:00;111;19.36;159
E4S 56,780;20220227;09:20:00;09:25:00;112;18.61;197
E4S 56,780;20220227;09:25:00;09:30:00;113;18.86;174
E4S 56,780;20220227;09:30:00;09:35:00;114;17.92;205
E4S 56,780;20220227;09:35:00;09:40:00;115;18.30;216
E4S 56,780;20220227;09:40:00;09:45:00;116;18.12;219
E4S 56,780;20220227;09:45:00;09:50:00;117;18.21;236
E4S 56,780;20220227;09:50:00;09:55:00;118;18.49;228
E4S 56,780;20220227;09:55:00;10:00:00;119;18.19;230
E4S 56,780;20220227;10:00:00;10:05:00;120;17.43;206
E4S 56,780;20220227;10:05:00;10:10:00;121;18.16;192
E4S 56,780;20220227;10:10:00;10:15:00;122;18.61;214
E4S 56,780;20220227;10:15:00;10:20:00;123;17.87;205
E4S 56,780;20220227;10:20:00;10:25:00;124;18.32;233
E4S 56,780;20220227;10:25:00;10:30:00;125;17.80;228
E4S 56,780;20220227;10:30:00;10:35:00;126;17.83;236
E4S 56,780;20220227;10:35:00;10:40:00;127;17.84;255
E4S 56,780;20220227;10:40:00;10:45:00;128;17.85;256
E4S 56,780;20220227;10:45:00;10:50:00;129;18.04;246
E4S 56,780;20220227;10:50:00;10:55:00;130;18.49;244
E4S 56,780;20220227;10:55:00;11:00:00;131;17.85;254
E4S 56,780;20220227;11:00:00;11:05:00;132;18.23;208
E4S 56,780;20220227;11:05:00;11:10:00;133;17.95;238
E4S 56,780;20220227;11:10:00;11:15:00;134;17.88;249
E4S 56,780;20220227;11:15:00;11:20:00;135;18.57;231
E4S 56,780;20220227;11:20:00;11:25:00;136;17.95;279
E4S 56,780;20220227;11:25:00;11:30:00;137;17.66;274
E4S 56,780;20220227;11:30:00;11:35:00;138;18.08;246
E4S 56,780;20220227;11:35:00;11:40:00;139;18.23;282
E4S 56,780;20220227;11:40:00;11:45:00;140;18.30;283
E4S 56,780;20220227;11:45:00;11:50:00;141;17.75;311
E4S 56,780;20220227;11:50:00;11:55:00;142;17.05;330
E4S 56,780;20220227;11:55:00;12:00:00;143;17.71;312
E4S 56,780;20220227;12:00:00;12:05:00;144;17.80;322
E4S 56,780;20220227;12:05:00;12:10:00;145;17.59;299
E4S 56,780;20220227;12:10:00;12:15:00;146;18.18;299
E4S 56,780;20220227;12:15:00;12:20:00;147;18.17;328
E4S 56,780;20220227;12:20:00;12:25:00;148;17.67;307
E4S 56,780;20220227;12:25:00;12:30:00;149;17.56;300
E4S 56,780;20220227;12:30:00;12:35:00;150;18.15;278
E4S 56,780;20220227;12:35:00;12:40:00;151;17.63;314
E4S 56,780;20220227;12:40:00;12:45:00;152;17.70;315
E4S 56,780;20220227;12:45:00;12:50:00;153;17.88;315
E4S 56,780;20220227;12:50:00;12:55:00;154;17.39;311
E4S 56,780;20220227;12:55:00;13:00:00;155;18.00;263
E4S 56,780;20220227;13:00:00;13:05:00;156;17.43;304
E4S 56,780;20220227;13:05:00;13:10:00;157;18.02;292
E4S 56,780;20220227;13:10:00;13:15:00;158;17.67;299
E4S 56,780;20220227;13:15:00;13:20:00;159;17.88;307
E4S 56,780;20220227;13:20:00;13:25:00;160;17.26;323
E4S 56,780;20220227;13:25:00;13:30:00;161;17.49;319
E4S 56,780;20220227;13:30:00;13:35:00;162;18.02;316
E4S 56,780;20220227;13:35:00;13:40:00;163;18.02;315
E4S 56,780;20220227;13:40:00;13:45:00;164;18.09;304
E4S 56,780;20220227;13:45:00;13:50:00;165;18.20;318
E4S 56,780;20220227;13:50:00;13:55:00;166;16.78;328
E4S 56,780;20220227;13:55:00;14:00:00;167;17.50;332
E4S 56,780;20220227;14:00:00;14:05:00;168;17.42;330
E4S 56,780;20220227;14:05:00;14:10:00;169;18.29;333
E4S 56,780;20220227;14:10:00;14:15:00;170;17.52;352
E4S 56,780;20220227;14:15:00;14:20:00;171;18.39;305
E4S 56,780;20220227;14:20:00;14:25:00;172;17.49;343
E4S 56,780;20220227;14:25:00;14:30:00;173;17.58;319
E4S 56,780;20220227;14:30:00;14:35:00;174;17.00;330
E4S 56,780;20220227;14:35:00;14:40:00;175;17.55;316
E4S 56,780;20220227;14:40:00;14:45:00;176;17.30;359
E4S 56,780;20220227;14:45:00;14:50:00;177;17.38;353
E4S 56,780;20220227;14:50:00;14:55:00;178;16.95;349
E4S 56,780;20220227;14:55:00;15:00:00;179;17.80;324
E4S 56,780;20220227;15:00:00;15:05:00;180;17.12;341
E4S 56,780;20220227;15:05:00;15:10:00;181;17.30;353
E4S 56,780;20220227;15:10:00;15:15:00;182;16.91;331
E4S 56,780;20220227;15:15:00;15:20:00;183;16.72;329
E4S 56,780;20220227;15:20:00;15:25:00;184;16.62;367
E4S 56,780;20220227;15:25:00;15:30:00;185;16.74;313
E4S 56,780;20220227;15:30:00;15:35:00;186;16.35;332
E4S 56,780;20220227;15:35:00;15:40:00;187;16.00;339
E4S 56,780;20220227;15:40:00;15:45:00;188;15.23;328
E4S 56,780;20220227;15:45:00;15:50:00;189;12.81;305
E4S 56,780;20220227;15:50:00;15:55:00;190;13.55;360
E4S 56,780;20220227;15:55:00;16:00:00;191;16.42;308
E4S 56,780;20220227;16:00:00;16:05:00;192;17.52;316
E4S 56,780;20220227;16:05:00;16:10:00;193;17.66;325
E4S 56,780;20220227;16:10:00;16:15:00;194;17.01;336
E4S 56,780;20220227;16:15:00;16:20:00;195;16.97;361
E4S 56,780;20220227;16:20:00;16:25:00;196;17.05;339
E4S 56,780;20220227;16:25:00;16:30:00;197;17.34;309
E4S 56,780;20220227;16:30:00;16:35:00;198;17.74;295
E4S 56,780;20220227;16:35:00;16:40:00;199;16.66;305
E4S 56,780;20220227;16:40:00;16:45:00;200;17.12;333
E4S 56,780;20220227;16:45:00;16:50:00;201;17.67;280
E4S 56,780;20220227;16:50:00;16:55:00;202;17.55;268
E4S 56,780;20220227;16:55:00;17:00:00;203;18.13;270
E4S 56,780;20220227;17:00:00;17:05:00;204;17.78;297
E4S 56,780;20220227;17:05:00;17:10:00;205;17.14;318
E4S 56,780;20220227;17:10:00;17:15:00;206;18.00;286
E4S 56,780;20220227;17:15:00;17:20:00;207;17.48;273
E4S 56,780;20220227;17:20:00;17:25:00;208;18.17;206
E4S 56,780;20220227;17:25:00;17:30:00;209;17.11;239
E4S 56,780;20220227;17:30:00;17:35:00;210;17.64;273
E4S 56,780;20220227;17:35:00;17:40:00;211;17.31;261
E4S 56,780;20220227;17:40:00;17:45:00;212;17.71;256
E4S 56,780;20220227;17:45:00;17:50:00;213;17.80;236
E4S 56,780;20220227;17:50:00;17:55:00;214;17.74;283
E4S 56,780;20220227;17:55:00;18:00:00;215;18.55;221
E4S 56,780;20220227;18:00:00;18:05:00;216;17.67;204
E4S 56,780;20220227;18:05:00;18:10:00;217;17.73;247
E4S 56,780;20220227;18:10:00;18:15:00;218;18.42;236
E4S 56,780;20220227;18:15:00;18:20:00;219;18.45;223
E4S 56,780;20220227;18:20:00;18:25:00;220;18.64;194
E4S 56,780;20220227;18:25:00;18:30:00;221;18.33;230
E4S 56,780;20220227;18:30:00;18:35:00;222;17.60;258
E4S 56,780;20220227;18:35:00;18:40:00;223;18.07;216
E4S 56,780;20220227;18:40:00;18:45:00;224;18.67;188
E4S 56,780;20220227;18:45:00;18:50:00;225;18.51;186
E4S 56,780;20220227;18:50:00;18:55:00;226;18.60;196
E4S 56,780;20220227;18:55:00;19:00:00;227;19.08;165
E4S 56,780;20220227;19:00:00;19:05:00;228;18.15;192
E4S 56,780;20220227;19:05:00;19:10:00;229;18.93;168
E4S 56,780;20220227;19:10:00;19:15:00;230;18.45;188
E4S 56,780;20220227;19:15:00;19:20:00;231;18.59;178
E4S 56,780;20220227;19:20:00;19:25:00;232;18.73;172
E4S 56,780;20220227;19:25:00;19:30:00;233;18.50;177
E4S 56,780;20220227;19:30:00;19:35:00;234;18.22;183
E4S 56,780;20220227;19:35:00;19:40:00;235;19.17;179
E4S 56,780;20220227;19:40:00;19:45:00;236;18.57;196
E4S 56,780;20220227;19:45:00;19:50:00;237;18.84;166
E4S 56,780;20220227;19:50:00;19:55:00;238;19.39;154
E4S 56,780;20220227;19:55:00;20:00:00;239;19.09;147
E4S 56,780;20220227;20:00:00;20:05:00;240;19.31;163
E4S 56,780;20220227;20:05:00;20:10:00;241;19.00;170
E4S 56,780;20220227;20:10:00;20:15:00;242;18.81;155
E4S 56,780;20220227;20:15:00;20:20:00;243;18.32;173
E4S 56,780;20220227;20:20:00;20:25:00;244;18.95;144
E4S 56,780;20220227;20:25:00;20:30:00;245;18.89;141
E4S 56,780;20220227;20:30:00;20:35:00;246;19.60;132
E4S 56,780;20220227;20:35:00;20:40:00;247;18.73;122
E4S 56,780;20220227;20:40:00;20:45:00;248;19.39;118
E4S 56,780;20220227;20:45:00;20:50:00;249;19.12;123
E4S 56,780;20220227;20:50:00;20:55:00;250;19.79;96
E4S 56,780;20220227;20:55:00;21:00:00;251;19.31;120
E4S 56,780;20220227;21:00:00;21:05:00;252;19.50;107
E4S 56,780;20220227;21:05:00;21:10:00;253;19.60;108
E4S 56,780;20220227;21:10:00;21:15:00;254;19.31;92
E4S 56,780;20220227;21:15:00;21:20:00;255;19.21;110
E4S 56,780;20220227;21:20:00;21:25:00;256;20.09;91
E4S 56,780;20220227;21:25:00;21:30:00;257;19.69;89
E4S 56,780;20220227;21:30:00;21:35:00;258;19.38;91
E4S 56,780;20220227;21:35:00;21:40:00;259;20.53;76
E4S 56,780;20220227;21:40:00;21:45:00;260;20.09;84
E4S 56,780;20220227;21:45:00;21:50:00;261;19.65;86
E4S 56,780;20220227;21:50:00;21:55:00;262;19.91;59
E4S 56,780;20220227;21:55:00;22:00:00;263;20.27;64
E4S 56,780;20220227;22:00:00;22:05:00;264;19.70;59
E4S 56,780;20220227;22:05:00;22:10:00;265;20.36;53
E4S 56,780;20220227;22:10:00;22:15:00;266;18.83;53
E4S 56,780;20220227;22:15:00;22:20:00;267;19.69;56
E4S 56,780;20220227;22:20:00;22:25:00;268;19.75;59
E4S 56,780;20220227;22:25:00;22:30:00;269;18.58;41
E4S 56,780;20220227;22:30:00;22:35:00;270;19.82;40
E4S 56,780;20220227;22:35:00;22:40:00;271;19.78;36
E4S 56,780;20220227;22:40:00;22:45:00;272;19.81;35
E4S 56,780;20220227;22:45:00;22:50:00;273;19.78;50
E4S 56,780;20220227;22:50:00;22:55:00;274;19.55;34
E4S 56,780;20220227;22:55:00;23:00:00;275;18.94;26
E4S 56,780;20220227;23:00:00;23:05:00;276;20.08;32
E4S 56,780;20220227;23:05:00;23:10:00;277;18.88;48
E4S 56,780;20220227;23:10:00;23:15:00;278;20.06;30
E4S 56,780;20220227;23:15:00;23:20:00;279;20.29;36
E4S 56,780;20220227;23:20:00;23:25:00;280;19.60;30
E4S 56,780;20220227;23:25:00;23:30:00;281;19.73;30
E4S 56,780;20220227;23:30:00;23:35:00;282;20.32;29
E4S 56,780;20220227;23:35:00;23:40:00;283;20.98;21
E4S 56,780;20220227;23:40:00;23:45:00;284;20.84;30
E4S 56,780;20220227;23:45:00;23:50:00;285;20.56;27
E4S 56,780;20220227;23:50:00;23:55:00;286;20.41;27
E4S 56,780;20220227;23:55:00;24:00:00;287;19.45;24
E4S 56,780;20220302;00:00:00;00:05:00;0;20.26;16
E4S 56,780;20220302;00:05:00;00:10:00;1;19.07;13
E4S 56,780;20220302;00:10:00;00:15:00;2;19.50;19
E4S 56,780;20220302;00:15:00;00:20:00;3;20.71;17
E4S 56,780;20220302;00:20:00;00:25:00;4;19.53;18
E4S 56,780;20220302;00:25:00;00:30:00;5;18.25;15
E4S 56,780;20220302;00:30:00;00:35:00;6;19.40;19
E4S 56,780;20220302;00:35:00;00:40:00;7;19.91;16
E4S 56,780;20220302;00:40:00;00:45:00;8;21.66;20
E4S 56,780;20220302;00:45:00;00:50:00;9;20.10;25
E4S 56,780;20220302;00:50:00;00:55:00;10;21.01;22
E4S 56,780;20220302;00:55:00;01:00:00;11;19.77;23
E4S 56,780;20220302;01:00:00;01:05:00;12;19.98;11
E4S 56,780;20220302;01:05:00;01:10:00;13;20.07;18
E4S 56,780;20220302;01:10:00;01:15:00;14;19.69;22
E4S 56,780;20220302;01:15:00;01:20:00;15;20.50;12
E4S 56,780;20220302;01:20:00;01:25:00;16;17.80;22
E4S 56,780;20220302;01:25:00;01:30:00;17;20.24;27
E4S 56,780;20220302;01:30:00;01:35:00;18;19.55;25
E4S 56,780;20220302;01:35:00;01:40:00;19;18.94;15
E4S 56,780;20220302;01:40:00;01:45:00;20;19.21;12
E4S 56,780;20220302;01:45:00;01:50:00;21;20.58;14
E4S 56,780;20220302;01:50:00;01:55:00;22;18.46;11
E4S 56,780;20220302;01:55:00;02:00:00;23;19.92;11
E4S 56,780;20220302;02:00:00;02:05:00;24;19.55;13
E4S 56,780;20220302;02:05:00;02:10:00;25;20.36;8
E4S 56,780;20220302;02:10:00;02:15:00;26;19.21;22
E4S 56,780;20220302;02:15:00;02:20:00;27;20.21;9
E4S 56,780;20220302;02:20:00;02:25:00;28;19.13;13
E4S 56,780;20220302;02:25:00;02:30:00;29;20.94;5
E4S 56,780;20220302;02:30:00;02:35:00;30;19.37;17
E4S 56,780;20220302;02:35:00;02:40:00;31;19.53;10
E4S 56,780;20220302;02:40:00;02:45:00;32;17.92;19
E4S 56,780;20220302;02:45:00;02:50:00;33;19.60;15
E4S 56,780;20220302;02:50:00;02:55:00;34;20.66;20
E4S 56,780;20220302;02:55:00;03:00:00;35;21.39;14
E4S 56,780;20220302;03:00:00;03:05:00;36;20.47;18
E4S 56,780;20220302;03:05:00;03:10:00;37;18.70;18
E4S 56,780;20220302;03:10:00;03:15:00;38;20.93;13
E4S 56,780;20220302;03:15:00;03:20:00;39;19.67;15
E4S 56,780;20220302;03:20:00;03:25:00;40;19.53;22
E4S 56,780;20220302;03:25:00;03:30:00;41;19.17;25
E4S 56,780;20220302;03:30:00;03:35:00;42;19.09;34
E4S 56,780;20220302;03:35:00;03:40:00;43;21.14;27
E4S 56,780;20220302;03:40:00;03:45:00;44;19.57;31
E4S 56,780;20220302;03:45:00;03:50:00;45;20.28;30
E4S 56,780;20220302;03:50:00;03:55:00;46;20.42;33
E4S 56,780;20220302;03:55:00;04:00:00;47;20.74;36
E4S 56,780;20220302;04:00:00;04:05:00;48;20.41;31
E4S 56,780;20220302;04:05:00;04:10:00;49;19.93;46
E4S 56,780;20220302;04:10:00;04:15:00;50;20.01;44
E4S 56,780;20220302;04:15:00;04:20:00;51;19.83;54
E4S 56,780;20220302;04:20:00;04:25:00;52;19.54;68
E4S 56,780;20220302;04:25:00;04:30:00;53;20.43;60
E4S 56,780;20220302;04:30:00;04:35:00;54;20.18;91
E4S 56,780;20220302;04:35:00;04:40:00;55;20.52;89
E4S 56,780;20220302;04:40:00;04:45:00;56;20.26;170
E4S 56,780;20220302;04:45:00;04:50:00;57;20.18;161
E4S 56,780;20220302;04:50:00;04:55:00;58;19.65;183
E4S 56,780;20220302;04:55:00;05:00:00;59;19.73;192
E4S 56,780;20220302;05:00:00;05:05:00;60;20.57;148
E4S 56,780;20220302;05:05:00;05:10:00;61;19.01;151
E4S 56,780;20220302;05:10:00;05:15:00;62;19.55;200
E4S 56,780;20220302;05:15:00;05:20:00;63;19.17;223
E4S 56,780;20220302;05:20:00;05:25:00;64;18.51;237
E4S 56,780;20220302;05:25:00;05:30:00;65;18.77;271
E4S 56,780;20220302;05:30:00;05:35:00;66;18.61;251
E4S 56,780;20220302;05:35:00;05:40:00;67;18.54;277
E4S 56,780;20220302;05:40:00;05:45:00;68;19.36;250
E4S 56,780;20220302;05:45:00;05:50:00;69;18.29;276
E4S 56,780;20220302;05:50:00;05:55:00;70;18.23;278
E4S 56,780;20220302;05:55:00;06:00:00;71;18.79;282
E4S 56,780;20220302;06:00:00;06:05:00;72;18.77;262
E4S 56,780;20220302;06:05:00;06:10:00;73;18.78;246
E4S 56,780;20220302;06:10:00;06:15:00;74;18.46;259
E4S 56,780;20220302;06:15:00;06:20:00;75;18.59;258
E4S 56,780;20220302;06:20:00;06:25:00;76;18.10;220
E4S 56,780;20220302;06:25:00;06:30:00;77;18.54;233
E4S 56,780;20220302;06:30:00;06:35:00;78;18.27;281
E4S 56,780;20220302;06:35:00;06:40:00;79;16.58;372
E4S 56,780;20220302;06:40:00;06:45:00;80;17.61;355
E4S 56,780;20220302;06:45:00;06:50:00;81;17.29;310
E4S 56,780;20220302;06:50:00;06:55:00;82;16.84;340
E4S 56,780;20220302;06:55:00;07:00:00;83;17.62;347
E4S 56,780;20220302;07:00:00;07:05:00;84;17.97;295
E4S 56,780;20220302;07:05:00;07:10:00;85;18.35;276
E4S 56,780;20220302;07:10:00;07:15:00;86;18.63;240
E4S 56,780;20220302;07:15:00;07:20:00;87;18.58;278
E4S 56,780;20220302;07:20:00;07:25:00;88;18.01;297
E4S 56,780;20220302;07:25:00;07:30:00;89;18.80;263
E4S 56,780;20220302;07:30:00;07:35:00;90;18.35;305
E4S 56,780;20220302;07:35:00;07:40:00;91;17.46;300
E4S 56,780;20220302;07:40:00;07:45:00;92;18.19;267
E4S 56,780;20220302;07:45:00;07:50:00;93;17.92;286
E4S 56,780;20220302;07:50:00;07:55:00;94;17.67;274
E4S 56,780;20220302;07:55:00;08:00:00;95;17.92;249
E4S 56,780;20220302;08:00:00;08:05:00;96;17.71;245
E4S 56,780;20220302;08:05:00;08:10:00;97;18.52;250
E4S 56,780;20220302;08:10:00;08:15:00;98;18.24;266
E4S 56,780;20220302;08:15:00;08:20:00;99;18.38;236
E4S 56,780;20220302;08:20:00;08:25:00;100;18.09;252
E4S 56,780;20220302;08:25:00;08:30:00;101;18.39;272
E4S 56,780;20220302;08:30:00;08:35:00;102;17.93;273
E4S 56,780;20220302;08:35:00;08:40:00;103;17.99;281
E4S 56,780;20220302;08:40:00;08:45:00;104;16.92;301
E4S 56,780;20220302;08:45:00;08:50:00;105;17.35;249
E4S 56,780;20220302;08:50:00;08:55:00;106;18.02;256
E4S 56,780;20220302;08:55:00;09:00:00;107;17.85;250
E4S 56,780;20220302;09:00:00;09:05:00;108;18.22;266
E4S 56,780;20220302;09:05:00;09:10:00;109;18.29;249
E4S 56,780;20220302;09:10:00;09:15:00;110;18.31;235
E4S 56,780;20220302;09:15:00;09:20:00;111;17.83;266
E4S 56,780;20220302;09:20:00;09:25:00;112;18.19;245
E4S 56,780;20220302;09:25:00;09:30:00;113;17.93;267
E4S 56,780;20220302;09:30:00;09:35:00;114;17.60;286
E4S 56,780;20220302;09:35:00;09:40:00;115;17.68;271
E4S 56,780;20220302;09:40:00;09:45:00;116;17.63;257
E4S 56,780;20220302;09:45:00;09:50:00;117;17.95;292
E4S 56,780;20220302;09:50:00;09:55:00;118;17.86;245
E4S 56,780;20220302;09:55:00;10:00:00;119;18.26;273
E4S 56,780;20220302;10:00:00;10:05:00;120;17.98;255
E4S 56,780;20220302;10:05:00;10:10:00;121;18.00;268
E4S 56,780;20220302;10:10:00;10:15:00;122;18.77;244
E4S 56,780;20220302;10:15:00;10:20:00;123;17.45;285
E4S 56,780;20220302;10:20:00;10:25:00;124;17.48;309
E4S 56,780;20220302;10:25:00;10:30:00;125;17.88;291
E4S 56,780;20220302;10:30:00;10:35:00;126;18.85;255
E4S 56,780;20220302;10:35:00;10:40:00;127;18.41;274
E4S 56,780;20220302;10:40:00;10:45:00;128;18.09;276
E4S 56,780;20220302;10:45:00;10:50:00;129;18.41;256
E4S 56,780;20220302;10:50:00;10:55:00;130;18.03;282
E4S 56,780;20220302;10:55:00;11:00:00;131;18.15;264
E4S 56,780;20220302;11:00:00;11:05:00;132;18.26;262
E4S 56,780;20220302;11:05:00;11:10:00;133;17.94;287
E4S 56,780;20220302;11:10:00;11:15:00;134;18.81;262
E4S 56,780;20220302;11:15:00;11:20:00;135;17.47;311
E4S 56,780;20220302;11:20:00;11:25:00;136;17.73;283
E4S 56,780;20220302;11:25:00;11:30:00;137;17.62;318
E4S 56,780;20220302;11:30:00;11:35:00;138;18.10;291
E4S 56,780;20220302;11:35:00;11:40:00;139;18.06;282
E4S 56,780;20220302;11:40:00;11:45:00;140;17.97;292
E4S 56,780;20220302;11:45:00;11:50:00;141;18.19;298
E4S 56,780;20220302;11:50:00;11:55:00;142;17.93;279
E4S 56,780;20220302;11:55:00;12:00:00;143;17.35;309
E4S 56,780;20220302;12:00:00;12:05:00;144;18.09;295
E4S 56,780;20220302;12:05:00;12:10:00;145;18.15;277
E4S 56,780;20220302;12:10:00;12:15:00;146;17.68;290
E4S 56,780;20220302;12:15:00;12:20:00;147;17.72;330
E4S 56,780;20220302;12:20:00;12:25:00;148;18.13;319
E4S 56,780;20220302;12:25:00;12:30:00;149;17.78;354
E4S 56,780;20220302;12:30:00;12:35:00;150;17.76;274
E4S 56,780;20220302;12:35:00;12:40:00;151;17.26;307
E4S 56,780;20220302;12:40:00;12:45:00;152;18.05;316
E4S 56,780;20220302;12:45:00;12:50:00;153;17.78;336
E4S 56,780;20220302;12:50:00;12:55:00;154;17.47;339
E4S 56,780;20220302;12:55:00;13:00:00;155;17.99;320
E4S 56,780;20220302;13:00:00;13:05:00;156;17.98;316
E4S 56,780;20220302;13:05:00;13:10:00;157;18.53;313
E4S 56,780;20220302;13:10:00;13:15:00;158;18.17;297
E4S 56,780;20220302;13:15:00;13:20:00;159;16.88;374
E4S 56,780;20220302;13:20:00;13:25:00;160;17.53;373
E4S 56,780;20220302;13:25:00;13:30:00;161;17.72;335
E4S 56,780;20220302;13:30:00;13:35:00;162;17.41;370
E4S 56,780;20220302;13:35:00;13:40:00;163;17.66;352
E4S 56,780;20220302;13:40:00;13:45:00;164;16.79;363
E4S 56,780;20220302;13:45:00;13:50:00;165;17.05;365
E4S 56,780;20220302;13:50:00;13:55:00;166;15.82;392
E4S 56,780;20220302;13:55:00;14:00:00;167;17.19;367
E4S 56,780;20220302;14:00:00;14:05:00;168;17.08;383
E4S 56,780;20220302;14:05:00;14:10:00;169;16.92;389
E4S 56,780;20220302;14:10:00;14:15:00;170;16.97;391
E4S 56,780;20220302;14:15:00;14:20:00;171;12.99;333
E4S 56,780;20220302;14:20:00;14:25:00;172;9.56;295
E4S 56,780;20220302;14:25:00;14:30:00;173;9.98;337
E4S 56,780;20220302;14:30:00;14:35:00;174;8.79;335
E4S 56,780;20220302;14:35:00;14:40:00;175;9.41;339
E4S 56,780;20220302;14:40:00;14:45:00;176;8.82;315
E4S 56,780;20220302;14:45:00;14:50:00;177;10.80;358
E4S 56,780;20220302;14:50:00;14:55:00;178;8.98;316
E4S 56,780;20220302;14:55:00;15:00:00;179;8.75;338
E4S 56,780;20220302;15:00:00;15:05:00;180;9.28;319
E4S 56,780;20220302;15:05:00;15:10:00;181;8.48;316
E4S 56,780;20220302;15:10:00;15:15:00;182;8.21;313
E4S 56,780;20220302;15:15:00;15:20:00;183;7.06;265
E4S 56,780;20220302;15:20:00;15:25:00;184;6.77;249
E4S 56,780;20220302;15:25:00;15:30:00;185;6.37;263
E4S 56,780;20220302;15:30:00;15:35:00;186;8.39;294
E4S 56,780;20220302;15:35:00;15:40:00;187;7.21;278
E4S 56,780;20220302;15:40:00;15:45:00;188;7.50;295
E4S 56,780;20220302;15:45:00;15:50:00;189;6.92;295
E4S 56,780;20220302;15:50:00;15:55:00;190;6.96;261
E4S 56,780;20220302;15:55:00;16:00:00;191;7.93;289
E4S 56,780;20220302;16:00:00;16:05:00;192;7.95;283
E4S 56,780;20220302;16:05:00;16:10:00;193;7.37;276
E4S 56,780;20220302;16:10:00;16:15:00;194;7.69;273
E4S 56,780;20220302;16:15:00;16:20:00;195;6.85;264
E4S 56,780;20220302;16:20:00;16:25:00;196;5.41;222
E4S 56,780;20220302;16:25:00;16:30:00;197;6.78;273
E4S 56,780;20220302;16:30:00;16:35:00;198;6.87;266
E4S 56,780;20220302;16:35:00;16:40:00;199;8.41;284
E4S 56,780;20220302;16:40:00;16:45:00;200;12.73;353
E4S 56,780;20220302;16:45:00;16:50:00;201;13.31;376
E4S 56,780;20220302;16:50:00;16:55:00;202;18.45;227
E4S 56,780;20220302;16:55:00;17:00:00;203;18.92;201
E4S 56,780;20220302;17:00:00;17:05:00;204;19.01;202
E4S 56,780;20220302;17:05:00;17:10:00;205;17.80;296
E4S 56,780;20220302;17:10:00;17:15:00;206;16.90;350
E4S 56,780;20220302;17:15:00;17:20:00;207;16.09;320
E4S 56,780;20220302;17:20:00;17:25:00;208;17.86;277
E4S 56,780;20220302;17:25:00;17:30:00;209;17.44;265
E4S 56,780;20220302;17:30:00;17:35:00;210;17.83;303
E4S 56,780;20220302;17:35:00;17:40:00;211;16.44;302
E4S 56,780;20220302;17:40:00;17:45:00;212;17.09;296
E4S 56,780;20220302;17:45:00;17:50:00;213;17.38;271
E4S 56,780;20220302;17:50:00;17:55:00;214;17.46;289
E4S 56,780;20220302;17:55:00;18:00:00;215;17.84;251
E4S 56,780;20220302;18:00:00;18:05:00;216;18.56;249
E4S 56,780;20220302;18:05:00;18:10:00;217;18.27;241
E4S 56,780;20220302;18:10:00;18:15:00;218;18.23;259
E4S 56,780;20220302;18:15:00;18:20:00;219;18.39;196
E4S 56,780;20220302;18:20:00;18:25:00;220;18.05;251
E4S 56,780;20220302;18:25:00;18:30:00;221;18.67;207
E4S 56,780;20220302;18:30:00;18:35:00;222;18.39;209
E4S 56,780;20220302;18:35:00;18:40:00;223;18.25;197
E4S 56,780;20220302;18:40:00;18:45:00;224;17.71;223
E4S 56,780;20220302;18:45:00;18:50:00;225;18.61;202
E4S 56,780;20220302;18:50:00;18:55:00;226;18.36;157
E4S 56,780;20220302;18:55:00;19:00:00;227;18.16;192
E4S 56,780;20220302;19:00:00;19:05:00;228;18.80;200
E4S 56,780;20220302;19:05:00;19:10:00;229;18.71;171
E4S 56,780;20220302;19:10:00;19:15:00;230;18.56;189
E4S 56,780;20220302;19:15:00;19:20:00;231;18.70;163
E4S 56,780;20220302;19:20:00;19:25:00;232;18.28;193
E4S 56,780;20220302;19:25:00;19:30:00;233;18.64;177
E4S 56,780;20220302;19:30:00;19:35:00;234;18.46;175
E4S 56,780;20220302;19:35:00;19:40:00;235;18.44;183
E4S 56,780;20220302;19:40:00;19:45:00;236;18.42;180
E4S 56,780;20220302;19:45:00;19:50:00;237;18.72;139
E4S 56,780;20220302;19:50:00;19:55:00;238;18.90;165
E4S 56,780;20220302;19:55:00;20:00:00;239;18.94;136
E4S 56,780;20220302;20:00:00;20:05:00;240;18.82;143
E4S 56,780;20220302;20:05:00;20:10:00;241;19.18;153
E4S 56,780;20220302;20:10:00;20:15:00;242;18.84;190
E4S 56,780;20220302;20:15:00;20:20:00;243;19.10;145
E4S 56,780;20220302;20:20:00;20:25:00;244;18.65;143
E4S 56,780;20220302;20:25:00;20:30:00;245;18.59;139
E4S 56,780;20220302;20:30:00;20:35:00;246;19.14;158
E4S 56,780;20220302;20:35:00;20:40:00;247;18.52;124
E4S 56,780;20220302;20:40:00;20:45:00;248;18.67;123
E4S 56,780;20220302;20:45:00;20:50:00;249;18.88;123
E4S 56,780;20220302;20:50:00;20:55:00;250;19.35;123
E4S 56,780;20220302;20:55:00;21:00:00;251;19.70;122
E4S 56,780;20220302;21:00:00;21:05:00;252;19.23;103
E4S 56,780;20220302;21:05:00;21:10:00;253;19.37;80
E4S 56,780;20220302;21:10:00;21:15:00;254;19.95;109
E4S 56,780;20220302;21:15:00;21:20:00;255;19.11;107
E4S 56,780;20220302;21:20:00;21:25:00;256;19.24;114
E4S 56,780;20220302;21:25:00;21:30:00;257;19.23;79
E4S 56,780;20220302;21:30:00;21:35:00;258;19.72;79
E4S 56,780;20220302;21:35:00;21:40:00;259;19.87;83
E4S 56,780;20220302;21:40:00;21:45:00;260;19.97;86
E4S 56,780;20220302;21:45:00;21:50:00;261;19.42;59
E4S 56,780;20220302;21:50:00;21:55:00;262;19.39;64
E4S 56,780;20220302;21:55:00;22:00:00;263;19.11;69
E4S 56,780;20220302;22:00:00;22:05:00;264;18.85;55
E4S 56,780;20220302;22:05:00;22:10:00;265;19.26;54
E4S 56,780;20220302;22:10:00;22:15:00;266;19.22;64
E4S 56,780;20220302;22:15:00;22:20:00;267;19.89;54
E4S 56,780;20220302;22:20:00;22:25:00;268;19.09;56
E4S 56,780;20220302;22:25:00;22:30:00;269;19.51;51
E4S 56,780;20220302;22:30:00;22:35:00;270;20.37;40
E4S 56,780;20220302;22:35:00;22:40:00;271;18.92;33
E4S 56,780;20220302;22:40:00;22:45:00;272;18.46;51
E4S 56,780;20220302;22:45:00;22:50:00;273;18.76;30
E4S 56,780;20220302;22:50:00;22:55:00;274;19.14;50
E4S 56,780;20220302;22:55:00;23:00:00;275;17.43;51
E4S 56,780;20220302;23:00:00;23:05:00;276;19.27;33
E4S 56,780;20220302;23:05:00;23:10:00;277;19.22;52
E4S 56,780;20220302;23:10:00;23:15:00;278;18.66;41
E4S 56,780;20220302;23:15:00;23:20:00;279;19.76;31
E4S 56,780;20220302;23:20:00;23:25:00;280;18.49;31
E4S 56,780;20220302;23:25:00;23:30:00;281;19.15;33
E4S 56,780;20220302;23:30:00;23:35:00;282;19.00;53
E4S 56,780;20220302;23:35:00;23:40:00;283;19.20;53
E4S 56,780;20220302;23:40:00;23:45:00;284;18.65;24
E4S 56,780;20220302;23:45:00;23:50:00;285;19.29;33
E4S 56,780;20220302;23:50:00;23:55:00;286;17.47;22
E4S 56,780;20220302;23:55:00;24:00:00;287;18.24;25
E4S 56,780;20220304;00:00:00;00:05:00;0;19.31;29
E4S 56,780;20220304;00:05:00;00:10:00;1;19.14;30
E4S 56,780;20220304;00:10:00;00:15:00;2;18.44;30
E4S 56,780;20220304;00:15:00;00:20:00;3;19.33;25
E4S 56,780;20220304;00:20:00;00:25:00;4;18.09;15
E4S 56,780;20220304;00:25:00;00:30:00;5;18.99;13
E4S 56,780;20220304;00:30:00;00:35:00;6;18.83;24
E4S 56,780;20220304;00:35:00;00:40:00;7;17.17;15
E4S 56,780;20220304;00:40:00;00:45:00;8;19.15;19
E4S 56,780;20220304;00:45:00;00:50:00;9;18.37;15
E4S 56,780;20220304;00:50:00;00:55:00;10;18.37;14
E4S 56,780;20220304;00:55:00;01:00:00;11;20.15;10
E4S 56,780;20220304;01:00:00;01:05:00;12;17.43;18
E4S 56,780;20220304;01:05:00;01:10:00;13;16.71;15
E4S 56,780;20220304;01:10:00;01:15:00;14;17.99;23
E4S 56,780;20220304;01:15:00;01:20:00;15;17.20;14
E4S 56,780;20220304;01:20:00;01:25:00;16;16.20;15
E4S 56,780;20220304;01:25:00;01:30:00;17;18.29;12
E4S 56,780;20220304;01:30:00;01:35:00;18;16.03;17
E4S 56,780;20220304;01:35:00;01:40:00;19;17.57;18
E4S 56,780;20220304;01:40:00;01:45:00;20;17.68;15
E4S 56,780;20220304;01:45:00;01:50:00;21;16.58;27
E4S 56,780;20220304;01:50:00;01:55:00;22;17.32;27
E4S 56,780;20220304;01:55:00;02:00:00;23;17.18;13
E4S 56,780;20220304;02:00:00;02:05:00;24;15.58;13
E4S 56,780;20220304;02:05:00;02:10:00;25;18.54;8
E4S 56,780;20220304;02:10:00;02:15:00;26;19.38;14
E4S 56,780;20220304;02:15:00;02:20:00;27;20.27;6
E4S 56,780;20220304;02:20:00;02:25:00;28;20.86;12
E4S 56,780;20220304;02:25:00;02:30:00;29;19.79;13
E4S 56,780;20220304;02:30:00;02:35:00;30;19.30;20
E4S 56,780;20220304;02:35:00;02:40:00;31;18.70;10
E4S 56,780;20220304;02:40:00;02:45:00;32;19.14;11
E4S 56,780;20220304;02:45:00;02:50:00;33;18.17;22
E4S 56,780;20220304;02:50:00;02:55:00;34;19.50;22
E4S 56,780;20220304;02:55:00;03:00:00;35;20.52;10
E4S 56,780;20220304;03:00:00;03:05:00;36;19.21;17
E4S 56,780;20220304;03:05:00;03:10:00;37;19.66;17
E4S 56,780;20220304;03:10:00;03:15:00;38;20.09;12
E4S 56,780;20220304;03:15:00;03:20:00;39;20.71;21
E4S 56,780;20220304;03:20:00;03:25:00;40;20.09;28
E4S 56,780;20220304;03:25:00;03:30:00;41;19.57;29
E4S 56,780;20220304;03:30:00;03:35:00;42;19.77;30
E4S 56,780;20220304;03:35:00;03:40:00;43;19.59;27
E4S 56,780;20220304;03:40:00;03:45:00;44;20.07;17
E4S 56,780;20220304;03:45:00;03:50:00;45;20.20;20
E4S 56,780;20220304;03:50:00;03:55:00;46;20.11;29
E4S 56,780;20220304;03:55:00;04:00:00;47;20.68;31
E4S 56,780;20220304;04:00:00;04:05:00;48;19.79;43
E4S 56,780;20220304;04:05:00;04:10:00;49;20.50;38
E4S 56,780;20220304;04:10:00;04:15:00;50;19.26;35
E4S 56,780;20220304;04:15:00;04:20:00;51;20.26;46
E4S 56,780;20220304;04:20:00;04:25:00;52;20.63;69
E4S 56,780;20220304;04:25:00;04:30:00;53;20.13;58
E4S 56,780;20220304;04:30:00;04:35:00;54;20.66;76
E4S 56,780;20220304;04:35:00;04:40:00;55;19.63;94
E4S 56,780;20220304;04:40:00;04:45:00;56;20.59;92
E4S 56,780;20220304;04:45:00;04:50:00;57;19.70;132
E4S 56,780;20220304;04:50:00;04:55:00;58;19.39;163
E4S 56,780;20220304;04:55:00;05:00:00;59;20.26;156
E4S 56,780;20220304;05:00:00;05:05:00;60;19.64;134
E4S 56,780;20220304;05:05:00;05:10:00;61;20.24;124
E4S 56,780;20220304;05:10:00;05:15:00;62;19.69;163
E4S 56,780;20220304;05:15:00;05:20:00;63;20.55;153
E4S 56,780;20220304;05:20:00;05:25:00;64;19.35;227
E4S 56,780;20220304;05:25:00;05:30:00;65;19.32;201
E4S 56,780;20220304;05:30:00;05:35:00;66;18.63;244
E4S 56,780;20220304;05:35:00;05:40:00;67;19.25;258
E4S 56,780;20220304;05:40:00;05:45:00;68;19.28;231
E4S 56,780;20220304;05:45:00;05:50:00;69;19.48;249
E4S 56,780;20220304;05:50:00;05:55:00;70;18.91;270
E4S 56,780;20220304;05:55:00;06:00:00;71;19.18;215
E4S 56,780;20220304;06:00:00;06:05:00;72;19.27;196
E4S 56,780;20220304;06:05:00;06:10:00;73;19.61;222
E4S 56,780;20220304;06:10:00;06:15:00;74;19.39;214
E4S 56,780;20220304;06:15:00;06:20:00;75;19.33;225
E4S 56,780;20220304;06:20:00;06:25:00;76;19.06;237
E4S 56,780;20220304;06:25:00;06:30:00;77;18.59;271
E4S 56,780;20220304;06:30:00;06:35:00;78;18.19;303
E4S 56,780;20220304;06:35:00;06:40:00;79;18.21;258
E4S 56,780;20220304;06:40:00;06:45:00;80;18.52;264
E4S 56,780;20220304;06:45:00;06:50:00;81;18.78;204
E4S 56,780;20220304;06:50:00;06:55:00;82;18.46;266
E4S 56,780;20220304;06:55:00;07:00:00;83;18.84;234
E4S 56,780;20220304;07:00:00;07:05:00;84;19.29;219
E4S 56,780;20220304;07:05:00;07:10:00;85;18.71;242
E4S 56,780;20220304;07:10:00;07:15:00;86;19.06;219
E4S 56,780;20220304;07:15:00;07:20:00;87;18.20;263
E4S 56,780;20220304;07:20:00;07:25:00;88;18.69;190
E4S 56,780;20220304;07:25:00;07:30:00;89;18.43;247
E4S 56,780;20220304;07:30:00;07:35:00;90;17.69;298
E4S 56,780;20220304;07:35:00;07:40:00;91;18.49;260
E4S 56,780;20220304;07:40:00;07:45:00;92;18.66;251
E4S 56,780;20220304;07:45:00;07:50:00;93;18.48;260
E4S 56,780;20220304;07:50:00;07:55:00;94;18.06;238
E4S 56,780;20220304;07:55:00;08:00:00;95;18.77;226
E4S 56,780;20220304;08:00:00;08:05:00;96;18.34;235
E4S 56,780;20220304;08:05:00;08:10:00;97;18.59;237
E4S 56,780;20220304;08:10:00;08:15:00;98;18.36;236
E4S 56,780;20220304;08:15:00;08:20:00;99;18.43;256
E4S 56,780;20220304;08:20:00;08:25:00;100;18.80;244
E4S 56,780;20220304;08:25:00;08:30:00;101;18.66;233
E4S 56,780;20220304;08:30:00;08:35:00;102;18.26;276
E4S 56,780;20220304;08:35:00;08:40:00;103;18.38;261
E4S 56,780;20220304;08:40:00;08:45:00;104;18.38;271
E4S 56,780;20220304;08:45:00;08:50:00;105;18.26;260
E4S 56,780;20220304;08:50:00;08:55:00;106;18.19;274
E4S 56,780;20220304;08:55:00;09:00:00;107;17.91;292
E4S 56,780;20220304;09:00:00;09:05:00;108;18.09;237
E4S 56,780;20220304;09:05:00;09:10:00;109;18.31;247
E4S 56,780;20220304;09:10:00;09:15:00;110;18.23;240
E4S 56,780;20220304;09:15:00;09:20:00;111;18.20;268
E4S 56,780;20220304;09:20:00;09:25:00;112;17.73;295
E4S 56,780;20220304;09:25:00;09:30:00;113;18.53;262
E4S 56,780;20220304;09:30:00;09:35:00;114;18.17;282
E4S 56,780;20220304;09:35:00;09:40:00;115;17.62;290
E4S 56,780;20220304;09:40:00;09:45:00;116;18.35;319
E4S 56,780;20220304;09:45:00;09:50:00;117;18.46;265
E4S 56,780;20220304;09:50:00;09:55:00;118;17.83;300
E4S 56,780;20220304;09:55:00;10:00:00;119;18.39;250
E4S 56,780;20220304;10:00:00;10:05:00;120;18.37;256
E4S 56,780;20220304;10:05:00;10:10:00;121;18.03;273
E4S 56,780;20220304;10:10:00;10:15:00;122;18.20;272
E4S 56,780;20220304;10:15:00;10:20:00;123;18.13;297
E4S 56,780;20220304;10:20:00;10:25:00;124;18.10;283
E4S 56,780;20220304;10:25:00;10:30:00;125;17.50;337
E4S 56,780;20220304;10:30:00;10:35:00;126;18.48;280
E4S 56,780;20220304;10:35:00;10:40:00;127;18.07;283
E4S 56,780;20220304;10:40:00;10:45:00;128;18.00;290
E4S 56,780;20220304;10:45:00;10:50:00;129;18.23;285
E4S 56,780;20220304;10:50:00;10:55:00;130;18.20;276
E4S 56,780;20220304;10:55:00;11:00:00;131;18.40;260
E4S 56,780;20220304;11:00:00;11:05:00;132;17.92;272
E4S 56,780;20220304;11:05:00;11:10:00;133;18.00;297
E4S 56,780;20220304;11:10:00;11:15:00;134;18.55;284
E4S 56,780;20220304;11:15:00;11:20:00;135;17.73;308
E4S 56,780;20220304;11:20:00;11:25:00;136;17.63;321
E4S 56,780;20220304;11:25:00;11:30:00;137;17.73;319
E4S 56,780;20220304;11:30:00;11:35:00;138;18.10;308
E4S 56,780;20220304;11:35:00;11:40:00;139;17.41;382
E4S 56,780;20220304;11:40:00;11:45:00;140;18.10;330
E4S 56,780;20220304;11:45:00;11:50:00;141;17.71;359
E4S 56,780;20220304;11:50:00;11:55:00;142;17.81;319
E4S 56,780;20220304;11:55:00;12:00:00;143;17.77;315
E4S 56,780;20220304;12:00:00;12:05:00;144;17.13;324
E4S 56,780;20220304;12:05:00;12:10:00;145;17.98;343
E4S 56,780;20220304;12:10:00;12:15:00;146;17.76;305
E4S 56,780;20220304;12:15:00;12:20:00;147;17.27;314
E4S 56,780;20220304;12:20:00;12:25:00;148;17.40;365
E4S 56,780;20220304;12:25:00;12:30:00;149;17.67;355
E4S 56,780;20220304;12:30:00;12:35:00;150;17.31;367
E4S 56,780;20220304;12:35:00;12:40:00;151;17.74;341
E4S 56,780;20220304;12:40:00;12:45:00;152;17.62;331
E4S 56,780;20220304;12:45:00;12:50:00;153;17.62;340
E4S 56,780;20220304;12:50:00;12:55:00;154;17.63;343
E4S 56,780;20220304;12:55:00;13:00:00;155;17.68;354
E4S 56,780;20220304;13:00:00;13:05:00;156;18.41;286
E4S 56,780;20220304;13:05:00;13:10:00;157;17.47;362
E4S 56,780;20220304;13:10:00;13:15:00;158;17.67;342
E4S 56,780;20220304;13:15:00;13:20:00;159;17.33;361
E4S 56,780;20220304;13:20:00;13:25:00;160;17.03;380
E4S 56,780;20220304;13:25:00;13:30:00;161;16.24;402
E4S 56,780;20220304;13:30:00;13:35:00;162;17.74;336
E4S 56,780;20220304;13:35:00;13:40:00;163;17.48;378
E4S 56,780;20220304;13:40:00;13:45:00;164;17.54;339
E4S 56,780;20220304;13:45:00;13:50:00;165;16.77;380
E4S 56,780;20220304;13:50:00;13:55:00;166;16.76;393
E4S 56,780;20220304;13:55:00;14:00:00;167;16.85;399
E4S 56,780;20220304;14:00:00;14:05:00;168;17.44;380
E4S 56,780;20220304;14:05:00;14:10:00;169;17.45;362
E4S 56,780;20220304;14:10:00;14:15:00;170;16.31;382
E4S 56,780;20220304;14:15:00;14:20:00;171;13.66;386
E4S 56,780;20220304;14:20:00;14:25:00;172;15.07;368
E4S 56,780;20220304;14:25:00;14:30:00;173;12.50;350
E4S 56,780;20220304;14:30:00;14:35:00;174;11.74;347
E4S 56,780;20220304;14:35:00;14:40:00;175;12.62;361
E4S 56,780;20220304;14:40:00;14:45:00;176;13.09;362
E4S 56,780;20220304;14:45:00;14:50:00;177;11.06;346
E4S 56,780;20220304;14:50:00;14:55:00;178;10.42;309
E4S 56,780;20220304;14:55:00;15:00:00;179;11.46;363
E4S 56,780;20220304;15:00:00;15:05:00;180;12.28;318
E4S 56,780;20220304;15:05:00;15:10:00;181;11.23;329
E4S 56,780;20220304;15:10:00;15:15:00;182;10.87;335
E4S 56,780;20220304;15:15:00;15:20:00;183;8.87;322
E4S 56,780;20220304;15:20:00;15:25:00;184;10.40;339
E4S 56,780;20220304;15:25:00;15:30:00;185;10.39;321
E4S 56,780;20220304;15:30:00;15:35:00;186;10.08;323
E4S 56,780;20220304;15:35:00;15:40:00;187;9.70;305
E4S 56,780;20220304;15:40:00;15:45:00;188;13.93;294
E4S 56,780;20220304;15:45:00;15:50:00;189;11.36;319
E4S 56,780;20220304;15:50:00;15:55:00;190;13.52;261
E4S 56,780;20220304;15:55:00;16:00:00;191;16.26;251
E4S 56,780;20220304;16:00:00;16:05:00;192;17.26;269
E4S 56,780;20220304;16:05:00;16:10:00;193;16.51;268
E4S 56,780;20220304;16:10:00;16:15:00;194;16.47;262
E4S 56,780;20220304;16:15:00;16:20:00;195;9.86;223
E4S 56,780;20220304;16:20:00;16:25:00;196;14.28;312
E4S 56,780;20220304;16:25:00;16:30:00;197;16.75;234
E4S 56,780;20220304;16:30:00;16:35:00;198;16.78;276
E4S 56,780;20220304;16:35:00;16:40:00;199;16.33;258
E4S 56,780;20220304;16:40:00;16:45:00;200;17.92;239
E4S 56,780;20220304;16:45:00;16:50:00;201;16.85;264
E4S 56,780;20220304;16:50:00;16:55:00;202;16.79;248
E4S 56,780;20220304;16:55:00;17:00:00;203;17.49;278
E4S 56,780;20220304;17:00:00;17:05:00;204;17.46;267
E4S 56,780;20220304;17:05:00;17:10:00;205;17.62;254
E4S 56,780;20220304;17:10:00;17:15:00;206;18.03;264
E4S 56,780;20220304;17:15:00;17:20:00;207;16.35;221
E4S 56,780;20220304;17:20:00;17:25:00;208;16.90;294
E4S 56,780;20220304;17:25:00;17:30:00;209;17.63;270
E4S 56,780;20220304;17:30:00;17:35:00;210;17.29;272
E4S 56,780;20220304;17:35:00;17:40:00;211;17.46;271
E4S 56,780;20220304;17:40:00;17:45:00;212;17.54;279
E4S 56,780;20220304;17:45:00;17:50:00;213;18.35;231
E4S 56,780;20220304;17:50:00;17:55:00;214;17.82;224
E4S 56,780;20220304;17:55:00;18:00:00;215;18.14;221
E4S 56,780;20220304;18:00:00;18:05:00;216;17.91;215
E4S 56,780;20220304;18:05:00;18:10:00;217;18.20;227
E4S 56,780;20220304;18:10:00;18:15:00;218;17.85;238
E4S 56,780;20220304;18:15:00;18:20:00;219;17.53;197
E4S 56,780;20220304;18:20:00;18:25:00;220;18.26;169
E4S 56,780;20220304;18:25:00;18:30:00;221;17.98;186
E4S 56,780;20220304;18:30:00;18:35:00;222;17.78;173
E4S 56,780;20220304;18:35:00;18:40:00;223;18.47;174
E4S 56,780;20220304;18:40:00;18:45:00;224;18.57;171
E4S 56,780;20220304;18:45:00;18:50:00;225;19.18;145
E4S 56,780;20220304;18:50:00;18:55:00;226;18.32;181
E4S 56,780;20220304;18:55:00;19:00:00;227;18.99;169
E4S 56,780;20220304;19:00:00;19:05:00;228;19.05;139
E4S 56,780;20220304;19:05:00;19:10:00;229;18.71;120
E4S 56,780;20220304;19:10:00;19:15:00;230;18.47;142
E4S 56,780;20220304;19:15:00;19:20:00;231;18.36;147
E4S 56,780;20220304;19:20:00;19:25:00;232;18.83;145
E4S 56,780;20220304;19:25:00;19:30:00;233;18.71;157
E4S 56,780;20220304;19:30:00;19:35:00;234;18.73;142
E4S 56,780;20220304;19:35:00;19:40:00;235;18.42;149
E4S 56,780;20220304;19:40:00;19:45:00;236;18.79;114
E4S 56,780;20220304;19:45:00;19:50:00;237;18.74;127
E4S 56,780;20220304;19:50:00;19:55:00;238;19.46;131
E4S 56,780;20220304;19:55:00;20:00:00;239;19.22;129
E4S 56,780;20220304;20:00:00;20:05:00;240;19.42;141
E4S 56,780;20220304;20:05:00;20:10:00;241;19.25;118
E4S 56,780;20220304;20:10:00;20:15:00;242;18.97;119
E4S 56,780;20220304;20:15:00;20:20:00;243;19.12;135
E4S 56,780;20220304;20:20:00;20:25:00;244;19.10;123
E4S 56,780;20220304;20:25:00;20:30:00;245;18.81;115
E4S 56,780;20220304;20:30:00;20:35:00;246;19.84;111
E4S 56,780;20220304;20:35:00;20:40:00;247;19.46;132
E4S 56,780;20220304;20:40:00;20:45:00;248;19.44;112
E4S 56,780;20220304;20:45:00;20:50:00;249;18.98;108
E4S 56,780;20220304;20:50:00;20:55:00;250;18.39;101
E4S 56,780;20220304;20:55:00;21:00:00;251;18.89;105
E4S 56,780;20220304;21:00:00;21:05:00;252;18.79;104
E4S 56,780;20220304;21:05:00;21:10:00;253;19.55;93
E4S 56,780;20220304;21:10:00;21:15:00;254;19.32;100
E4S 56,780;20220304;21:15:00;21:20:00;255;19.60;91
E4S 56,780;20220304;21:20:00;21:25:00;256;19.41;98
E4S 56,780;20220304;21:25:00;21:30:00;257;19.74;109
E4S 56,780;20220304;21:30:00;21:35:00;258;19.14;111
E4S 56,780;20220304;21:35:00;21:40:00;259;19.57;99
E4S 56,780;20220304;21:40:00;21:45:00;260;19.19;98
E4S 56,780;20220304;21:45:00;21:50:00;261;18.95;81
E4S 56,780;20220304;21:50:00;21:55:00;262;19.56;71
E4S 56,780;20220304;21:55:00;22:00:00;263;19.12;79
E4S 56,780;20220304;22:00:00;22:05:00;264;18.75;84
E4S 56,780;20220304;22:05:00;22:10:00;265;19.89;105
E4S 56,780;20220304;22:10:00;22:15:00;266;19.91;76
E4S 56,780;20220304;22:15:00;22:20:00;267;19.81;90
E4S 56,780;20220304;22:20:00;22:25:00;268;19.00;81
E4S 56,780;20220304;22:25:00;22:30:00;269;20.43;61
E4S 56,780;20220304;22:30:00;22:35:00;270;19.81;57
E4S 56,780;20220304;22:35:00;22:40:00;271;20.68;60
E4S 56,780;20220304;22:40:00;22:45:00;272;19.87;75
E4S 56,780;20220304;22:45:00;22:50:00;273;20.63;62
E4S 56,780;20220304;22:50:00;22:55:00;274;20.14;61
E4S 56,780;20220304;22:55:00;23:00:00;275;19.04;58
E4S 56,780;20220304;23:00:00;23:05:00;276;20.23;62
E4S 56,780;20220304;23:05:00;23:10:00;277;19.08;57
E4S 56,780;20220304;23:10:00;23:15:00;278;20.04;51
E4S 56,780;20220304;23:15:00;23:20:00;279;19.38;43
E4S 56,780;20220304;23:20:00;23:25:00;280;19.72;49
E4S 56,780;20220304;23:25:00;23:30:00;281;19.16;60
E4S 56,780;20220304;23:30:00;23:35:00;282;20.32;56
E4S 56,780;20220304;23:35:00;23:40:00;283;20.47;50
E4S 56,780;20220304;23:40:00;23:45:00;284;19.58;61
E4S 56,780;20220304;23:45:00;23:50:00;285;19.80;45
E4S 56,780;20220304;23:50:00;23:55:00;286;20.87;43
E4S 56,780;20220304;23:55:00;24:00:00;287;19.77;36
E4S 56,780;20220305;00:00:00;00:05:00;0;21.38;40
E4S 56,780;20220305;00:05:00;00:10:00;1;20.90;34
E4S 56,780;20220305;00:10:00;00:15:00;2;21.04;40
E4S 56,780;20220305;00:15:00;00:20:00;3;19.70;50
E4S 56,780;20220305;00:20:00;00:25:00;4;19.69;25
E4S 56,780;20220305;00:25:00;00:30:00;5;20.06;38
E4S 56,780;20220305;00:30:00;00:35:00;6;20.75;38
E4S 56,780;20220305;00:35:00;00:40:00;7;19.85;30
E4S 56,780;20220305;00:40:00;00:45:00;8;19.75;45
E4S 56,780;20220305;00:45:00;00:50:00;9;20.03;50
E4S 56,780;20220305;00:50:00;00:55:00;10;19.90;33
E4S 56,780;20220305;00:55:00;01:00:00;11;20.07;38
E4S 56,780;20220305;01:00:00;01:05:00;12;19.80;22
E4S 56,780;20220305;01:05:00;01:10:00;13;19.73;26
E4S 56,780;20220305;01:10:00;01:15:00;14;20.90;29
E4S 56,780;20220305;01:15:00;01:20:00;15;20.32;49
E4S 56,780;20220305;01:20:00;01:25:00;16;19.43;22
E4S 56,780;20220305;01:25:00;01:30:00;17;21.32;21
E4S 56,780;20220305;01:30:00;01:35:00;18;20.30;22
E4S 56,780;20220305;01:35:00;01:40:00;19;20.64;26
E4S 56,780;20220305;01:40:00;01:45:00;20;20.84;30
E4S 56,780;20220305;01:45:00;01:50:00;21;19.23;21
E4S 56,780;20220305;01:50:00;01:55:00;22;20.57;29
E4S 56,780;20220305;01:55:00;02:00:00;23;20.91;26
E4S 56,780;20220305;02:00:00;02:05:00;24;20.49;20
E4S 56,780;20220305;02:05:00;02:10:00;25;20.01;20
E4S 56,780;20220305;02:10:00;02:15:00;26;19.59;18
E4S 56,780;20220305;02:15:00;02:20:00;27;19.78;17
E4S 56,780;20220305;02:20:00;02:25:00;28;20.34;20
E4S 56,780;20220305;02:25:00;02:30:00;29;20.94;25
E4S 56,780;20220305;02:30:00;02:35:00;30;20.00;18
E4S 56,780;20220305;02:35:00;02:40:00;31;19.85;18
E4S 56,780;20220305;02:40:00;02:45:00;32;19.70;22
E4S 56,780;20220305;02:45:00;02:50:00;33;19.83;17
E4S 56,780;20220305;02:50:00;02:55:00;34;21.11;23
E4S 56,780;20220305;02:55:00;03:00:00;35;21.73;19
E4S 56,780;20220305;03:00:00;03:05:00;36;22.07;17
E4S 56,780;20220305;03:05:00;03:10:00;37;19.28;19
E4S 56,780;20220305;03:10:00;03:15:00;38;20.23;22
E4S 56,780;20220305;03:15:00;03:20:00;39;20.27;18
E4S 56,780;20220305;03:20:00;03:25:00;40;19.40;25
E4S 56,780;20220305;03:25:00;03:30:00;41;20.49;16
E4S 56,780;20220305;03:30:00;03:35:00;42;18.60;21
E4S 56,780;20220305;03:35:00;03:40:00;43;21.85;17
E4S 56,780;20220305;03:40:00;03:45:00;44;20.65;22
E4S 56,780;20220305;03:45:00;03:50:00;45;20.30;20
E4S 56,780;20220305;03:50:00;03:55:00;46;21.39;23
E4S 56,780;20220305;03:55:00;04:00:00;47;19.11;18
E4S 56,780;20220305;04:00:00;04:05:00;48;19.68;16
E4S 56,780;20220305;04:05:00;04:10:00;49;21.15;22
E4S 56,780;20220305;04:10:00;04:15:00;50;21.06;16
E4S 56,780;20220305;04:15:00;04:20:00;51;21.39;25
E4S 56,780;20220305;04:20:00;04:25:00;52;19.99;20
E4S 56,780;20220305;04:25:00;04:30:00;53;21.63;29
E4S 56,780;20220305;04:30:00;04:35:00;54;21.28;37
E4S 56,780;20220305;04:35:00;04:40:00;55;20.61;24
E4S 56,780;20220305;04:40:00;04:45:00;56;20.85;26
E4S 56,780;20220305;04:45:00;04:50:00;57;20.74;26
E4S 56,780;20220305;04:50:00;04:55:00;58;20.50;35
E4S 56,780;20220305;04:55:00;05:00:00;59;21.72;34
E4S 56,780;20220305;05:00:00;05:05:00;60;19.81;34
E4S 56,780;20220305;05:05:00;05:10:00;61;19.98;33
E4S 56,780;20220305;05:10:00;05:15:00;62;21.92;35
E4S 56,780;20220305;05:15:00;05:20:00;63;20.31;47
E4S 56,780;20220305;05:20:00;05:25:00;64;19.91;57
E4S 56,780;20220305;05:25:00;05:30:00;65;21.29;55
E4S 56,780;20220305;05:30:00;05:35:00;66;20.98;45
E4S 56,780;20220305;05:35:00;05:40:00;67;20.74;50
E4S 56,780;20220305;05:40:00;05:45:00;68;20.45;55
E4S 56,780;20220305;05:45:00;05:50:00;69;21.43;61
E4S 56,780;20220305;05:50:00;05:55:00;70;21.42;41
E4S 56,780;20220305;05:55:00;06:00:00;71;20.60;54
E4S 56,780;20220305;06:00:00;06:05:00;72;21.12;47
E4S 56,780;20220305;06:05:00;06:10:00;73;19.43;47
E4S 56,780;20220305;06:10:00;06:15:00;74;19.78;51
E4S 56,780;20220305;06:15:00;06:20:00;75;18.99;54
E4S 56,780;20220305;06:20:00;06:25:00;76;18.93;71
E4S 56,780;20220305;06:25:00;06:30:00;77;18.62;78
E4S 56,780;20220305;06:30:00;06:35:00;78;18.69;85
E4S 56,780;20220305;06:35:00;06:40:00;79;18.99;54
E4S 56,780;20220305;06:40:00;06:45:00;80;19.99;75
E4S 56,780;20220305;06:45:00;06:50:00;81;19.39;64
E4S 56,780;20220305;06:50:00;06:55:00;82;18.68;53
E4S 56,780;20220305;06:55:00;07:00:00;83;20.49;69
E4S 56,780;20220305;07:00:00;07:05:00;84;20.81;67
E4S 56,780;20220305;07:05:00;07:10:00;85;20.55;84
E4S 56,780;20220305;07:10:00;07:15:00;86;20.84;70
E4S 56,780;20220305;07:15:00;07:20:00;87;20.36;85
E4S 56,780;20220305;07:20:00;07:25:00;88;20.66;75
E4S 56,780;20220305;07:25:00;07:30:00;89;20.43;93
E4S 56,780;20220305;07:30:00;07:35:00;90;20.05;101
E4S 56,780;20220305;07:35:00;07:40:00;91;20.38;114
E4S 56,780;20220305;07:40:00;07:45:00;92;20.59;104
E4S 56,780;20220305;07:45:00;07:50:00;93;19.76;122
E4S 56,780;20220305;07:50:00;07:55:00;94;20.07;90
E4S 56,780;20220305;07:55:00;08:00:00;95;19.66;108
E4S 56,780;20220305;08:00:00;08:05:00;96;20.03;109
E4S 56,780;20220305;08:05:00;08:10:00;97;20.08;86
E4S 56,780;20220305;08:10:00;08:15:00;98;19.64;147
E4S 56,780;20220305;08:15:00;08:20:00;99;19.13;103
E4S 56,780;20220305;08:20:00;08:25:00;100;19.56;114
E4S 56,780;20220305;08:25:00;08:30:00;101;19.30;139
E4S 56,780;20220305;08:30:00;08:35:00;102;19.75;165
E4S 56,780;20220305;08:35:00;08:40:00;103;19.37;154
E4S 56,780;20220305;08:40:00;08:45:00;104;19.89;172
E4S 56,780;20220305;08:45:00;08:50:00;105;19.70;148
E4S 56,780;20220305;08:50:00;08:55:00;106;19.44;182
E4S 56,780;20220305;08:55:00;09:00:00;107;18.91;147
E4S 56,780;20220305;09:00:00;09:05:00;108;19.61;161
E4S 56,780;20220305;09:05:00;09:10:00;109;19.46;172
E4S 56,780;20220305;09:10:00;09:15:00;110;18.92;179
E4S 56,780;20220305;09:15:00;09:20:00;111;18.36;210
E4S 56,780;20220305;09:20:00;09:25:00;112;18.69;222
E4S 56,780;20220305;09:25:00;09:30:00;113;18.79;213
E4S 56,780;20220305;09:30:00;09:35:00;114;18.69;219
E4S 56,780;20220305;09:35:00;09:40:00;115;18.60;250
E4S 56,780;20220305;09:40:00;09:45:00;116;18.07;252
E4S 56,780;20220305;09:45:00;09:50:00;117;18.60;225
E4S 56,780;20220305;09:50:00;09:55:00;118;18.15;243
E4S 56,780;20220305;09:55:00;10:00:00;119;18.45;207
E4S 56,780;20220305;10:00:00;10:05:00;120;17.08;232
E4S 56,780;20220305;10:05:00;10:10:00;121;16.40;231
E4S 56,780;20220305;10:10:00;10:15:00;122;16.27;235
E4S 56,780;20220305;10:15:00;10:20:00;123;13.51;253
E4S 56,780;20220305;10:20:00;10:25:00;124;11.08;238
E4S 56,780;20220305;10:25:00;10:30:00;125;13.28;225
E4S 56,780;20220305;10:30:00;10:35:00;126;11.40;258
E4S 56,780;20220305;10:35:00;10:40:00;127;18.75;277
E4S 56,780;20220305;10:40:00;10:45:00;128;18.50;239
E4S 56,780;20220305;10:45:00;10:50:00;129;18.29;248
E4S 56,780;20220305;10:50:00;10:55:00;130;18.23;280
E4S 56,780;20220305;10:55:00;11:00:00;131;17.97;273
E4S 56,780;20220305;11:00:00;11:05:00;132;17.97;255
E4S 56,780;20220305;11:05:00;11:10:00;133;17.89;226
E4S 56,780;20220305;11:10:00;11:15:00;134;17.99;280
E4S 56,780;20220305;11:15:00;11:20:00;135;17.16;261
E4S 56,780;20220305;11:20:00;11:25:00;136;17.28;260
E4S 56,780;20220305;11:25:00;11:30:00;137;17.19;275
E4S 56,780;20220305;11:30:00;11:35:00;138;17.07;275
E4S 56,780;20220305;11:35:00;11:40:00;139;17.86;302
E4S 56,780;20220305;11:40:00;11:45:00;140;18.46;266
E4S 56,780;20220305;11:45:00;11:50:00;141;18.43;262
E4S 56,780;20220305;11:50:00;11:55:00;142;18.33;272
E4S 56,780;20220305;11:55:00;12:00:00;143;18.20;270
E4S 56,780;20220305;12:00:00;12:05:00;144;18.11;282
E4S 56,780;20220305;12:05:00;12:10:00;145;17.86;289
E4S 56,780;20220305;12:10:00;12:15:00;146;17.96;311
E4S 56,780;20220305;12:15:00;12:20:00;147;17.75;322
E4S 56,780;20220305;12:20:00;12:25:00;148;18.33;237
E4S 56,780;20220305;12:25:00;12:30:00;149;17.29;313
E4S 56,780;20220305;12:30:00;12:35:00;150;18.03;268
E4S 56,780;20220305;12:35:00;12:40:00;151;17.47;299
E4S 56,780;20220305;12:40:00;12:45:00;152;17.99;276
E4S 56,780;20220305;12:45:00;12:50:00;153;18.05;255
E4S 56,780;20220305;12:50:00;12:55:00;154;18.35;238
E4S 56,780;20220305;12:55:00;13:00:00;155;18.06;254
E4S 56,780;20220305;13:00:00;13:05:00;156;17.76;312
E4S 56,780;20220305;13:05:00;13:10:00;157;18.28;274
E4S 56,780;20220305;13:10:00;13:15:00;158;18.12;303
E4S 56,780;20220305;13:15:00;13:20:00;159;17.32;272
E4S 56,780;20220305;13:20:00;13:25:00;160;17.42;310
E4S 56,780;20220305;13:25:00;13:30:00;161;17.41;287
E4S 56,780;20220305;13:30:00;13:35:00;162;17.61;286
E4S 56,780;20220305;13:35:00;13:40:00;163;18.00;304
E4S 56,780;20220305;13:40:00;13:45:00;164;17.47;317
E4S 56,780;20220305;13:45:00;13:50:00;165;18.00;277
E4S 56,780;20220305;13:50:00;13:55:00;166;17.74;344
E4S 56,780;20220305;13:55:00;14:00:00;167;17.27;313
E4S 56,780;20220305;14:00:00;14:05:00;168;18.06;268
E4S 56,780;20220305;14:05:00;14:10:00;169;16.91;329
E4S 56,780;20220305;14:10:00;14:15:00;170;17.45;328
E4S 56,780;20220305;14:15:00;14:20:00;171;17.14;359
E4S 56,780;20220305;14:20:00;14:25:00;172;17.67;302
E4S 56,780;20220305;14:25:00;14:30:00;173;17.03;309
E4S 56,780;20220305;14:30:00;14:35:00;174;17.52;310
E4S 56,780;20220305;14:35:00;14:40:00;175;17.62;299
E4S 56,780;20220305;14:40:00;14:45:00;176;17.53;326
E4S 56,780;20220305;14:45:00;14:50:00;177;17.02;247
E4S 56,780;20220305;14:50:00;14:55:00;178;17.14;325
E4S 56,780;20220305;14:55:00;15:00:00;179;16.90;348
E4S 56,780;20220305;15:00:00;15:05:00;180;16.84;363
E4S 56,780;20220305;15:05:00;15:10:00;181;16.82;351
E4S 56,780;20220305;15:10:00;15:15:00;182;17.39;329
E4S 56,780;20220305;15:15:00;15:20:00;183;17.44;335
E4S 56,780;20220305;15:20:00;15:25:00;184;16.11;347
E4S 56,780;20220305;15:25:00;15:30:00;185;16.73;350
E4S 56,780;20220305;15:30:00;15:35:00;186;17.19;353
E4S 56,780;20220305;15:35:00;15:40:00;187;16.69;335
E4S 56,780;20220305;15:40:00;15:45:00;188;17.14;338
E4S 56,780;20220305;15:45:00;15:50:00;189;17.09;363
E4S 56,780;20220305;15:50:00;15:55:00;190;16.36;349
E4S 56,780;20220305;15:55:00;16:00:00;191;16.46;350
E4S 56,780;20220305;16:00:00;16:05:00;192;16.80;321
E4S 56,780;20220305;16:05:00;16:10:00;193;16.44;343
E4S 56,780;20220305;16:10:00;16:15:00;194;17.36;355
E4S 56,780;20220305;16:15:00;16:20:00;195;17.33;355
E4S 56,780;20220305;16:20:00;16:25:00;196;17.46;352
E4S 56,780;20220305;16:25:00;16:30:00;197;17.32;353
E4S 56,780;20220305;16:30:00;16:35:00;198;17.74;313
E4S 56,780;20220305;16:35:00;16:40:00;199;17.18;318
E4S 56,780;20220305;16:40:00;16:45:00;200;17.59;292
E4S 56,780;20220305;16:45:00;16:50:00;201;16.98;295
E4S 56,780;20220305;16:50:00;16:55:00;202;17.69;311
E4S 56,780;20220305;16:55:00;17:00:00;203;17.16;320
E4S 56,780;20220305;17:00:00;17:05:00;204;16.86;325
E4S 56,780;20220305;17:05:00;17:10:00;205;17.50;261
E4S 56,780;20220305;17:10:00;17:15:00;206;17.72;251
E4S 56,780;20220305;17:15:00;17:20:00;207;16.80;313
E4S 56,780;20220305;17:20:00;17:25:00;208;17.23;310
E4S 56,780;20220305;17:25:00;17:30:00;209;17.38;286
E4S 56,780;20220305;17:30:00;17:35:00;210;17.51;278
E4S 56,780;20220305;17:35:00;17:40:00;211;17.42;298
E4S 56,780;20220305;17:40:00;17:45:00;212;17.88;282
E4S 56,780;20220305;17:45:00;17:50:00;213;17.07;302
E4S 56,780;20220305;17:50:00;17:55:00;214;17.66;272
E4S 56,780;20220305;17:55:00;18:00:00;215;17.48;282
E4S 56,780;20220305;18:00:00;18:05:00;216;17.60;263
E4S 56,780;20220305;18:05:00;18:10:00;217;17.43;293
E4S 56,780;20220305;18:10:00;18:15:00;218;17.55;238
E4S 56,780;20220305;18:15:00;18:20:00;219;17.65;262
E4S 56,780;20220305;18:20:00;18:25:00;220;17.88;288
E4S 56,780;20220305;18:25:00;18:30:00;221;17.80;232
E4S 56,780;20220305;18:30:00;18:35:00;222;17.68;238
E4S 56,780;20220305;18:35:00;18:40:00;223;18.38;237
E4S 56,780;20220305;18:40:00;18:45:00;224;17.89;224
E4S 56,780;20220305;18:45:00;18:50:00;225;17.84;239
E4S 56,780;20220305;18:50:00;18:55:00;226;17.79;245
E4S 56,780;20220305;18:55:00;19:00:00;227;18.17;232
E4S 56,780;20220305;19:00:00;19:05:00;228;18.17;185
E4S 56,780;20220305;19:05:00;19:10:00;229;18.83;207
E4S 56,780;20220305;19:10:00;19:15:00;230;18.03;218
E4S 56,780;20220305;19:15:00;19:20:00;231;19.05;190
E4S 56,780;20220305;19:20:00;19:25:00;232;18.74;207
E4S 56,780;20220305;19:25:00;19:30:00;233;18.96;194
E4S 56,780;20220305;19:30:00;19:35:00;234;18.36;211
E4S 56,780;20220305;19:35:00;19:40:00;235;18.44;185
E4S 56,780;20220305;19:40:00;19:45:00;236;18.75;165
E4S 56,780;20220305;19:45:00;19:50:00;237;18.67;192
E4S 56,780;20220305;19:50:00;19:55:00;238;18.23;202
E4S 56,780;20220305;19:55:00;20:00:00;239;18.49;155
E4S 56,780;20220305;20:00:00;20:05:00;240;18.80;156
E4S 56,780;20220305;20:05:00;20:10:00;241;18.98;148
E4S 56,780;20220305;20:10:00;20:15:00;242;18.68;170
E4S 56,780;20220305;20:15:00;20:20:00;243;18.12;195
E4S 56,780;20220305;20:20:00;20:25:00;244;18.15;166
E4S 56,780;20220305;20:25:00;20:30:00;245;18.75;158
E4S 56,780;20220305;20:30:00;20:35:00;246;18.66;156
E4S 56,780;20220305;20:35:00;20:40:00;247;18.93;167
E4S 56,780;20220305;20:40:00;20:45:00;248;19.23;160
E4S 56,780;20220305;20:45:00;20:50:00;249;18.44;154
E4S 56,780;20220305;20:50:00;20:55:00;250;19.18;172
E4S 56,780;20220305;20:55:00;21:00:00;251;19.36;151
E4S 56,780;20220305;21:00:00;21:05:00;252;18.26;156
E4S 56,780;20220305;21:05:00;21:10:00;253;18.99;161
E4S 56,780;20220305;21:10:00;21:15:00;254;17.93;178
E4S 56,780;20220305;21:15:00;21:20:00;255;18.02;162
E4S 56,780;20220305;21:20:00;21:25:00;256;18.44;143
E4S 56,780;20220305;21:25:00;21:30:00;257;18.88;131
E4S 56,780;20220305;21:30:00;21:35:00;258;18.80;138
E4S 56,780;20220305;21:35:00;21:40:00;259;18.69;124
E4S 56,780;20220305;21:40:00;21:45:00;260;19.71;129
E4S 56,780;20220305;21:45:00;21:50:00;261;18.86;138
E4S 56,780;20220305;21:50:00;21:55:00;262;18.93;140
E4S 56,780;20220305;21:55:00;22:00:00;263;18.89;77
E4S 56,780;20220305;22:00:00;22:05:00;264;19.29;108
E4S 56,780;20220305;22:05:00;22:10:00;265;19.53;98
E4S 56,780;20220305;22:10:00;22:15:00;266;18.75;112
E4S 56,780;20220305;22:15:00;22:20:00;267;19.29;118
E4S 56,780;20220305;22:20:00;22:25:00;268;19.94;73
E4S 56,780;20220305;22:25:00;22:30:00;269;17.74;73
E4S 56,780;20220305;22:30:00;22:35:00;270;19.01;88
E4S 56,780;20220305;22:35:00;22:40:00;271;19.39;84
E4S 56,780;20220305;22:40:00;22:45:00;272;19.28;88
E4S 56,780;20220305;22:45:00;22:50:00;273;17.63;76
E4S 56,780;20220305;22:50:00;22:55:00;274;18.79;78
E4S 56,780;20220305;22:55:00;23:00:00;275;19.36;72
E4S 56,780;20220305;23:00:00;23:05:00;276;19.23;69
E4S 56,780;20220305;23:05:00;23:10:00;277;19.45;72
E4S 56,780;20220305;23:10:00;23:15:00;278;18.95;73
E4S 56,780;20220305;23:15:00;23:20:00;279;19.64;70
E4S 56,780;20220305;23:20:00;23:25:00;280;19.22;78
E4S 56,780;20220305;23:25:00;23:30:00;281;19.82;58
E4S 56,780;20220305;23:30:00;23:35:00;282;18.95;62
E4S 56,780;20220305;23:35:00;23:40:00;283;19.50;54
E4S 56,780;20220305;23:40:00;23:45:00;284;19.08;47
E4S 56,780;20220305;23:45:00;23:50:00;285;19.40;55
E4S 56,780;20220305;23:50:00;23:55:00;286;20.08;63
E4S 56,780;20220305;23:55:00;24:00:00;287;19.53;51
E4S 56,780;20220306;00:00:00;00:05:00;0;20.13;50
E4S 56,780;20220306;00:05:00;00:10:00;1;20.37;48
E4S 56,780;20220306;00:10:00;00:15:00;2;20.24;46
E4S 56,780;20220306;00:15:00;00:20:00;3;19.35;55
E4S 56,780;20220306;00:20:00;00:25:00;4;19.22;43
E4S 56,780;20220306;00:25:00;00:30:00;5;19.55;33
E4S 56,780;20220306;00:30:00;00:35:00;6;19.40;41
E4S 56,780;20220306;00:35:00;00:40:00;7;19.18;55
E4S 56,780;20220306;00:40:00;00:45:00;8;20.01;38
E4S 56,780;20220306;00:45:00;00:50:00;9;18.75;46
E4S 56,780;20220306;00:50:00;00:55:00;10;20.07;48
E4S 56,780;20220306;00:55:00;01:00:00;11;19.42;30
E4S 56,780;20220306;01:00:00;01:05:00;12;19.85;28
E4S 56,780;20220306;01:05:00;01:10:00;13;20.52;29
E4S 56,780;20220306;01:10:00;01:15:00;14;19.27;35
E4S 56,780;20220306;01:15:00;01:20:00;15;20.04;35
E4S 56,780;20220306;01:20:00;01:25:00;16;19.24;26
E4S 56,780;20220306;01:25:00;01:30:00;17;19.80;23
E4S 56,780;20220306;01:30:00;01:35:00;18;21.44;24
E4S 56,780;20220306;01:35:00;01:40:00;19;18.31;26
E4S 56,780;20220306;01:40:00;01:45:00;20;20.42;24
E4S 56,780;20220306;01:45:00;01:50:00;21;19.98;18
E4S 56,780;20220306;01:50:00;01:55:00;22;20.10;19
E4S 56,780;20220306;01:55:00;02:00:00;23;20.24;18
E4S 56,780;20220306;02:00:00;02:05:00;24;19.69;17
E4S 56,780;20220306;02:05:00;02:10:00;25;19.54;9
E4S 56,780;20220306;02:10:00;02:15:00;26;19.94;18
E4S 56,780;20220306;02:15:00;02:20:00;27;19.29;16
E4S 56,780;20220306;02:20:00;02:25:00;28;19.24;19
E4S 56,780;20220306;02:25:00;02:30:00;29;20.81;31
E4S 56,780;20220306;02:30:00;02:35:00;30;19.54;22
E4S 56,780;20220306;02:35:00;02:40:00;31;19.93;19
E4S 56,780;20220306;02:40:00;02:45:00;32;20.05;18
E4S 56,780;20220306;02:45:00;02:50:00;33;20.31;24
E4S 56,780;20220306;02:50:00;02:55:00;34;20.70;15
E4S 56,780;20220306;02:55:00;03:00:00;35;19.62;18
E4S 56,780;20220306;03:00:00;03:05:00;36;20.61;17
E4S 56,780;20220306;03:05:00;03:10:00;37;21.21;10
E4S 56,780;20220306;03:10:00;03:15:00;38;19.12;19
E4S 56,780;20220306;03:15:00;03:20:00;39;20.84;14
E4S 56,780;20220306;03:20:00;03:25:00;40;20.86;10
E4S 56,780;20220306;03:25:00;03:30:00;41;20.87;9
E4S 56,780;20220306;03:30:00;03:35:00;42;18.59;10
E4S 56,780;20220306;03:35:00;03:40:00;43;19.12;14
E4S 56,780;20220306;03:40:00;03:45:00;44;20.25;9
E4S 56,780;20220306;03:45:00;03:50:00;45;20.88;19
E4S 56,780;20220306;03:50:00;03:55:00;46;20.57;22
E4S 56,780;20220306;03:55:00;04:00:00;47;20.07;28
E4S 56,780;20220306;04:00:00;04:05:00;48;19.91;18
E4S 56,780;20220306;04:05:00;04:10:00;49;18.63;21
E4S 56,780;20220306;04:10:00;04:15:00;50;18.37;15
E4S 56,780;20220306;04:15:00;04:20:00;51;19.54;10
E4S 56,780;20220306;04:20:00;04:25:00;52;19.37;19
E4S 56,780;20220306;04:25:00;04:30:00;53;20.65;9
E4S 56,780;20220306;04:30:00;04:35:00;54;21.19;12
E4S 56,780;20220306;04:35:00;04:40:00;55;21.91;18
E4S 56,780;20220306;04:40:00;04:45:00;56;18.74;30
E4S 56,780;20220306;04:45:00;04:50:00;57;20.88;16
E4S 56,780;20220306;04:50:00;04:55:00;58;19.77;18
E4S 56,780;20220306;04:55:00;05:00:00;59;20.09;21
E4S 56,780;20220306;05:00:00;05:05:00;60;19.56;24
E4S 56,780;20220306;05:05:00;05:10:00;61;19.50;23
E4S 56,780;20220306;05:10:00;05:15:00;62;19.88;23
E4S 56,780;20220306;05:15:00;05:20:00;63;20.60;36
E4S 56,780;20220306;05:20:00;05:25:00;64;19.77;48
E4S 56,780;20220306;05:25:00;05:30:00;65;20.65;44
E4S 56,780;20220306;05:30:00;05:35:00;66;20.25;42
E4S 56,780;20220306;05:35:00;05:40:00;67;20.54;42
E4S 56,780;20220306;05:40:00;05:45:00;68;21.07;35
E4S 56,780;20220306;05:45:00;05:50:00;69;21.00;35
E4S 56,780;20220306;05:50:00;05:55:00;70;20.08;38
E4S 56,780;20220306;05:55:00;06:00:00;71;19.95;35
E4S 56,780;20220306;06:00:00;06:05:00;72;21.78;35
E4S 56,780;20220306;06:05:00;06:10:00;73;19.68;32
E4S 56,780;20220306;06:10:00;06:15:00;74;19.62;28
E4S 56,780;20220306;06:15:00;06:20:00;75;20.26;52
E4S 56,780;20220306;06:20:00;06:25:00;76;20.39;31
E4S 56,780;20220306;06:25:00;06:30:00;77;20.82;40
E4S 56,780;20220306;06:30:00;06:35:00;78;19.46;57
E4S 56,780;20220306;06:35:00;06:40:00;79;20.02;43
E4S 56,780;20220306;06:40:00;06:45:00;80;20.89;68
E4S 56,780;20220306;06:45:00;06:50:00;81;20.41;53
E4S 56,780;20220306;06:50:00;06:55:00;82;20.19;60
E4S 56,780;20220306;06:55:00;07:00:00;83;20.49;50
E4S 56,780;20220306;07:00:00;07:05:00;84;21.42;49
E4S 56,780;20220306;07:05:00;07:10:00;85;19.67;45
E4S 56,780;20220306;07:10:00;07:15:00;86;20.00;68
E4S 56,780;20220306;07:15:00;07:20:00;87;20.54;49
E4S 56,780;20220306;07:20:00;07:25:00;88;19.92;56
E4S 56,780;20220306;07:25:00;07:30:00;89;21.06;67
E4S 56,780;20220306;07:30:00;07:35:00;90;21.46;55
E4S 56,780;20220306;07:35:00;07:40:00;91;20.96;72
E4S 56,780;20220306;07:40:00;07:45:00;92;20.16;90
E4S 56,780;20220306;07:45:00;07:50:00;93;20.44;109
E4S 56,780;20220306;07:50:00;07:55:00;94;19.58;75
E4S 56,780;20220306;07:55:00;08:00:00;95;20.35;76
E4S 56,780;20220306;08:00:00;08:05:00;96;21.49;77
E4S 56,780;20220306;08:05:00;08:10:00;97;19.89;90
E4S 56,780;20220306;08:10:00;08:15:00;98;20.50;93
E4S 56,780;20220306;08:15:00;08:20:00;99;20.63;88
E4S 56,780;20220306;08:20:00;08:25:00;100;20.08;108
E4S 56,780;20220306;08:25:00;08:30:00;101;19.46;112
E4S 56,780;20220306;08:30:00;08:35:00;102;19.57;117
E4S 56,780;20220306;08:35:00;08:40:00;103;19.67;149
E4S 56,780;20220306;08:40:00;08:45:00;104;19.53;130
E4S 56,780;20220306;08:45:00;08:50:00;105;19.36;141
E4S 56,780;20220306;08:50:00;08:55:00;106;19.88;133
E4S 56,780;20220306;08:55:00;09:00:00;107;19.76;137
E4S 56,780;20220306;09:00:00;09:05:00;108;20.10;124
E4S 56,780;20220306;09:05:00;09:10:00;109;19.21;145
E4S 56,780;20220306;09:10:00;09:15:00;110;18.83;172
E4S 56,780;20220306;09:15:00;09:20:00;111;19.63;158
E4S 56,780;20220306;09:20:00;09:25:00;112;18.99;181
E4S 56,780;20220306;09:25:00;09:30:00;113;18.97;146
E4S 56,780;20220306;09:30:00;09:35:00;114;19.08;190
E4S 56,780;20220306;09:35:00;09:40:00;115;19.08;194
E4S 56,780;20220306;09:40:00;09:45:00;116;18.65;188
E4S 56,780;20220306;09:45:00;09:50:00;117;18.86;186
E4S 56,780;20220306;09:50:00;09:55:00;118;18.92;205
E4S 56,780;20220306;09:55:00;10:00:00;119;18.51;212
E4S 56,780;20220306;10:00:00;10:05:00;120;18.95;197
E4S 56,780;20220306;10:05:00;10:10:00;121;18.92;233
E4S 56,780;20220306;10:10:00;10:15:00;122;18.71;184
E4S 56,780;20220306;10:15:00;10:20:00;123;18.23;235
E4S 56,780;20220306;10:20:00;10:25:00;124;18.56;250
E4S 56,780;20220306;10:25:00;10:30:00;125;18.53;253
E4S 56,780;20220306;10:30:00;10:35:00;126;18.39;239
E4S 56,780;20220306;10:35:00;10:40:00;127;18.30;227
E4S 56,780;20220306;10:40:00;10:45:00;128;18.80;233
E4S 56,780;20220306;10:45:00;10:50:00;129;18.71;240
E4S 56,780;20220306;10:50:00;10:55:00;130;19.18;240
E4S 56,780;20220306;10:55:00;11:00:00;131;17.89;245
E4S 56,780;20220306;11:00:00;11:05:00;132;18.41;271
E4S 56,780;20220306;11:05:00;11:10:00;133;18.93;229
E4S 56,780;20220306;11:10:00;11:15:00;134;18.35;262
E4S 56,780;20220306;11:15:00;11:20:00;135;18.19;208
E4S 56,780;20220306;11:20:00;11:25:00;136;17.85;255
E4S 56,780;20220306;11:25:00;11:30:00;137;18.20;244
E4S 56,780;20220306;11:30:00;11:35:00;138;18.58;231
E4S 56,780;20220306;11:35:00;11:40:00;139;18.49;229
E4S 56,780;20220306;11:40:00;11:45:00;140;17.84;258
E4S 56,780;20220306;11:45:00;11:50:00;141;18.26;262
E4S 56,780;20220306;11:50:00;11:55:00;142;17.54;291
E4S 56,780;20220306;11:55:00;12:00:00;143;18.00;254
E4S 56,780;20220306;12:00:00;12:05:00;144;18.33;266
E4S 56,780;20220306;12:05:00;12:10:00;145;17.82;281
E4S 56,780;20220306;12:10:00;12:15:00;146;17.95;307
E4S 56,780;20220306;12:15:00;12:20:00;147;17.72;301
E4S 56,780;20220306;12:20:00;12:25:00;148;17.45;242
E4S 56,780;20220306;12:25:00;12:30:00;149;17.84;247
E4S 56,780;20220306;12:30:00;12:35:00;150;18.10;267
E4S 56,780;20220306;12:35:00;12:40:00;151;17.91;315
E4S 56,780;20220306;12:40:00;12:45:00;152;17.89;272
E4S 56,780;20220306;12:45:00;12:50:00;153;17.70;217
E4S 56,780;20220306;12:50:00;12:55:00;154;17.52;283
E4S 56,780;20220306;12:55:00;13:00:00;155;18.27;271
E4S 56,780;20220306;13:00:00;13:05:00;156;17.66;300
E4S 56,780;20220306;13:05:00;13:10:00;157;17.86;314
E4S 56,780;20220306;13:10:00;13:15:00;158;17.48;327
E4S 56,780;20220306;13:15:00;13:20:00;159;17.75;318
E4S 56,780;20220306;13:20:00;13:25:00;160;17.66;322
E4S 56,780;20220306;13:25:00;13:30:00;161;17.74;311
E4S 56,780;20220306;13:30:00;13:35:00;162;17.80;310
E4S 56,780;20220306;13:35:00;13:40:00;163;18.05;330
E4S 56,780;20220306;13:40:00;13:45:00;164;18.03;282
E4S 56,780;20220306;13:45:00;13:50:00;165;17.93;315
E4S 56,780;20220306;13:50:00;13:55:00;166;16.88;317
E4S 56,780;20220306;13:55:00;14:00:00;167;17.83;291
E4S 56,780;20220306;14:00:00;14:05:00;168;17.63;333
E4S 56,780;20220306;14:05:00;14:10:00;169;16.96;279
E4S 56,780;20220306;14:10:00;14:15:00;170;17.07;289
E4S 56,780;20220306;14:15:00;14:20:00;171;17.15;329
E4S 56,780;20220306;14:20:00;14:25:00;172;17.15;353
E4S 56,780;20220306;14:25:00;14:30:00;173;15.24;311
E4S 56,780;20220306;14:30:00;14:35:00;174;16.34;312
E4S 56,780;20220306;14:35:00;14:40:00;175;16.82;300
E4S 56,780;20220306;14:40:00;14:45:00;176;16.21;352
E4S 56,780;20220306;14:45:00;14:50:00;177;16.67;361
E4S 56,780;20220306;14:50:00;14:55:00;178;17.02;355
E4S 56,780;20220306;14:55:00;15:00:00;179;17.30;307
E4S 56,780;20220306;15:00:00;15:05:00;180;17.59;314
E4S 56,780;20220306;15:05:00;15:10:00;181;15.93;403
E4S 56,780;20220306;15:10:00;15:15:00;182;15.98;341
E4S 56,780;20220306;15:15:00;15:20:00;183;16.66;359
E4S 56,780;20220306;15:20:00;15:25:00;184;14.87;354
E4S 56,780;20220306;15:25:00;15:30:00;185;12.82;345
E4S 56,780;20220306;15:30:00;15:35:00;186;14.72;350
E4S 56,780;20220306;15:35:00;15:40:00;187;14.69;345
E4S 56,780;20220306;15:40:00;15:45:00;188;11.28;320
E4S 56,780;20220306;15:45:00;15:50:00;189;11.94;326
E4S 56,780;20220306;15:50:00;15:55:00;190;11.88;322
E4S 56,780;20220306;15:55:00;16:00:00;191;10.08;276
E4S 56,780;20220306;16:00:00;16:05:00;192;12.30;313
E4S 56,780;20220306;16:05:00;16:10:00;193;12.49;306
E4S 56,780;20220306;16:10:00;16:15:00;194;12.39;311
E4S 56,780;20220306;16:15:00;16:20:00;195;12.61;347
E4S 56,780;20220306;16:20:00;16:25:00;196;13.63;365
E4S 56,780;20220306;16:25:00;16:30:00;197;14.04;376
E4S 56,780;20220306;16:30:00;16:35:00;198;13.04;352
E4S 56,780;20220306;16:35:00;16:40:00;199;16.79;335
E4S 56,780;20220306;16:40:00;16:45:00;200;16.49;309
E4S 56,780;20220306;16:45:00;16:50:00;201;16.93;292
E4S 56,780;20220306;16:50:00;16:55:00;202;16.98;273
E4S 56,780;20220306;16:55:00;17:00:00;203;16.94;255
E4S 56,780;20220306;17:00:00;17:05:00;204;16.97;281
E4S 56,780;20220306;17:05:00;17:10:00;205;17.02;294
E4S 56,780;20220306;17:10:00;17:15:00;206;16.79;270
E4S 56,780;20220306;17:15:00;17:20:00;207;16.97;271
E4S 56,780;20220306;17:20:00;17:25:00;208;16.66;314
E4S 56,780;20220306;17:25:00;17:30:00;209;16.87;298
E4S 56,780;20220306;17:30:00;17:35:00;210;17.08;289
E4S 56,780;20220306;17:35:00;17:40:00;211;16.40;313
E4S 56,780;20220306;17:40:00;17:45:00;212;17.67;298
E4S 56,780;20220306;17:45:00;17:50:00;213;17.83;296
E4S 56,780;20220306;17:50:00;17:55:00;214;18.13;260
E4S 56,780;20220306;17:55:00;18:00:00;215;17.36;286
E4S 56,780;20220306;18:00:00;18:05:00;216;17.57;278
E4S 56,780;20220306;18:05:00;18:10:00;217;18.01;269
E4S 56,780;20220306;18:10:00;18:15:00;218;17.84;269
E4S 56,780;20220306;18:15:00;18:20:00;219;17.78;277
E4S 56,780;20220306;18:20:00;18:25:00;220;17.62;282
E4S 56,780;20220306;18:25:00;18:30:00;221;18.02;280
E4S 56,780;20220306;18:30:00;18:35:00;222;18.00;276
E4S 56,780;20220306;18:35:00;18:40:00;223;16.89;228
E4S 56,780;20220306;18:40:00;18:45:00;224;9.10;256
E4S 56,780;20220306;18:45:00;18:50:00;225;17.37;300
E4S 56,780;20220306;18:50:00;18:55:00;226;18.37;236
E4S 56,780;20220306;18:55:00;19:00:00;227;18.79;208
E4S 56,780;20220306;19:00:00;19:05:00;228;18.58;229
E4S 56,780;20220306;19:05:00;19:10:00;229;17.75;266
E4S 56,780;20220306;19:10:00;19:15:00;230;18.78;208
E4S 56,780;20220306;19:15:00;19:20:00;231;18.18;234
E4S 56,780;20220306;19:20:00;19:25:00;232;18.41;236
E4S 56,780;20220306;19:25:00;19:30:00;233;18.16;246
E4S 56,780;20220306;19:30:00;19:35:00;234;18.05;225
E4S 56,780;20220306;19:35:00;19:40:00;235;18.61;186
E4S 56,780;20220306;19:40:00;19:45:00;236;16.90;209
E4S 56,780;20220306;19:45:00;19:50:00;237;18.36;202
E4S 56,780;20220306;19:50:00;19:55:00;238;18.47;247
E4S 56,780;20220306;19:55:00;20:00:00;239;18.68;183
E4S 56,780;20220306;20:00:00;20:05:00;240;18.98;182
E4S 56,780;20220306;20:05:00;20:10:00;241;18.79;193
E4S 56,780;20220306;20:10:00;20:15:00;242;19.25;167
E4S 56,780;20220306;20:15:00;20:20:00;243;18.86;130
E4S 56,780;20220306;20:20:00;20:25:00;244;18.28;166
E4S 56,780;20220306;20:25:00;20:30:00;245;18.78;165
E4S 56,780;20220306;20:30:00;20:35:00;246;19.16;151
E4S 56,780;20220306;20:35:00;20:40:00;247;18.95;170
E4S 56,780;20220306;20:40:00;20:45:00;248;19.10;143
E4S 56,780;20220306;20:45:00;20:50:00;249;19.13;142
E4S 56,780;20220306;20:50:00;20:55:00;250;19.48;127
E4S 56,780;20220306;20:55:00;21:00:00;251;19.13;128
E4S 56,780;20220306;21:00:00;21:05:00;252;19.20;112
E4S 56,780;20220306;21:05:00;21:10:00;253;19.79;92
E4S 56,780;20220306;21:10:00;21:15:00;254;18.96;123
E4S 56,780;20220306;21:15:00;21:20:00;255;19.72;103
E4S 56,780;20220306;21:20:00;21:25:00;256;19.76;90
E4S 56,780;20220306;21:25:00;21:30:00;257;19.59;85
E4S 56,780;20220306;21:30:00;21:35:00;258;19.17;72
E4S 56,780;20220306;21:35:00;21:40:00;259;20.36;75
E4S 56,780;20220306;21:40:00;21:45:00;260;19.84;79
E4S 56,780;20220306;21:45:00;21:50:00;261;19.31;57
E4S 56,780;20220306;21:50:00;21:55:00;262;19.10;67
E4S 56,780;20220306;21:55:00;22:00:00;263;19.64;45
E4S 56,780;20220306;22:00:00;22:05:00;264;19.38;76
E4S 56,780;20220306;22:05:00;22:10:00;265;19.22;54
E4S 56,780;20220306;22:10:00;22:15:00;266;20.20;58
E4S 56,780;20220306;22:15:00;22:20:00;267;19.19;42
E4S 56,780;20220306;22:20:00;22:25:00;268;19.85;61
E4S 56,780;20220306;22:25:00;22:30:00;269;20.50;57
E4S 56,780;20220306;22:30:00;22:35:00;270;20.63;54
E4S 56,780;20220306;22:35:00;22:40:00;271;20.77;37
E4S 56,780;20220306;22:40:00;22:45:00;272;18.87;44
E4S 56,780;20220306;22:45:00;22:50:00;273;19.81;48
E4S 56,780;20220306;22:50:00;22:55:00;274;20.00;44
E4S 56,780;20220306;22:55:00;23:00:00;275;19.78;27
E4S 56,780;20220306;23:00:00;23:05:00;276;20.34;38
E4S 56,780;20220306;23:05:00;23:10:00;277;20.35;37
E4S 56,780;20220306;23:10:00;23:15:00;278;19.76;21
E4S 56,780;20220306;23:15:00;23:20:00;279;20.60;31
E4S 56,780;20220306;23:20:00;23:25:00;280;20.33;37
E4S 56,780;20220306;23:25:00;23:30:00;281;20.79;28
E4S 56,780;20220306;23:30:00;23:35:00;282;20.23;28
E4S 56,780;20220306;23:35:00;23:40:00;283;19.90;25
E4S 56,780;20220306;23:40:00;23:45:00;284;21.85;25
E4S 56,780;20220306;23:45:00;23:50:00;285;21.45;21
E4S 56,780;20220306;23:50:00;23:55:00;286;19.95;23
E4S 56,780;20220306;23:55:00;24:00:00;287;19.81;15
E4S 56,780;20220310;00:00:00;00:05:00;0;19.25;10
E4S 56,780;20220310;00:05:00;00:10:00;1;20.24;16
E4S 56,780;20220310;00:10:00;00:15:00;2;20.08;19
E4S 56,780;20220310;00:15:00;00:20:00;3;19.60;37
E4S 56,780;20220310;00:20:00;00:25:00;4;19.68;26
E4S 56,780;20220310;00:25:00;00:30:00;5;19.12;26
E4S 56,780;20220310;00:30:00;00:35:00;6;18.89;18
E4S 56,780;20220310;00:35:00;00:40:00;7;19.27;21
E4S 56,780;20220310;00:40:00;00:45:00;8;20.25;24
E4S 56,780;20220310;00:45:00;00:50:00;9;19.39;23
E4S 56,780;20220310;00:50:00;00:55:00;10;21.31;14
E4S 56,780;20220310;00:55:00;01:00:00;11;19.82;19
E4S 56,780;20220310;01:00:00;01:05:00;12;20.40;15
E4S 56,780;20220310;01:05:00;01:10:00;13;19.21;20
E4S 56,780;20220310;01:10:00;01:15:00;14;20.34;23
E4S 56,780;20220310;01:15:00;01:20:00;15;19.93;18
E4S 56,780;20220310;01:20:00;01:25:00;16;19.62;29
E4S 56,780;20220310;01:25:00;01:30:00;17;21.77;19
E4S 56,780;20220310;01:30:00;01:35:00;18;21.05;20
E4S 56,780;20220310;01:35:00;01:40:00;19;18.72;16
E4S 56,780;20220310;01:40:00;01:45:00;20;19.40;10
E4S 56,780;20220310;01:45:00;01:50:00;21;19.57;14
E4S 56,780;20220310;01:50:00;01:55:00;22;20.05;14
E4S 56,780;20220310;01:55:00;02:00:00;23;19.20;19
E4S 56,780;20220310;02:00:00;02:05:00;24;18.03;10
E4S 56,780;20220310;02:05:00;02:10:00;25;20.62;10
E4S 56,780;20220310;02:10:00;02:15:00;26;20.62;20
E4S 56,780;20220310;02:15:00;02:20:00;27;19.51;13
E4S 56,780;20220310;02:20:00;02:25:00;28;19.05;15
E4S 56,780;20220310;02:25:00;02:30:00;29;20.03;21
E4S 56,780;20220310;02:30:00;02:35:00;30;19.72;24
E4S 56,780;20220310;02:35:00;02:40:00;31;19.14;13
E4S 56,780;20220310;02:40:00;02:45:00;32;20.20;18
E4S 56,780;20220310;02:45:00;02:50:00;33;19.85;19
E4S 56,780;20220310;02:50:00;02:55:00;34;19.44;16
E4S 56,780;20220310;02:55:00;03:00:00;35;19.07;11
E4S 56,780;20220310;03:00:00;03:05:00;36;19.89;20
E4S 56,780;20220310;03:05:00;03:10:00;37;18.51;27
E4S 56,780;20220310;03:10:00;03:15:00;38;20.30;14
E4S 56,780;20220310;03:15:00;03:20:00;39;19.86;32
E4S 56,780;20220310;03:20:00;03:25:00;40;19.57;28
E4S 56,780;20220310;03:25:00;03:30:00;41;20.44;39
E4S 56,780;20220310;03:30:00;03:35:00;42;19.02;23
E4S 56,780;20220310;03:35:00;03:40:00;43;19.79;33
E4S 56,780;20220310;03:40:00;03:45:00;44;20.03;24
E4S 56,780;20220310;03:45:00;03:50:00;45;20.24;35
E4S 56,780;20220310;03:50:00;03:55:00;46;20.49;33
E4S 56,780;20220310;03:55:00;04:00:00;47;21.29;35
E4S 56,780;20220310;04:00:00;04:05:00;48;21.17;49
E4S 56,780;20220310;04:05:00;04:10:00;49;20.85;51
E4S 56,780;20220310;04:10:00;04:15:00;50;20.32;39
E4S 56,780;20220310;04:15:00;04:20:00;51;20.12;60
E4S 56,780;20220310;04:20:00;04:25:00;52;21.33;53
E4S 56,780;20220310;04:25:00;04:30:00;53;20.30;77
E4S 56,780;20220310;04:30:00;04:35:00;54;20.92;105
E4S 56,780;20220310;04:35:00;04:40:00;55;20.67;117
E4S 56,780;20220310;04:40:00;04:45:00;56;20.20;137
E4S 56,780;20220310;04:45:00;04:50:00;57;19.97;163
E4S 56,780;20220310;04:50:00;04:55:00;58;19.88;187
E4S 56,780;20220310;04:55:00;05:00:00;59;19.88;213
E4S 56,780;20220310;05:00:00;05:05:00;60;20.41;143
E4S 56,780;20220310;05:05:00;05:10:00;61;20.34;154
E4S 56,780;20220310;05:10:00;05:15:00;62;19.84;221
E4S 56,780;20220310;05:15:00;05:20:00;63;19.46;229
E4S 56,780;20220310;05:20:00;05:25:00;64;18.58;293
E4S 56,780;20220310;05:25:00;05:30:00;65;19.08;281
E4S 56,780;20220310;05:30:00;05:35:00;66;18.76;300
E4S 56,780;20220310;05:35:00;05:40:00;67;18.97;298
E4S 56,780;20220310;05:40:00;05:45:00;68;18.88;282
E4S 56,780;20220310;05:45:00;05:50:00;69;18.68;314
E4S 56,780;20220310;05:50:00;05:55:00;70;18.96;292
E4S 56,780;20220310;05:55:00;06:00:00;71;19.69;311
E4S 56,780;20220310;06:00:00;06:05:00;72;19.71;264
E4S 56,780;20220310;06:05:00;06:10:00;73;18.93;277
E4S 56,780;20220310;06:10:00;06:15:00;74;19.00;299
E4S 56,780;20220310;06:15:00;06:20:00;75;18.42;326
E4S 56,780;20220310;06:20:00;06:25:00;76;18.40;362
E4S 56,780;20220310;06:25:00;06:30:00;77;19.18;301
E4S 56,780;20220310;06:30:00;06:35:00;78;18.11;356
E4S 56,780;20220310;06:35:00;06:40:00;79;18.31;305
E4S 56,780;20220310;06:40:00;06:45:00;80;18.29;318
E4S 56,780;20220310;06:45:00;06:50:00;81;17.85;332
E4S 56,780;20220310;06:50:00;06:55:00;82;18.57;298
E4S 56,780;20220310;06:55:00;07:00:00;83;18.72;267
E4S 56,780;20220310;07:00:00;07:05:00;84;18.37;291
E4S 56,780;20220310;07:05:00;07:10:00;85;18.77;301
E4S 56,780;20220310;07:10:00;07:15:00;86;18.28;327
E4S 56,780;20220310;07:15:00;07:20:00;87;18.58;315
E4S 56,780;20220310;07:20:00;07:25:00;88;18.28;308
E4S 56,780;20220310;07:25:00;07:30:00;89;18.05;302
E4S 56,780;20220310;07:30:00;07:35:00;90;18.16;302
E4S 56,780;20220310;07:35:00;07:40:00;91;17.79;365
E4S 56,780;20220310;07:40:00;07:45:00;92;17.91;296
E4S 56,780;20220310;07:45:00;07:50:00;93;17.81;310
E4S 56,780;20220310;07:50:00;07:55:00;94;17.75;310
E4S 56,780;20220310;07:55:00;08:00:00;95;17.44;340
E4S 56,780;20220310;08:00:00;08:05:00;96;17.50;318
E4S 56,780;20220310;08:05:00;08:10:00;97;17.69;274
E4S 56,780;20220310;08:10:00;08:15:00;98;18.80;254
E4S 56,780;20220310;08:15:00;08:20:00;99;18.69;283
E4S 56,780;20220310;08:20:00;08:25:00;100;18.43;233
E4S 56,780;20220310;08:25:00;08:30:00;101;17.57;285
E4S 56,780;20220310;08:30:00;08:35:00;102;18.25;299
E4S 56,780;20220310;08:35:00;08:40:00;103;18.19;298
E4S 56,780;20220310;08:40:00;08:45:00;104;18.20;276
E4S 56,780;20220310;08:45:00;08:50:00;105;18.08;264
E4S 56,780;20220310;08:50:00;08:55:00;106;17.83;291
E4S 56,780;20220310;08:55:00;09:00:00;107;18.12;236
E4S 56,780;20220310;09:00:00;09:05:00;108;18.46;254
E4S 56,780;20220310;09:05:00;09:10:00;109;18.49;260
E4S 56,780;20220310;09:10:00;09:15:00;110;18.23;258
E4S 56,780;20220310;09:15:00;09:20:00;111;17.99;257
E4S 56,780;20220310;09:20:00;09:25:00;112;18.48;257
E4S 56,780;20220310;09:25:00;09:30:00;113;18.18;263
E4S 56,780;20220310;09:30:00;09:35:00;114;18.18;285
E4S 56,780;20220310;09:35:00;09:40:00;115;18.53;251
E4S 56,780;20220310;09:40:00;09:45:00;116;19.00;247
E4S 56,780;20220310;09:45:00;09:50:00;117;17.86;264
E4S 56,780;20220310;09:50:00;09:55:00;118;18.25;256
E4S 56,780;20220310;09:55:00;10:00:00;119;18.12;274
E4S 56,780;20220310;10:00:00;10:05:00;120;18.87;252
E4S 56,780;20220310;10:05:00;10:10:00;121;18.66;229
E4S 56,780;20220310;10:10:00;10:15:00;122;18.39;239
E4S 56,780;20220310;10:15:00;10:20:00;123;18.83;258
E4S 56,780;20220310;10:20:00;10:25:00;124;18.17;259
E4S 56,780;20220310;10:25:00;10:30:00;125;18.77;244
E4S 56,780;20220310;10:30:00;10:35:00;126;17.87;276
E4S 56,780;20220310;10:35:00;10:40:00;127;18.36;286
E4S 56,780;20220310;10:40:00;10:45:00;128;18.99;276
E4S 56,780;20220310;10:45:00;10:50:00;129;18.18;290
E4S 56,780;20220310;10:50:00;10:55:00;130;18.54;269
E4S 56,780;20220310;10:55:00;11:00:00;131;18.26;309
E4S 56,780;20220310;11:00:00;11:05:00;132;18.00;289
E4S 56,780;20220310;11:05:00;11:10:00;133;18.32;251
E4S 56,780;20220310;11:10:00;11:15:00;134;18.38;301
E4S 56,780;20220310;11:15:00;11:20:00;135;17.98;321
E4S 56,780;20220310;11:20:00;11:25:00;136;18.50;283
E4S 56,780;20220310;11:25:00;11:30:00;137;18.15;325
E4S 56,780;20220310;11:30:00;11:35:00;138;18.50;291
E4S 56,780;20220310;11:35:00;11:40:00;139;17.77;297
E4S 56,780;20220310;11:40:00;11:45:00;140;17.42;337
E4S 56,780;20220310;11:45:00;11:50:00;141;18.03;301
E4S 56,780;20220310;11:50:00;11:55:00;142;17.91;313
E4S 56,780;20220310;11:55:00;12:00:00;143;18.00;303
E4S 56,780;20220310;12:00:00;12:05:00;144;18.22;305
E4S 56,780;20220310;12:05:00;12:10:00;145;18.02;308
E4S 56,780;20220310;12:10:00;12:15:00;146;17.79;341
E4S 56,780;20220310;12:15:00;12:20:00;147;17.51;359
E4S 56,780;20220310;12:20:00;12:25:00;148;17.67;353
E4S 56,780;20220310;12:25:00;12:30:00;149;17.39;344
E4S 56,780;20220310;12:30:00;12:35:00;150;17.74;328
E4S 56,780;20220310;12:35:00;12:40:00;151;17.86;341
E4S 56,780;20220310;12:40:00;12:45:00;152;17.50;340
E4S 56,780;20220310;12:45:00;12:50:00;153;17.73;305
E4S 56,780;20220310;12:50:00;12:55:00;154;17.95;324
E4S 56,780;20220310;12:55:00;13:00:00;155;18.01;295
E4S 56,780;20220310;13:00:00;13:05:00;156;18.03;306
E4S 56,780;20220310;13:05:00;13:10:00;157;18.07;319
E4S 56,780;20220310;13:10:00;13:15:00;158;17.65;337
E4S 56,780;20220310;13:15:00;13:20:00;159;17.08;340
E4S 56,780;20220310;13:20:00;13:25:00;160;16.63;368
E4S 56,780;20220310;13:25:00;13:30:00;161;17.32;363
E4S 56,780;20220310;13:30:00;13:35:00;162;17.17;363
E4S 56,780;20220310;13:35:00;13:40:00;163;17.32;362
E4S 56,780;20220310;13:40:00;13:45:00;164;17.91;316
E4S 56,780;20220310;13:45:00;13:50:00;165;17.50;380
E4S 56,780;20220310;13:50:00;13:55:00;166;16.99;400
E4S 56,780;20220310;13:55:00;14:00:00;167;17.62;404
E4S 56,780;20220310;14:00:00;14:05:00;168;16.60;425
E4S 56,780;20220310;14:05:00;14:10:00;169;16.26;441
E4S 56,780;20220310;14:10:00;14:15:00;170;15.60;449
E4S 56,780;20220310;14:15:00;14:20:00;171;9.19;293
E4S 56,780;20220310;14:20:00;14:25:00;172;10.83;348
E4S 56,780;20220310;14:25:00;14:30:00;173;10.74;365
E4S 56,780;20220310;14:30:00;14:35:00;174;8.60;295
E4S 56,780;20220310;14:35:00;14:40:00;175;9.97;329
E4S 56,780;20220310;14:40:00;14:45:00;176;11.17;368
E4S 56,780;20220310;14:45:00;14:50:00;177;8.06;255
E4S 56,780;20220310;14:50:00;14:55:00;178;9.01;331
E4S 56,780;20220310;14:55:00;15:00:00;179;11.97;377
E4S 56,780;20220310;15:00:00;15:05:00;180;9.21;312
E4S 56,780;20220310;15:05:00;15:10:00;181;9.98;369
E4S 56,780;20220310;15:10:00;15:15:00;182;9.65;303
E4S 56,780;20220310;15:15:00;15:20:00;183;8.31;337
E4S 56,780;20220310;15:20:00;15:25:00;184;8.49;311
E4S 56,780;20220310;15:25:00;15:30:00;185;8.80;340
E4S 56,780;20220310;15:30:00;15:35:00;186;10.35;364
E4S 56,780;20220310;15:35:00;15:40:00;187;7.60;314
E4S 56,780;20220310;15:40:00;15:45:00;188;7.75;282
E4S 56,780;20220310;15:45:00;15:50:00;189;9.62;326
E4S 56,780;20220310;15:50:00;15:55:00;190;7.51;294
E4S 56,780;20220310;15:55:00;16:00:00;191;9.84;351
E4S 56,780;20220310;16:00:00;16:05:00;192;7.13;302
E4S 56,780;20220310;16:05:00;16:10:00;193;8.14;319
E4S 56,780;20220310;16:10:00;16:15:00;194;7.29;266
E4S 56,780;20220310;16:15:00;16:20:00;195;9.25;351
E4S 56,780;20220310;16:20:00;16:25:00;196;9.29;350
E4S 56,780;20220310;16:25:00;16:30:00;197;8.61;315
E4S 56,780;20220310;16:30:00;16:35:00;198;12.36;333
E4S 56,780;20220310;16:35:00;16:40:00;199;16.37;237
E4S 56,780;20220310;16:40:00;16:45:00;200;15.88;272
E4S 56,780;20220310;16:45:00;16:50:00;201;16.45;273
E4S 56,780;20220310;16:50:00;16:55:00;202;15.71;251
E4S 56,780;20220310;16:55:00;17:00:00;203;16.32;275
E4S 56,780;20220310;17:00:00;17:05:00;204;16.29;240
E4S 56,780;20220310;17:05:00;17:10:00;205;16.41;249
E4S 56,780;20220310;17:10:00;17:15:00;206;16.45;252
E4S 56,780;20220310;17:15:00;17:20:00;207;16.67;250
E4S 56,780;20220310;17:20:00;17:25:00;208;16.42;229
E4S 56,780;20220310;17:25:00;17:30:00;209;15.72;286
E4S 56,780;20220310;17:30:00;17:35:00;210;15.87;325
E4S 56,780;20220310;17:35:00;17:40:00;211;16.94;296
E4S 56,780;20220310;17:40:00;17:45:00;212;17.14;316
E4S 56,780;20220310;17:45:00;17:50:00;213;17.53;248
E4S 56,780;20220310;17:50:00;17:55:00;214;17.64;250
E4S 56,780;20220310;17:55:00;18:00:00;215;17.47;240
E4S 56,780;20220310;18:00:00;18:05:00;216;17.81;241
E4S 56,780;20220310;18:05:00;18:10:00;217;17.96;207
E4S 56,780;20220310;18:10:00;18:15:00;218;18.09;219
E4S 56,780;20220310;18:15:00;18:20:00;219;17.98;259
E4S 56,780;20220310;18:20:00;18:25:00;220;18.25;218
E4S 56,780;20220310;18:25:00;18:30:00;221;18.24;193
E4S 56,780;20220310;18:30:00;18:35:00;222;18.48;210
E4S 56,780;20220310;18:35:00;18:40:00;223;18.33;171
E4S 56,780;20220310;18:40:00;18:45:00;224;18.83;169
E4S 56,780;20220310;18:45:00;18:50:00;225;17.95;165
E4S 56,780;20220310;18:50:00;18:55:00;226;18.21;163
E4S 56,780;20220310;18:55:00;19:00:00;227;18.20;171
E4S 56,780;20220310;19:00:00;19:05:00;228;17.87;167
E4S 56,780;20220310;19:05:00;19:10:00;229;18.51;163
E4S 56,780;20220310;19:10:00;19:15:00;230;18.22;180
E4S 56,780;20220310;19:15:00;19:20:00;231;18.35;174
E4S 56,780;20220310;19:20:00;19:25:00;232;18.47;178
E4S 56,780;20220310;19:25:00;19:30:00;233;18.62;143
E4S 56,780;20220310;19:30:00;19:35:00;234;18.67;155
E4S 56,780;20220310;19:35:00;19:40:00;235;18.21;151
E4S 56,780;20220310;19:40:00;19:45:00;236;18.62;146
E4S 56,780;20220310;19:45:00;19:50:00;237;17.97;158
E4S 56,780;20220310;19:50:00;19:55:00;238;18.53;153
E4S 56,780;20220310;19:55:00;20:00:00;239;18.89;147
E4S 56,780;20220310;20:00:00;20:05:00;240;19.13;138
E4S 56,780;20220310;20:05:00;20:10:00;241;18.65;147
E4S 56,780;20220310;20:10:00;20:15:00;242;18.44;157
E4S 56,780;20220310;20:15:00;20:20:00;243;18.27;160
E4S 56,780;20220310;20:20:00;20:25:00;244;19.11;126
E4S 56,780;20220310;20:25:00;20:30:00;245;18.80;144
E4S 56,780;20220310;20:30:00;20:35:00;246;19.08;131
E4S 56,780;20220310;20:35:00;20:40:00;247;18.61;113
E4S 56,780;20220310;20:40:00;20:45:00;248;18.87;125
E4S 56,780;20220310;20:45:00;20:50:00;249;17.92;117
E4S 56,780;20220310;20:50:00;20:55:00;250;17.81;130
E4S 56,780;20220310;20:55:00;21:00:00;251;17.89;122
E4S 56,780;20220310;21:00:00;21:05:00;252;17.46;111
E4S 56,780;20220310;21:05:00;21:10:00;253;16.74;99
E4S 56,780;20220310;21:10:00;21:15:00;254;17.49;88
E4S 56,780;20220310;21:15:00;21:20:00;255;19.19;95
E4S 56,780;20220310;21:20:00;21:25:00;256;18.64;86
E4S 56,780;20220310;21:25:00;21:30:00;257;19.28;106
E4S 56,780;20220310;21:30:00;21:35:00;258;18.94;81
E4S 56,780;20220310;21:35:00;21:40:00;259;18.65;82
E4S 56,780;20220310;21:40:00;21:45:00;260;19.50;58
E4S 56,780;20220310;21:45:00;21:50:00;261;19.22;72
E4S 56,780;20220310;21:50:00;21:55:00;262;19.60;45
E4S 56,780;20220310;21:55:00;22:00:00;263;20.08;58
E4S 56,780;20220310;22:00:00;22:05:00;264;15.41;67
E4S 56,780;20220310;22:05:00;22:10:00;265;10.62;34
E4S 56,780;20220310;22:10:00;22:15:00;266;12.67;3
E4S 56,780;20220310;22:15:00;22:20:00;267;17.00;9
E4S 56,780;20220310;22:20:00;22:25:00;268;11.24;27
E4S 56,780;20220310;22:25:00;22:30:00;269;16.47;39
E4S 56,780;20220310;22:30:00;22:35:00;270;17.42;38
E4S 56,780;20220310;22:35:00;22:40:00;271;18.35;47
E4S 56,780;20220310;22:40:00;22:45:00;272;19.13;52
E4S 56,780;20220310;22:45:00;22:50:00;273;18.89;39
E4S 56,780;20220310;22:50:00;22:55:00;274;20.32;46
E4S 56,780;20220310;22:55:00;23:00:00;275;19.46;34
E4S 56,780;20220310;23:00:00;23:05:00;276;19.32;39
E4S 56,780;20220310;23:05:00;23:10:00;277;18.76;40
E4S 56,780;20220310;23:10:00;23:15:00;278;16.49;89
E4S 56,780;20220310;23:15:00;23:20:00;279;16.85;86
E4S 56,780;20220310;23:20:00;23:25:00;280;17.74;64
E4S 56,780;20220310;23:25:00;23:30:00;281;17.56;32
E4S 56,780;20220310;23:30:00;23:35:00;282;18.66;30
E4S 56,780;20220310;23:35:00;23:40:00;283;19.38;28
E4S 56,780;20220310;23:40:00;23:45:00;284;18.99;27
E4S 56,780;20220310;23:45:00;23:50:00;285;19.78;26
E4S 56,780;20220310;23:50:00;23:55:00;286;18.60;22
E4S 56,780;20220310;23:55:00;24:00:00;287;19.68;23
E4S 56,780;20220314;00:00:00;00:05:00;0;20.29;30
E4S 56,780;20220314;00:05:00;00:10:00;1;19.17;19
E4S 56,780;20220314;00:10:00;00:15:00;2;19.83;27
E4S 56,780;20220314;00:15:00;00:20:00;3;21.88;25
E4S 56,780;20220314;00:20:00;00:25:00;4;20.60;11
E4S 56,780;20220314;00:25:00;00:30:00;5;20.34;22
E4S 56,780;20220314;00:30:00;00:35:00;6;20.28;28
E4S 56,780;20220314;00:35:00;00:40:00;7;19.66;21
E4S 56,780;20220314;00:40:00;00:45:00;8;20.23;6
E4S 56,780;20220314;00:45:00;00:50:00;9;23.06;25
E4S 56,780;20220314;00:50:00;00:55:00;10;20.77;17
E4S 56,780;20220314;00:55:00;01:00:00;11;20.80;17
E4S 56,780;20220314;01:00:00;01:05:00;12;19.03;11
E4S 56,780;20220314;01:05:00;01:10:00;13;20.14;23
E4S 56,780;20220314;01:10:00;01:15:00;14;20.31;13
E4S 56,780;20220314;01:15:00;01:20:00;15;23.02;14
E4S 56,780;20220314;01:20:00;01:25:00;16;20.43;17
E4S 56,780;20220314;01:25:00;01:30:00;17;21.03;11
E4S 56,780;20220314;01:30:00;01:35:00;18;19.72;14
E4S 56,780;20220314;01:35:00;01:40:00;19;20.30;19
E4S 56,780;20220314;01:40:00;01:45:00;20;21.29;10
E4S 56,780;20220314;01:45:00;01:50:00;21;18.78;11
E4S 56,780;20220314;01:50:00;01:55:00;22;18.95;13
E4S 56,780;20220314;01:55:00;02:00:00;23;18.87;14
E4S 56,780;20220314;02:00:00;02:05:00;24;20.52;9
E4S 56,780;20220314;02:05:00;02:10:00;25;19.71;15
E4S 56,780;20220314;02:10:00;02:15:00;26;19.89;14
E4S 56,780;20220314;02:15:00;02:20:00;27;19.61;12
E4S 56,780;20220314;02:20:00;02:25:00;28;20.34;7
E4S 56,780;20220314;02:25:00;02:30:00;29;20.13;12
E4S 56,780;20220314;02:30:00;02:35:00;30;20.40;18
E4S 56,780;20220314;02:35:00;02:40:00;31;20.38;9
E4S 56,780;20220314;02:40:00;02:45:00;32;20.25;26
E4S 56,780;20220314;02:45:00;02:50:00;33;21.43;14
E4S 56,780;20220314;02:50:00;02:55:00;34;19.52;21
E4S 56,780;20220314;02:55:00;03:00:00;35;20.07;14
E4S 56,780;20220314;03:00:00;03:05:00;36;19.83;19
E4S 56,780;20220314;03:05:00;03:10:00;37;20.48;11
E4S 56,780;20220314;03:10:00;03:15:00;38;19.96;20
E4S 56,780;20220314;03:15:00;03:20:00;39;20.52;20
E4S 56,780;20220314;03:20:00;03:25:00;40;20.94;22
E4S 56,780;20220314;03:25:00;03:30:00;41;21.48;24
E4S 56,780;20220314;03:30:00;03:35:00;42;21.18;25
E4S 56,780;20220314;03:35:00;03:40:00;43;19.72;26
E4S 56,780;20220314;03:40:00;03:45:00;44;21.29;32
E4S 56,780;20220314;03:45:00;03:50:00;45;19.91;26
E4S 56,780;20220314;03:50:00;03:55:00;46;22.02;28
E4S 56,780;20220314;03:55:00;04:00:00;47;20.69;36
E4S 56,780;20220314;04:00:00;04:05:00;48;19.70;47
E4S 56,780;20220314;04:05:00;04:10:00;49;20.41;55
E4S 56,780;20220314;04:10:00;04:15:00;50;20.21;52
E4S 56,780;20220314;04:15:00;04:20:00;51;20.13;61
E4S 56,780;20220314;04:20:00;04:25:00;52;21.04;63
E4S 56,780;20220314;04:25:00;04:30:00;53;21.03;96
E4S 56,780;20220314;04:30:00;04:35:00;54;20.43;100
E4S 56,780;20220314;04:35:00;04:40:00;55;20.84;132
E4S 56,780;20220314;04:40:00;04:45:00;56;20.86;142
E4S 56,780;20220314;04:45:00;04:50:00;57;20.30;158
E4S 56,780;20220314;04:50:00;04:55:00;58;20.08;231
E4S 56,780;20220314;04:55:00;05:00:00;59;20.59;205
E4S 56,780;20220314;05:00:00;05:05:00;60;20.80;144
E4S 56,780;20220314;05:05:00;05:10:00;61;19.99;167
E4S 56,780;20220314;05:10:00;05:15:00;62;20.60;211
E4S 56,780;20220314;05:15:00;05:20:00;63;19.76;231
E4S 56,780;20220314;05:20:00;05:25:00;64;19.22;287
E4S 56,780;20220314;05:25:00;05:30:00;65;19.70;292
E4S 56,780;20220314;05:30:00;05:35:00;66;19.68;273
E4S 56,780;20220314;05:35:00;05:40:00;67;19.50;305
E4S 56,780;20220314;05:40:00;05:45:00;68;19.34;295
E4S 56,780;20220314;05:45:00;05:50:00;69;18.93;296
E4S 56,780;20220314;05:50:00;05:55:00;70;18.47;323
E4S 56,780;20220314;05:55:00;06:00:00;71;19.28;309
E4S 56,780;20220314;06:00:00;06:05:00;72;19.68;261
E4S 56,780;20220314;06:05:00;06:10:00;73;18.75;307
E4S 56,780;20220314;06:10:00;06:15:00;74;18.75;293
E4S 56,780;20220314;06:15:00;06:20:00;75;18.52;315
E4S 56,780;20220314;06:20:00;06:25:00;76;18.04;326
E4S 56,780;20220314;06:25:00;06:30:00;77;18.36;380
E4S 56,780;20220314;06:30:00;06:35:00;78;17.88;346
E4S 56,780;20220314;06:35:00;06:40:00;79;17.64;417
E4S 56,780;20220314;06:40:00;06:45:00;80;18.56;328
E4S 56,780;20220314;06:45:00;06:50:00;81;18.28;341
E4S 56,780;20220314;06:50:00;06:55:00;82;18.17;344
E4S 56,780;20220314;06:55:00;07:00:00;83;18.57;304
E4S 56,780;20220314;07:00:00;07:05:00;84;18.24;344
E4S 56,780;20220314;07:05:00;07:10:00;85;18.32;312
E4S 56,780;20220314;07:10:00;07:15:00;86;18.84;266
E4S 56,780;20220314;07:15:00;07:20:00;87;18.19;292
E4S 56,780;20220314;07:20:00;07:25:00;88;18.24;322
E4S 56,780;20220314;07:25:00;07:30:00;89;17.61;323
E4S 56,780;20220314;07:30:00;07:35:00;90;17.23;364
E4S 56,780;20220314;07:35:00;07:40:00;91;17.28;350
E4S 56,780;20220314;07:40:00;07:45:00;92;17.69;352
E4S 56,780;20220314;07:45:00;07:50:00;93;17.49;353
E4S 56,780;20220314;07:50:00;07:55:00;94;17.31;339
E4S 56,780;20220314;07:55:00;08:00:00;95;16.91;345
E4S 56,780;20220314;08:00:00;08:05:00;96;17.57;325
E4S 56,780;20220314;08:05:00;08:10:00;97;18.41;275
E4S 56,780;20220314;08:10:00;08:15:00;98;18.43;274
E4S 56,780;20220314;08:15:00;08:20:00;99;18.67;266
E4S 56,780;20220314;08:20:00;08:25:00;100;18.28;299
E4S 56,780;20220314;08:25:00;08:30:00;101;17.92;300
E4S 56,780;20220314;08:30:00;08:35:00;102;17.62;290
E4S 56,780;20220314;08:35:00;08:40:00;103;18.36;283
E4S 56,780;20220314;08:40:00;08:45:00;104;17.63;273
E4S 56,780;20220314;08:45:00;08:50:00;105;18.08;282
E4S 56,780;20220314;08:50:00;08:55:00;106;18.40;252
E4S 56,780;20220314;08:55:00;09:00:00;107;17.60;289
E4S 56,780;20220314;09:00:00;09:05:00;108;18.24;266
E4S 56,780;20220314;09:05:00;09:10:00;109;18.81;231
E4S 56,780;20220314;09:10:00;09:15:00;110;18.41;272
E4S 56,780;20220314;09:15:00;09:20:00;111;18.33;238
E4S 56,780;20220314;09:20:00;09:25:00;112;18.60;272
E4S 56,780;20220314;09:25:00;09:30:00;113;18.17;277
E4S 56,780;20220314;09:30:00;09:35:00;114;18.10;268
E4S 56,780;20220314;09:35:00;09:40:00;115;18.12;279
E4S 56,780;20220314;09:40:00;09:45:00;116;18.54;251
E4S 56,780;20220314;09:45:00;09:50:00;117;18.61;260
E4S 56,780;20220314;09:50:00;09:55:00;118;18.50;253
E4S 56,780;20220314;09:55:00;10:00:00;119;18.41;292
E4S 56,780;20220314;10:00:00;10:05:00;120;18.72;285
E4S 56,780;20220314;10:05:00;10:10:00;121;18.90;242
E4S 56,780;20220314;10:10:00;10:15:00;122;18.46;244
E4S 56,780;20220314;10:15:00;10:20:00;123;18.18;255
E4S 56,780;20220314;10:20:00;10:25:00;124;18.68;270
E4S 56,780;20220314;10:25:00;10:30:00;125;17.66;269
E4S 56,780;20220314;10:30:00;10:35:00;126;18.28;282
E4S 56,780;20220314;10:35:00;10:40:00;127;18.27;270
E4S 56,780;20220314;10:40:00;10:45:00;128;18.46;301
E4S 56,780;20220314;10:45:00;10:50:00;129;18.71;275
E4S 56,780;20220314;10:50:00;10:55:00;130;18.49;278
E4S 56,780;20220314;10:55:00;11:00:00;131;18.35;267
E4S 56,780;20220314;11:00:00;11:05:00;132;17.94;294
E4S 56,780;20220314;11:05:00;11:10:00;133;18.41;285
E4S 56,780;20220314;11:10:00;11:15:00;134;18.04;278
E4S 56,780;20220314;11:15:00;11:20:00;135;18.45;267
E4S 56,780;20220314;11:20:00;11:25:00;136;17.88;318
E4S 56,780;20220314;11:25:00;11:30:00;137;17.98;282
E4S 56,780;20220314;11:30:00;11:35:00;138;18.04;282
E4S 56,780;20220314;11:35:00;11:40:00;139;17.63;279
E4S 56,780;20220314;11:40:00;11:45:00;140;17.14;283
E4S 56,780;20220314;11:45:00;11:50:00;141;17.94;273
E4S 56,780;20220314;11:50:00;11:55:00;142;17.48;334
E4S 56,780;20220314;11:55:00;12:00:00;143;18.16;276
E4S 56,780;20220314;12:00:00;12:05:00;144;18.51;264
E4S 56,780;20220314;12:05:00;12:10:00;145;18.71;282
E4S 56,780;20220314;12:10:00;12:15:00;146;18.05;299
E4S 56,780;20220314;12:15:00;12:20:00;147;18.15;289
E4S 56,780;20220314;12:20:00;12:25:00;148;17.83;334
E4S 56,780;20220314;12:25:00;12:30:00;149;17.93;282
E4S 56,780;20220314;12:30:00;12:35:00;150;18.34;291
E4S 56,780;20220314;12:35:00;12:40:00;151;17.78;272
E4S 56,780;20220314;12:40:00;12:45:00;152;18.37;275
E4S 56,780;20220314;12:45:00;12:50:00;153;18.30;315
E4S 56,780;20220314;12:50:00;12:55:00;154;18.34;277
E4S 56,780;20220314;12:55:00;13:00:00;155;18.28;292
E4S 56,780;20220314;13:00:00;13:05:00;156;18.34;291
E4S 56,780;20220314;13:05:00;13:10:00;157;17.87;330
E4S 56,780;20220314;13:10:00;13:15:00;158;18.04;325
E4S 56,780;20220314;13:15:00;13:20:00;159;17.57;334
E4S 56,780;20220314;13:20:00;13:25:00;160;16.74;390
E4S 56,780;20220314;13:25:00;13:30:00;161;17.11;359
E4S 56,780;20220314;13:30:00;13:35:00;162;18.01;291
E4S 56,780;20220314;13:35:00;13:40:00;163;18.00;323
E4S 56,780;20220314;13:40:00;13:45:00;164;17.76;308
E4S 56,780;20220314;13:45:00;13:50:00;165;17.30;369
E4S 56,780;20220314;13:50:00;13:55:00;166;17.53;329
E4S 56,780;20220314;13:55:00;14:00:00;167;16.75;377
E4S 56,780;20220314;14:00:00;14:05:00;168;17.60;357
E4S 56,780;20220314;14:05:00;14:10:00;169;17.25;365
E4S 56,780;20220314;14:10:00;14:15:00;170;17.04;406
E4S 56,780;20220314;14:15:00;14:20:00;171;16.57;399
E4S 56,780;20220314;14:20:00;14:25:00;172;12.69;366
E4S 56,780;20220314;14:25:00;14:30:00;173;11.65;352
E4S 56,780;20220314;14:30:00;14:35:00;174;10.06;365
E4S 56,780;20220314;14:35:00;14:40:00;175;10.27;315
E4S 56,780;20220314;14:40:00;14:45:00;176;10.11;348
E4S 56,780;20220314;14:45:00;14:50:00;177;9.59;331
E4S 56,780;20220314;14:50:00;14:55:00;178;10.05;368
E4S 56,780;20220314;14:55:00;15:00:00;179;11.33;385
E4S 56,780;20220314;15:00:00;15:05:00;180;9.02;300
E4S 56,780;20220314;15:05:00;15:10:00;181;10.67;359
E4S 56,780;20220314;15:10:00;15:15:00;182;10.17;359
E4S 56,780;20220314;15:15:00;15:20:00;183;8.70;292
E4S 56,780;20220314;15:20:00;15:25:00;184;9.69;350
E4S 56,780;20220314;15:25:00;15:30:00;185;10.61;346
E4S 56,780;20220314;15:30:00;15:35:00;186;7.94;310
E4S 56,780;20220314;15:35:00;15:40:00;187;8.17;309
E4S 56,780;20220314;15:40:00;15:45:00;188;8.76;330
E4S 56,780;20220314;15:45:00;15:50:00;189;9.35;301
E4S 56,780;20220314;15:50:00;15:55:00;190;7.69;322
E4S 56,780;20220314;15:55:00;16:00:00;191;7.56;278
E4S 56,780;20220314;16:00:00;16:05:00;192;7.97;299
E4S 56,780;20220314;16:05:00;16:10:00;193;11.77;301
E4S 56,780;20220314;16:10:00;16:15:00;194;15.73;289
E4S 56,780;20220314;16:15:00;16:20:00;195;15.69;301
E4S 56,780;20220314;16:20:00;16:25:00;196;16.34;308
E4S 56,780;20220314;16:25:00;16:30:00;197;16.69;250
E4S 56,780;20220314;16:30:00;16:35:00;198;15.70;282
E4S 56,780;20220314;16:35:00;16:40:00;199;16.90;269
E4S 56,780;20220314;16:40:00;16:45:00;200;16.76;284
E4S 56,780;20220314;16:45:00;16:50:00;201;16.81;266
E4S 56,780;20220314;16:50:00;16:55:00;202;16.57;255
E4S 56,780;20220314;16:55:00;17:00:00;203;16.73;229
E4S 56,780;20220314;17:00:00;17:05:00;204;16.56;252
E4S 56,780;20220314;17:05:00;17:10:00;205;16.74;261
E4S 56,780;20220314;17:10:00;17:15:00;206;17.70;297
E4S 56,780;20220314;17:15:00;17:20:00;207;17.57;281
E4S 56,780;20220314;17:20:00;17:25:00;208;17.84;277
E4S 56,780;20220314;17:25:00;17:30:00;209;18.04;261
E4S 56,780;20220314;17:30:00;17:35:00;210;17.20;307
E4S 56,780;20220314;17:35:00;17:40:00;211;18.11;274
E4S 56,780;20220314;17:40:00;17:45:00;212;17.97;259
E4S 56,780;20220314;17:45:00;17:50:00;213;18.42;274
E4S 56,780;20220314;17:50:00;17:55:00;214;17.64;250
E4S 56,780;20220314;17:55:00;18:00:00;215;18.05;217
E4S 56,780;20220314;18:00:00;18:05:00;216;18.00;224
E4S 56,780;20220314;18:05:00;18:10:00;217;18.50;201
E4S 56,780;20220314;18:10:00;18:15:00;218;18.34;221
E4S 56,780;20220314;18:15:00;18:20:00;219;19.07;191
E4S 56,780;20220314;18:20:00;18:25:00;220;18.30;203
E4S 56,780;20220314;18:25:00;18:30:00;221;18.32;190
E4S 56,780;20220314;18:30:00;18:35:00;222;18.69;167
E4S 56,780;20220314;18:35:00;18:40:00;223;19.31;140
E4S 56,780;20220314;18:40:00;18:45:00;224;19.11;173
E4S 56,780;20220314;18:45:00;18:50:00;225;18.78;182
E4S 56,780;20220314;18:50:00;18:55:00;226;19.08;156
E4S 56,780;20220314;18:55:00;19:00:00;227;19.12;150
E4S 56,780;20220314;19:00:00;19:05:00;228;19.14;135
E4S 56,780;20220314;19:05:00;19:10:00;229;18.70;197
E4S 56,780;20220314;19:10:00;19:15:00;230;19.49;155
E4S 56,780;20220314;19:15:00;19:20:00;231;19.06;176
E4S 56,780;20220314;19:20:00;19:25:00;232;18.99;178
E4S 56,780;20220314;19:25:00;19:30:00;233;19.57;120
E4S 56,780;20220314;19:30:00;19:35:00;234;18.99;159
E4S 56,780;20220314;19:35:00;19:40:00;235;19.19;165
E4S 56,780;20220314;19:40:00;19:45:00;236;19.14;149
E4S 56,780;20220314;19:45:00;19:50:00;237;19.39;145
E4S 56,780;20220314;19:50:00;19:55:00;238;19.37;130
E4S 56,780;20220314;19:55:00;20:00:00;239;19.29;142
E4S 56,780;20220314;20:00:00;20:05:00;240;19.21;124
E4S 56,780;20220314;20:05:00;20:10:00;241;19.32;129
E4S 56,780;20220314;20:10:00;20:15:00;242;19.41;153
E4S 56,780;20220314;20:15:00;20:20:00;243;19.49;149
E4S 56,780;20220314;20:20:00;20:25:00;244;19.89;120
E4S 56,780;20220314;20:25:00;20:30:00;245;18.55;117
E4S 56,780;20220314;20:30:00;20:35:00;246;18.96;133
E4S 56,780;20220314;20:35:00;20:40:00;247;19.32;120
E4S 56,780;20220314;20:40:00;20:45:00;248;19.15;98
E4S 56,780;20220314;20:45:00;20:50:00;249;19.45;95
E4S 56,780;20220314;20:50:00;20:55:00;250;19.24;75
E4S 56,780;20220314;20:55:00;21:00:00;251;19.28;86
E4S 56,780;20220314;21:00:00;21:05:00;252;19.77;77
E4S 56,780;20220314;21:05:00;21:10:00;253;19.75;120
E4S 56,780;20220314;21:10:00;21:15:00;254;19.77;84
E4S 56,780;20220314;21:15:00;21:20:00;255;19.94;97
E4S 56,780;20220314;21:20:00;21:25:00;256;20.00;75
E4S 56,780;20220314;21:25:00;21:30:00;257;19.81;73
E4S 56,780;20220314;21:30:00;21:35:00;258;19.39;64
E4S 56,780;20220314;21:35:00;21:40:00;259;19.18;68
E4S 56,780;20220314;21:40:00;21:45:00;260;19.96;64
E4S 56,780;20220314;21:45:00;21:50:00;261;19.90;51
E4S 56,780;20220314;21:50:00;21:55:00;262;19.11;55
E4S 56,780;20220314;21:55:00;22:00:00;263;19.21;58
E4S 56,780;20220314;22:00:00;22:05:00;264;19.32;31
E4S 56,780;20220314;22:05:00;22:10:00;265;19.69;33
E4S 56,780;20220314;22:10:00;22:15:00;266;19.49;65
E4S 56,780;20220314;22:15:00;22:20:00;267;19.00;48
E4S 56,780;20220314;22:20:00;22:25:00;268;18.99;42
E4S 56,780;20220314;22:25:00;22:30:00;269;19.13;32
E4S 56,780;20220314;22:30:00;22:35:00;270;20.37;39
E4S 56,780;20220314;22:35:00;22:40:00;271;19.39;41
E4S 56,780;20220314;22:40:00;22:45:00;272;19.80;45
E4S 56,780;20220314;22:45:00;22:50:00;273;20.73;28
E4S 56,780;20220314;22:50:00;22:55:00;274;20.51;17
E4S 56,780;20220314;22:55:00;23:00:00;275;18.96;32
E4S 56,780;20220314;23:00:00;23:05:00;276;19.71;38
E4S 56,780;20220314;23:05:00;23:10:00;277;20.10;22
E4S 56,780;20220314;23:10:00;23:15:00;278;19.94;31
E4S 56,780;20220314;23:15:00;23:20:00;279;19.96;33
E4S 56,780;20220314;23:20:00;23:25:00;280;20.41;31
E4S 56,780;20220314;23:25:00;23:30:00;281;19.60;33
E4S 56,780;20220314;23:30:00;23:35:00;282;19.37;25
E4S 56,780;20220314;23:35:00;23:40:00;283;18.67;23
E4S 56,780;20220314;23:40:00;23:45:00;284;20.46;19
E4S 56,780;20220314;23:45:00;23:50:00;285;19.90;24
E4S 56,780;20220314;23:50:00;23:55:00;286;19.70;23
E4S 56,780;20220314;23:55:00;24:00:00;287;20.04;21
E4S 56,780;20220315;00:00:00;00:05:00;0;19.75;15
E4S 56,780;20220315;00:05:00;00:10:00;1;19.07;24
E4S 56,780;20220315;00:10:00;00:15:00;2;19.47;21
E4S 56,780;20220315;00:15:00;00:20:00;3;19.59;16
E4S 56,780;20220315;00:20:00;00:25:00;4;19.45;20
E4S 56,780;20220315;00:25:00;00:30:00;5;19.58;13
E4S 56,780;20220315;00:30:00;00:35:00;6;20.51;14
E4S 56,780;20220315;00:35:00;00:40:00;7;19.21;10
E4S 56,780;20220315;00:40:00;00:45:00;8;21.65;18
E4S 56,780;20220315;00:45:00;00:50:00;9;19.71;10
E4S 56,780;20220315;00:50:00;00:55:00;10;20.70;12
E4S 56,780;20220315;00:55:00;01:00:00;11;18.61;16
E4S 56,780;20220315;01:00:00;01:05:00;12;20.77;16
E4S 56,780;20220315;01:05:00;01:10:00;13;19.85;9
E4S 56,780;20220315;01:10:00;01:15:00;14;19.54;9
E4S 56,780;20220315;01:15:00;01:20:00;15;19.84;8
E4S 56,780;20220315;01:20:00;01:25:00;16;18.55;14
E4S 56,780;20220315;01:25:00;01:30:00;17;17.97;10
E4S 56,780;20220315;01:30:00;01:35:00;18;19.73;10
E4S 56,780;20220315;01:35:00;01:40:00;19;19.29;7
E4S 56,780;20220315;01:40:00;01:45:00;20;19.75;18
E4S 56,780;20220315;01:45:00;01:50:00;21;19.89;16
E4S 56,780;20220315;01:50:00;01:55:00;22;18.12;13
E4S 56,780;20220315;01:55:00;02:00:00;23;20.28;8
E4S 56,780;20220315;02:00:00;02:05:00;24;19.65;17
E4S 56,780;20220315;02:05:00;02:10:00;25;18.53;11
E4S 56,780;20220315;02:10:00;02:15:00;26;20.84;13
E4S 56,780;20220315;02:15:00;02:20:00;27;20.50;16
E4S 56,780;20220315;02:20:00;02:25:00;28;19.70;17
E4S 56,780;20220315;02:25:00;02:30:00;29;19.43;8
E4S 56,780;20220315;02:30:00;02:35:00;30;22.21;11
E4S 56,780;20220315;02:35:00;02:40:00;31;19.63;20
E4S 56,780;20220315;02:40:00;02:45:00;32;19.62;5
E4S 56,780;20220315;02:45:00;02:50:00;33;19.85;18
E4S 56,780;20220315;02:50:00;02:55:00;34;19.96;23
E4S 56,780;20220315;02:55:00;03:00:00;35;19.38;10
E4S 56,780;20220315;03:00:00;03:05:00;36;19.48;15
E4S 56,780;20220315;03:05:00;03:10:00;37;20.23;22
E4S 56,780;20220315;03:10:00;03:15:00;38;21.25;24
E4S 56,780;20220315;03:15:00;03:20:00;39;19.91;22
E4S 56,780;20220315;03:20:00;03:25:00;40;20.46;22
E4S 56,780;20220315;03:25:00;03:30:00;41;20.22;26
E4S 56,780;20220315;03:30:00;03:35:00;42;21.10;25
E4S 56,780;20220315;03:35:00;03:40:00;43;18.88;22
E4S 56,780;20220315;03:40:00;03:45:00;44;20.42;38
E4S 56,780;20220315;03:45:00;03:50:00;45;20.19;30
E4S 56,780;20220315;03:50:00;03:55:00;46;20.04;40
E4S 56,780;20220315;03:55:00;04:00:00;47;19.87;51
E4S 56,780;20220315;04:00:00;04:05:00;48;20.77;34
E4S 56,780;20220315;04:05:00;04:10:00;49;20.22;39
E4S 56,780;20220315;04:10:00;04:15:00;50;20.56;50
E4S 56,780;20220315;04:15:00;04:20:00;51;18.85;64
E4S 56,780;20220315;04:20:00;04:25:00;52;20.91;68
E4S 56,780;20220315;04:25:00;04:30:00;53;20.35;79
E4S 56,780;20220315;04:30:00;04:35:00;54;20.92;82
E4S 56,780;20220315;04:35:00;04:40:00;55;20.76;104
E4S 56,780;20220315;04:40:00;04:45:00;56;20.02;145
E4S 56,780;20220315;04:45:00;04:50:00;57;19.81;156
E4S 56,780;20220315;04:50:00;04:55:00;58;20.10;176
E4S 56,780;20220315;04:55:00;05:00:00;59;20.55;180
E4S 56,780;20220315;05:00:00;05:05:00;60;20.91;156
E4S 56,780;20220315;05:05:00;05:10:00;61;19.89;198
E4S 56,780;20220315;05:10:00;05:15:00;62;19.81;217
E4S 56,780;20220315;05:15:00;05:20:00;63;19.59;214
E4S 56,780;20220315;05:20:00;05:25:00;64;19.20;274
E4S 56,780;20220315;05:25:00;05:30:00;65;18.35;274
E4S 56,780;20220315;05:30:00;05:35:00;66;19.20;262
E4S 56,780;20220315;05:35:00;05:40:00;67;19.25;287
E4S 56,780;20220315;05:40:00;05:45:00;68;18.74;328
E4S 56,780;20220315;05:45:00;05:50:00;69;18.65;286
E4S 56,780;20220315;05:50:00;05:55:00;70;18.55;307
E4S 56,780;20220315;05:55:00;06:00:00;71;18.54;311
E4S 56,780;20220315;06:00:00;06:05:00;72;18.40;305
E4S 56,780;20220315;06:05:00;06:10:00;73;19.00;309
E4S 56,780;20220315;06:10:00;06:15:00;74;18.53;281
E4S 56,780;20220315;06:15:00;06:20:00;75;18.50;322
E4S 56,780;20220315;06:20:00;06:25:00;76;17.49;359
E4S 56,780;20220315;06:25:00;06:30:00;77;17.60;346
E4S 56,780;20220315;06:30:00;06:35:00;78;18.15;352
E4S 56,780;20220315;06:35:00;06:40:00;79;17.62;337
E4S 56,780;20220315;06:40:00;06:45:00;80;18.07;321
E4S 56,780;20220315;06:45:00;06:50:00;81;18.05;320
E4S 56,780;20220315;06:50:00;06:55:00;82;17.87;317
E4S 56,780;20220315;06:55:00;07:00:00;83;17.73;319
E4S 56,780;20220315;07:00:00;07:05:00;84;17.91;329
E4S 56,780;20220315;07:05:00;07:10:00;85;17.66;340
E4S 56,780;20220315;07:10:00;07:15:00;86;18.07;326
E4S 56,780;20220315;07:15:00;07:20:00;87;17.73;327
E4S 56,780;20220315;07:20:00;07:25:00;88;17.88;309
E4S 56,780;20220315;07:25:00;07:30:00;89;17.77;312
E4S 56,780;20220315;07:30:00;07:35:00;90;17.20;320
E4S 56,780;20220315;07:35:00;07:40:00;91;17.12;367
E4S 56,780;20220315;07:40:00;07:45:00;92;17.01;349
E4S 56,780;20220315;07:45:00;07:50:00;93;17.15;328
E4S 56,780;20220315;07:50:00;07:55:00;94;17.94;303
E4S 56,780;20220315;07:55:00;08:00:00;95;16.91;357
E4S 56,780;20220315;08:00:00;08:05:00;96;16.68;374
E4S 56,780;20220315;08:05:00;08:10:00;97;16.71;344
E4S 56,780;20220315;08:10:00;08:15:00;98;17.08;359
E4S 56,780;20220315;08:15:00;08:20:00;99;17.25;304
E4S 56,780;20220315;08:20:00;08:25:00;100;18.06;287
E4S 56,780;20220315;08:25:00;08:30:00;101;17.72;314
E4S 56,780;20220315;08:30:00;08:35:00;102;17.82;328
E4S 56,780;20220315;08:35:00;08:40:00;103;17.81;310
E4S 56,780;20220315;08:40:00;08:45:00;104;17.96;285
E4S 56,780;20220315;08:45:00;08:50:00;105;17.57;293
E4S 56,780;20220315;08:50:00;08:55:00;106;18.22;270
E4S 56,780;20220315;08:55:00;09:00:00;107;17.84;287
E4S 56,780;20220315;09:00:00;09:05:00;108;17.72;137
E4S 56,780;20220315;09:05:00;09:10:00;109;15.39;20
E4S 56,780;20220315;09:10:00;09:15:00;110;15.56;21
E4S 56,780;20220315;09:15:00;09:20:00;111;16.11;22
E4S 56,780;20220315;09:20:00;09:25:00;112;17.86;48
E4S 56,780;20220315;09:25:00;09:30:00;113;17.69;271
E4S 56,780;20220315;09:30:00;09:35:00;114;18.42;269
E4S 56,780;20220315;09:35:00;09:40:00;115;17.86;336
E4S 56,780;20220315;09:40:00;09:45:00;116;18.14;266
E4S 56,780;20220315;09:45:00;09:50:00;117;17.99;272
E4S 56,780;20220315;09:50:00;09:55:00;118;18.04;284
E4S 56,780;20220315;09:55:00;10:00:00;119;18.08;275
E4S 56,780;20220315;10:00:00;10:05:00;120;17.74;245
E4S 56,780;20220315;10:05:00;10:10:00;121;18.46;239
E4S 56,780;20220315;10:10:00;10:15:00;122;18.26;279
E4S 56,780;20220315;10:15:00;10:20:00;123;18.10;290
E4S 56,780;20220315;10:20:00;10:25:00;124;18.80;244
E4S 56,780;20220315;10:25:00;10:30:00;125;18.24;271
E4S 56,780;20220315;10:30:00;10:35:00;126;18.91;213
E4S 56,780;20220315;10:35:00;10:40:00;127;17.76;300
E4S 56,780;20220315;10:40:00;10:45:00;128;17.57;267
E4S 56,780;20220315;10:45:00;10:50:00;129;18.49;258
E4S 56,780;20220315;10:50:00;10:55:00;130;18.55;251
E4S 56,780;20220315;10:55:00;11:00:00;131;18.14;272
E4S 56,780;20220315;11:00:00;11:05:00;132;18.79;241
E4S 56,780;20220315;11:05:00;11:10:00;133;18.60;250
E4S 56,780;20220315;11:10:00;11:15:00;134;18.21;289
E4S 56,780;20220315;11:15:00;11:20:00;135;18.50;261
E4S 56,780;20220315;11:20:00;11:25:00;136;17.96;317
E4S 56,780;20220315;11:25:00;11:30:00;137;18.40;275
E4S 56,780;20220315;11:30:00;11:35:00;138;18.35;267
E4S 56,780;20220315;11:35:00;11:40:00;139;17.88;287
E4S 56,780;20220315;11:40:00;11:45:00;140;18.12;293
E4S 56,780;20220315;11:45:00;11:50:00;141;18.26;302
E4S 56,780;20220315;11:50:00;11:55:00;142;18.33;279
E4S 56,780;20220315;11:55:00;12:00:00;143;18.28;330
E4S 56,780;20220315;12:00:00;12:05:00;144;17.99;308
E4S 56,780;20220315;12:05:00;12:10:00;145;18.32;298
E4S 56,780;20220315;12:10:00;12:15:00;146;17.78;286
E4S 56,780;20220315;12:15:00;12:20:00;147;17.80;307
E4S 56,780;20220315;12:20:00;12:25:00;148;18.00;298
E4S 56,780;20220315;12:25:00;12:30:00;149;18.17;302
E4S 56,780;20220315;12:30:00;12:35:00;150;18.37;325
E4S 56,780;20220315;12:35:00;12:40:00;151;18.08;316
E4S 56,780;20220315;12:40:00;12:45:00;152;18.26;295
E4S 56,780;20220315;12:45:00;12:50:00;153;17.73;329
E4S 56,780;20220315;12:50:00;12:55:00;154;18.15;291
E4S 56,780;20220315;12:55:00;13:00:00;155;18.08;328
E4S 56,780;20220315;13:00:00;13:05:00;156;17.70;301
E4S 56,780;20220315;13:05:00;13:10:00;157;17.30;363
E4S 56,780;20220315;13:10:00;13:15:00;158;17.60;355
E4S 56,780;20220315;13:15:00;13:20:00;159;17.67;352
E4S 56,780;20220315;13:20:00;13:25:00;160;18.01;319
E4S 56,780;20220315;13:25:00;13:30:00;161;17.54;346
E4S 56,780;20220315;13:30:00;13:35:00;162;17.42;363
E4S 56,780;20220315;13:35:00;13:40:00;163;16.68;384
E4S 56,780;20220315;13:40:00;13:45:00;164;17.27;389
E4S 56,780;20220315;13:45:00;13:50:00;165;17.94;341
E4S 56,780;20220315;13:50:00;13:55:00;166;16.79;372
E4S 56,780;20220315;13:55:00;14:00:00;167;15.37;375
E4S 56,780;20220315;14:00:00;14:05:00;168;15.10;399
E4S 56,780;20220315;14:05:00;14:10:00;169;14.76;410
E4S 56,780;20220315;14:10:00;14:15:00;170;10.77;349
E4S 56,780;20220315;14:15:00;14:20:00;171;10.78;351
E4S 56,780;20220315;14:20:00;14:25:00;172;10.18;323
E4S 56,780;20220315;14:25:00;14:30:00;173;9.24;324
E4S 56,780;20220315;14:30:00;14:35:00;174;9.65;330
E4S 56,780;20220315;14:35:00;14:40:00;175;9.94;339
E4S 56,780;20220315;14:40:00;14:45:00;176;8.24;302
E4S 56,780;20220315;14:45:00;14:50:00;177;9.77;351
E4S 56,780;20220315;14:50:00;14:55:00;178;10.15;367
E4S 56,780;20220315;14:55:00;15:00:00;179;10.11;367
E4S 56,780;20220315;15:00:00;15:05:00;180;10.65;358
E4S 56,780;20220315;15:05:00;15:10:00;181;9.83;385
E4S 56,780;20220315;15:10:00;15:15:00;182;6.92;300
E4S 56,780;20220315;15:15:00;15:20:00;183;7.02;306
E4S 56,780;20220315;15:20:00;15:25:00;184;9.41;353
E4S 56,780;20220315;15:25:00;15:30:00;185;6.41;306
E4S 56,780;20220315;15:30:00;15:35:00;186;9.56;342
E4S 56,780;20220315;15:35:00;15:40:00;187;6.93;290
E4S 56,780;20220315;15:40:00;15:45:00;188;6.67;310
E4S 56,780;20220315;15:45:00;15:50:00;189;6.45;292
E4S 56,780;20220315;15:50:00;15:55:00;190;8.23;330
E4S 56,780;20220315;15:55:00;16:00:00;191;7.09;286
E4S 56,780;20220315;16:00:00;16:05:00;192;6.83;293
E4S 56,780;20220315;16:05:00;16:10:00;193;9.64;322
E4S 56,780;20220315;16:10:00;16:15:00;194;7.23;293
E4S 56,780;20220315;16:15:00;16:20:00;195;6.00;300
E4S 56,780;20220315;16:20:00;16:25:00;196;9.07;321
E4S 56,780;20220315;16:25:00;16:30:00;197;9.33;309
E4S 56,780;20220315;16:30:00;16:35:00;198;11.85;379
E4S 56,780;20220315;16:35:00;16:40:00;199;8.68;329
E4S 56,780;20220315;16:40:00;16:45:00;200;8.05;338
E4S 56,780;20220315;16:45:00;16:50:00;201;11.89;315
E4S 56,780;20220315;16:50:00;16:55:00;202;15.90;245
E4S 56,780;20220315;16:55:00;17:00:00;203;15.71;239
E4S 56,780;20220315;17:00:00;17:05:00;204;16.16;226
E4S 56,780;20220315;17:05:00;17:10:00;205;16.58;265
E4S 56,780;20220315;17:10:00;17:15:00;206;16.19;271
E4S 56,780;20220315;17:15:00;17:20:00;207;16.56;261
E4S 56,780;20220315;17:20:00;17:25:00;208;15.64;274
E4S 56,780;20220315;17:25:00;17:30:00;209;16.00;288
E4S 56,780;20220315;17:30:00;17:35:00;210;16.07;337
E4S 56,780;20220315;17:35:00;17:40:00;211;15.92;322
E4S 56,780;20220315;17:40:00;17:45:00;212;16.23;251
E4S 56,780;20220315;17:45:00;17:50:00;213;16.74;265
E4S 56,780;20220315;17:50:00;17:55:00;214;17.78;273
E4S 56,780;20220315;17:55:00;18:00:00;215;18.26;218
E4S 56,780;20220315;18:00:00;18:05:00;216;18.06;228
E4S 56,780;20220315;18:05:00;18:10:00;217;18.15;192
E4S 56,780;20220315;18:10:00;18:15:00;218;18.30;203
E4S 56,780;20220315;18:15:00;18:20:00;219;18.39;229
E4S 56,780;20220315;18:20:00;18:25:00;220;18.09;207
E4S 56,780;20220315;18:25:00;18:30:00;221;18.67;193
E4S 56,780;20220315;18:30:00;18:35:00;222;17.81;212
E4S 56,780;20220315;18:35:00;18:40:00;223;17.84;198
E4S 56,780;20220315;18:40:00;18:45:00;224;18.39;169
E4S 56,780;20220315;18:45:00;18:50:00;225;18.82;168
E4S 56,780;20220315;18:50:00;18:55:00;226;18.02;180
E4S 56,780;20220315;18:55:00;19:00:00;227;18.14;204
E4S 56,780;20220315;19:00:00;19:05:00;228;18.78;152
E4S 56,780;20220315;19:05:00;19:10:00;229;18.49;177
E4S 56,780;20220315;19:10:00;19:15:00;230;18.56;151
E4S 56,780;20220315;19:15:00;19:20:00;231;18.41;187
E4S 56,780;20220315;19:20:00;19:25:00;232;18.74;156
E4S 56,780;20220315;19:25:00;19:30:00;233;18.18;166
E4S 56,780;20220315;19:30:00;19:35:00;234;18.35;152
E4S 56,780;20220315;19:35:00;19:40:00;235;19.11;136
E4S 56,780;20220315;19:40:00;19:45:00;236;18.85;134
E4S 56,780;20220315;19:45:00;19:50:00;237;18.87;127
E4S 56,780;20220315;19:50:00;19:55:00;238;18.98;152
E4S 56,780;20220315;19:55:00;20:00:00;239;19.16;128
E4S 56,780;20220315;20:00:00;20:05:00;240;19.58;133
E4S 56,780;20220315;20:05:00;20:10:00;241;18.37;157
E4S 56,780;20220315;20:10:00;20:15:00;242;18.67;163
E4S 56,780;20220315;20:15:00;20:20:00;243;19.05;145
E4S 56,780;20220315;20:20:00;20:25:00;244;18.83;127
E4S 56,780;20220315;20:25:00;20:30:00;245;18.77;158
E4S 56,780;20220315;20:30:00;20:35:00;246;18.78;139
E4S 56,780;20220315;20:35:00;20:40:00;247;19.28;120
E4S 56,780;20220315;20:40:00;20:45:00;248;18.58;128
E4S 56,780;20220315;20:45:00;20:50:00;249;19.59;114
E4S 56,780;20220315;20:50:00;20:55:00;250;19.32;114
E4S 56,780;20220315;20:55:00;21:00:00;251;19.77;97
E4S 56,780;20220315;21:00:00;21:05:00;252;19.07;115
E4S 56,780;20220315;21:05:00;21:10:00;253;18.53;109
E4S 56,780;20220315;21:10:00;21:15:00;254;19.50;59
E4S 56,780;20220315;21:15:00;21:20:00;255;19.08;88
E4S 56,780;20220315;21:20:00;21:25:00;256;19.15;102
E4S 56,780;20220315;21:25:00;21:30:00;257;19.05;78
E4S 56,780;20220315;21:30:00;21:35:00;258;19.42;73
E4S 56,780;20220315;21:35:00;21:40:00;259;19.00;87
E4S 56,780;20220315;21:40:00;21:45:00;260;19.89;63
E4S 56,780;20220315;21:45:00;21:50:00;261;20.06;59
E4S 56,780;20220315;21:50:00;21:55:00;262;20.10;58
E4S 56,780;20220315;21:55:00;22:00:00;263;18.81;70
E4S 56,780;20220315;22:00:00;22:05:00;264;19.33;56
E4S 56,780;20220315;22:05:00;22:10:00;265;19.56;74
E4S 56,780;20220315;22:10:00;22:15:00;266;19.09;66
E4S 56,780;20220315;22:15:00;22:20:00;267;19.70;61
E4S 56,780;20220315;22:20:00;22:25:00;268;19.20;45
E4S 56,780;20220315;22:25:00;22:30:00;269;20.04;51
E4S 56,780;20220315;22:30:00;22:35:00;270;19.69;48
E4S 56,780;20220315;22:35:00;22:40:00;271;20.49;58
E4S 56,780;20220315;22:40:00;22:45:00;272;19.42;56
E4S 56,780;20220315;22:45:00;22:50:00;273;19.02;49
E4S 56,780;20220315;22:50:00;22:55:00;274;18.46;41
E4S 56,780;20220315;22:55:00;23:00:00;275;19.85;33
E4S 56,780;20220315;23:00:00;23:05:00;276;19.50;32
E4S 56,780;20220315;23:05:00;23:10:00;277;18.71;34
E4S 56,780;20220315;23:10:00;23:15:00;278;19.16;37
E4S 56,780;20220315;23:15:00;23:20:00;279;19.18;37
E4S 56,780;20220315;23:20:00;23:25:00;280;19.93;32
E4S 56,780;20220315;23:25:00;23:30:00;281;19.17;25
E4S 56,780;20220315;23:30:00;23:35:00;282;19.19;29
E4S 56,780;20220315;23:35:00;23:40:00;283;19.60;22
E4S 56,780;20220315;23:40:00;23:45:00;284;18.98;26
E4S 56,780;20220315;23:45:00;23:50:00;285;18.52;21
E4S 56,780;20220315;23:50:00;23:55:00;286;18.90;21
E4S 56,780;20220315;23:55:00;24:00:00;287;20.04;18
E4S 56,780;20220321;00:00:00;00:05:00;0;20.05;28
E4S 56,780;20220321;00:05:00;00:10:00;1;20.18;23
E4S 56,780;20220321;00:10:00;00:15:00;2;20.24;23
E4S 56,780;20220321;00:15:00;00:20:00;3;20.52;18
E4S 56,780;20220321;00:20:00;00:25:00;4;19.82;26
E4S 56,780;20220321;00:25:00;00:30:00;5;19.49;10
E4S 56,780;20220321;00:30:00;00:35:00;6;20.43;19
E4S 56,780;20220321;00:35:00;00:40:00;7;23.02;11
E4S 56,780;20220321;00:40:00;00:45:00;8;19.82;16
E4S 56,780;20220321;00:45:00;00:50:00;9;19.25;11
E4S 56,780;20220321;00:50:00;00:55:00;10;20.22;20
E4S 56,780;20220321;00:55:00;01:00:00;11;20.87;15
E4S 56,780;20220321;01:00:00;01:05:00;12;19.59;18
E4S 56,780;20220321;01:05:00;01:10:00;13;19.25;15
E4S 56,780;20220321;01:10:00;01:15:00;14;20.20;11
E4S 56,780;20220321;01:15:00;01:20:00;15;21.18;13
E4S 56,780;20220321;01:20:00;01:25:00;16;19.97;16
E4S 56,780;20220321;01:25:00;01:30:00;17;19.77;7
E4S 56,780;20220321;01:30:00;01:35:00;18;21.73;17
E4S 56,780;20220321;01:35:00;01:40:00;19;21.20;12
E4S 56,780;20220321;01:40:00;01:45:00;20;19.73;21
E4S 56,780;20220321;01:45:00;01:50:00;21;21.20;12
E4S 56,780;20220321;01:50:00;01:55:00;22;18.90;11
E4S 56,780;20220321;01:55:00;02:00:00;23;22.91;8
E4S 56,780;20220321;02:00:00;02:05:00;24;20.03;10
E4S 56,780;20220321;02:05:00;02:10:00;25;20.91;15
E4S 56,780;20220321;02:10:00;02:15:00;26;19.48;14
E4S 56,780;20220321;02:15:00;02:20:00;27;19.24;16
E4S 56,780;20220321;02:20:00;02:25:00;28;21.11;15
E4S 56,780;20220321;02:25:00;02:30:00;29;20.98;9
E4S 56,780;20220321;02:30:00;02:35:00;30;20.47;21
E4S 56,780;20220321;02:35:00;02:40:00;31;18.80;14
E4S 56,780;20220321;02:40:00;02:45:00;32;18.79;16
E4S 56,780;20220321;02:45:00;02:50:00;33;19.82;12
E4S 56,780;20220321;02:50:00;02:55:00;34;20.29;14
E4S 56,780;20220321;02:55:00;03:00:00;35;21.73;19
E4S 56,780;20220321;03:00:00;03:05:00;36;20.57;22
E4S 56,780;20220321;03:05:00;03:10:00;37;20.15;18
E4S 56,780;20220321;03:10:00;03:15:00;38;19.60;14
E4S 56,780;20220321;03:15:00;03:20:00;39;20.98;17
E4S 56,780;20220321;03:20:00;03:25:00;40;20.72;25
E4S 56,780;20220321;03:25:00;03:30:00;41;22.44;25
E4S 56,780;20220321;03:30:00;03:35:00;42;20.78;30
E4S 56,780;20220321;03:35:00;03:40:00;43;19.77;27
E4S 56,780;20220321;03:40:00;03:45:00;44;20.86;33
E4S 56,780;20220321;03:45:00;03:50:00;45;20.69;28
E4S 56,780;20220321;03:50:00;03:55:00;46;21.44;33
E4S 56,780;20220321;03:55:00;04:00:00;47;20.38;25
E4S 56,780;20220321;04:00:00;04:05:00;48;20.21;40
E4S 56,780;20220321;04:05:00;04:10:00;49;19.81;41
E4S 56,780;20220321;04:10:00;04:15:00;50;21.17;54
E4S 56,780;20220321;04:15:00;04:20:00;51;21.31;75
E4S 56,780;20220321;04:20:00;04:25:00;52;20.58;81
E4S 56,780;20220321;04:25:00;04:30:00;53;21.56;78
E4S 56,780;20220321;04:30:00;04:35:00;54;21.65;108
E4S 56,780;20220321;04:35:00;04:40:00;55;20.82;119
E4S 56,780;20220321;04:40:00;04:45:00;56;20.87;147
E4S 56,780;20220321;04:45:00;04:50:00;57;20.41;166
E4S 56,780;20220321;04:50:00;04:55:00;58;20.48;192
E4S 56,780;20220321;04:55:00;05:00:00;59;20.64;216
E4S 56,780;20220321;05:00:00;05:05:00;60;20.29;177
E4S 56,780;20220321;05:05:00;05:10:00;61;20.57;202
E4S 56,780;20220321;05:10:00;05:15:00;62;20.48;203
E4S 56,780;20220321;05:15:00;05:20:00;63;19.27;255
E4S 56,780;20220321;05:20:00;05:25:00;64;19.45;298
E4S 56,780;20220321;05:25:00;05:30:00;65;18.64;285
E4S 56,780;20220321;05:30:00;05:35:00;66;19.38;270
E4S 56,780;20220321;05:35:00;05:40:00;67;19.24;321
E4S 56,780;20220321;05:40:00;05:45:00;68;19.68;274
E4S 56,780;20220321;05:45:00;05:50:00;69;19.13;323
E4S 56,780;20220321;05:50:00;05:55:00;70;19.19;330
E4S 56,780;20220321;05:55:00;06:00:00;71;19.04;337
E4S 56,780;20220321;06:00:00;06:05:00;72;19.58;273
E4S 56,780;20220321;06:05:00;06:10:00;73;19.27;249
E4S 56,780;20220321;06:10:00;06:15:00;74;18.84;301
E4S 56,780;20220321;06:15:00;06:20:00;75;19.03;308
E4S 56,780;20220321;06:20:00;06:25:00;76;18.91;306
E4S 56,780;20220321;06:25:00;06:30:00;77;18.52;345
E4S 56,780;20220321;06:30:00;06:35:00;78;18.03;377
E4S 56,780;20220321;06:35:00;06:40:00;79;17.66;322
E4S 56,780;20220321;06:40:00;06:45:00;80;18.37;301
E4S 56,780;20220321;06:45:00;06:50:00;81;17.71;356
E4S 56,780;20220321;06:50:00;06:55:00;82;17.51;339
E4S 56,780;20220321;06:55:00;07:00:00;83;17.93;326
E4S 56,780;20220321;07:00:00;07:05:00;84;18.18;308
E4S 56,780;20220321;07:05:00;07:10:00;85;18.58;299
E4S 56,780;20220321;07:10:00;07:15:00;86;17.88;310
E4S 56,780;20220321;07:15:00;07:20:00;87;18.11;326
E4S 56,780;20220321;07:20:00;07:25:00;88;18.41;313
E4S 56,780;20220321;07:25:00;07:30:00;89;18.19;308
E4S 56,780;20220321;07:30:00;07:35:00;90;17.53;314
E4S 56,780;20220321;07:35:00;07:40:00;91;17.63;326
E4S 56,780;20220321;07:40:00;07:45:00;92;18.00;339
E4S 56,780;20220321;07:45:00;07:50:00;93;17.49;372
E4S 56,780;20220321;07:50:00;07:55:00;94;17.85;324
E4S 56,780;20220321;07:55:00;08:00:00;95;17.90;326
E4S 56,780;20220321;08:00:00;08:05:00;96;18.14;310
E4S 56,780;20220321;08:05:00;08:10:00;97;18.47;268
E4S 56,780;20220321;08:10:00;08:15:00;98;18.20;295
E4S 56,780;20220321;08:15:00;08:20:00;99;18.49;275
E4S 56,780;20220321;08:20:00;08:25:00;100;18.11;292
E4S 56,780;20220321;08:25:00;08:30:00;101;18.69;237
E4S 56,780;20220321;08:30:00;08:35:00;102;17.86;295
E4S 56,780;20220321;08:35:00;08:40:00;103;17.72;306
E4S 56,780;20220321;08:40:00;08:45:00;104;18.43;262
E4S 56,780;20220321;08:45:00;08:50:00;105;17.22;312
E4S 56,780;20220321;08:50:00;08:55:00;106;18.58;244
E4S 56,780;20220321;08:55:00;09:00:00;107;17.99;277
E4S 56,780;20220321;09:00:00;09:05:00;108;18.65;236
E4S 56,780;20220321;09:05:00;09:10:00;109;18.00;291
E4S 56,780;20220321;09:10:00;09:15:00;110;17.71;267
E4S 56,780;20220321;09:15:00;09:20:00;111;17.90;328
E4S 56,780;20220321;09:20:00;09:25:00;112;17.94;298
E4S 56,780;20220321;09:25:00;09:30:00;113;18.09;300
E4S 56,780;20220321;09:30:00;09:35:00;114;18.03;286
E4S 56,780;20220321;09:35:00;09:40:00;115;18.01;284
E4S 56,780;20220321;09:40:00;09:45:00;116;17.79;296
E4S 56,780;20220321;09:45:00;09:50:00;117;17.48;289
E4S 56,780;20220321;09:50:00;09:55:00;118;18.96;255
E4S 56,780;20220321;09:55:00;10:00:00;119;18.48;273
E4S 56,780;20220321;10:00:00;10:05:00;120;18.72;260
E4S 56,780;20220321;10:05:00;10:10:00;121;18.82;280
E4S 56,780;20220321;10:10:00;10:15:00;122;18.31;254
E4S 56,780;20220321;10:15:00;10:20:00;123;18.28;286
E4S 56,780;20220321;10:20:00;10:25:00;124;18.25;280
E4S 56,780;20220321;10:25:00;10:30:00;125;18.61;276
E4S 56,780;20220321;10:30:00;10:35:00;126;18.20;281
E4S 56,780;20220321;10:35:00;10:40:00;127;18.14;253
E4S 56,780;20220321;10:40:00;10:45:00;128;17.76;299
E4S 56,780;20220321;10:45:00;10:50:00;129;18.18;276
E4S 56,780;20220321;10:50:00;10:55:00;130;18.94;263
E4S 56,780;20220321;10:55:00;11:00:00;131;18.42;278
E4S 56,780;20220321;11:00:00;11:05:00;132;18.38;274
E4S 56,780;20220321;11:05:00;11:10:00;133;18.26;255
E4S 56,780;20220321;11:10:00;11:15:00;134;18.73;269
E4S 56,780;20220321;11:15:00;11:20:00;135;18.06;294
E4S 56,780;20220321;11:20:00;11:25:00;136;18.04;307
E4S 56,780;20220321;11:25:00;11:30:00;137;18.41;261
E4S 56,780;20220321;11:30:00;11:35:00;138;18.27;257
E4S 56,780;20220321;11:35:00;11:40:00;139;18.41;291
E4S 56,780;20220321;11:40:00;11:45:00;140;17.91;307
E4S 56,780;20220321;11:45:00;11:50:00;141;18.94;256
E4S 56,780;20220321;11:50:00;11:55:00;142;18.38;288
E4S 56,780;20220321;11:55:00;12:00:00;143;18.31;258
E4S 56,780;20220321;12:00:00;12:05:00;144;18.23;302
E4S 56,780;20220321;12:05:00;12:10:00;145;16.79;270
E4S 56,780;20220321;12:10:00;12:15:00;146;17.16;293
E4S 56,780;20220321;12:15:00;12:20:00;147;17.75;313
E4S 56,780;20220321;12:20:00;12:25:00;148;17.98;296
E4S 56,780;20220321;12:25:00;12:30:00;149;18.40;295
E4S 56,780;20220321;12:30:00;12:35:00;150;18.52;236
E4S 56,780;20220321;12:35:00;12:40:00;151;17.87;327
E4S 56,780;20220321;12:40:00;12:45:00;152;18.10;323
E4S 56,780;20220321;12:45:00;12:50:00;153;18.29;276
E4S 56,780;20220321;12:50:00;12:55:00;154;18.57;277
E4S 56,780;20220321;12:55:00;13:00:00;155;17.87;294
E4S 56,780;20220321;13:00:00;13:05:00;156;18.65;263
E4S 56,780;20220321;13:05:00;13:10:00;157;17.80;326
E4S 56,780;20220321;13:10:00;13:15:00;158;17.88;313
E4S 56,780;20220321;13:15:00;13:20:00;159;17.86;347
E4S 56,780;20220321;13:20:00;13:25:00;160;17.73;339
E4S 56,780;20220321;13:25:00;13:30:00;161;17.73;353
E4S 56,780;20220321;13:30:00;13:35:00;162;17.63;341
E4S 56,780;20220321;13:35:00;13:40:00;163;17.65;361
E4S 56,780;20220321;13:40:00;13:45:00;164;17.30;392
E4S 56,780;20220321;13:45:00;13:50:00;165;17.84;357
E4S 56,780;20220321;13:50:00;13:55:00;166;18.10;320
E4S 56,780;20220321;13:55:00;14:00:00;167;17.38;368
E4S 56,780;20220321;14:00:00;14:05:00;168;17.95;353
E4S 56,780;20220321;14:05:00;14:10:00;169;16.93;415
E4S 56,780;20220321;14:10:00;14:15:00;170;17.10;363
E4S 56,780;20220321;14:15:00;14:20:00;171;14.20;429
E4S 56,780;20220321;14:20:00;14:25:00;172;9.64;336
E4S 56,780;20220321;14:25:00;14:30:00;173;10.60;361
E4S 56,780;20220321;14:30:00;14:35:00;174;10.42;352
E4S 56,780;20220321;14:35:00;14:40:00;175;11.66;353
E4S 56,780;20220321;14:40:00;14:45:00;176;10.96;335
E4S 56,780;20220321;14:45:00;14:50:00;177;10.22;327
E4S 56,780;20220321;14:50:00;14:55:00;178;9.94;331
E4S 56,780;20220321;14:55:00;15:00:00;179;11.24;373
E4S 56,780;20220321;15:00:00;15:05:00;180;9.68;337
E4S 56,780;20220321;15:05:00;15:10:00;181;9.28;312
E4S 56,780;20220321;15:10:00;15:15:00;182;8.99;333
E4S 56,780;20220321;15:15:00;15:20:00;183;9.90;365
E4S 56,780;20220321;15:20:00;15:25:00;184;7.15;310
E4S 56,780;20220321;15:25:00;15:30:00;185;7.46;308
E4S 56,780;20220321;15:30:00;15:35:00;186;9.66;381
E4S 56,780;20220321;15:35:00;15:40:00;187;6.19;159
E4S 56,780;20220321;15:40:00;15:45:00;188;6.71;231
E4S 56,780;20220321;15:45:00;15:50:00;189;8.38;322
E4S 56,780;20220321;15:50:00;15:55:00;190;9.03;327
E4S 56,780;20220321;15:55:00;16:00:00;191;9.61;315
E4S 56,780;20220321;16:00:00;16:05:00;192;8.88;292
E4S 56,780;20220321;16:05:00;16:10:00;193;9.15;339
E4S 56,780;20220321;16:10:00;16:15:00;194;7.86;300
E4S 56,780;20220321;16:15:00;16:20:00;195;7.94;302
E4S 56,780;20220321;16:20:00;16:25:00;196;7.11;309
E4S 56,780;20220321;16:25:00;16:30:00;197;10.56;323
E4S 56,780;20220321;16:30:00;16:35:00;198;9.15;309
E4S 56,780;20220321;16:35:00;16:40:00;199;10.78;293
E4S 56,780;20220321;16:40:00;16:45:00;200;16.14;241
E4S 56,780;20220321;16:45:00;16:50:00;201;15.96;269
E4S 56,780;20220321;16:50:00;16:55:00;202;16.97;247
E4S 56,780;20220321;16:55:00;17:00:00;203;17.49;226
E4S 56,780;20220321;17:00:00;17:05:00;204;17.24;245
E4S 56,780;20220321;17:05:00;17:10:00;205;16.41;277
E4S 56,780;20220321;17:10:00;17:15:00;206;17.13;270
E4S 56,780;20220321;17:15:00;17:20:00;207;16.20;282
E4S 56,780;20220321;17:20:00;17:25:00;208;16.34;240
E4S 56,780;20220321;17:25:00;17:30:00;209;16.31;255
E4S 56,780;20220321;17:30:00;17:35:00;210;15.60;345
E4S 56,780;20220321;17:35:00;17:40:00;211;16.77;294
E4S 56,780;20220321;17:40:00;17:45:00;212;18.09;248
E4S 56,780;20220321;17:45:00;17:50:00;213;17.39;296
E4S 56,780;20220321;17:50:00;17:55:00;214;18.60;261
E4S 56,780;20220321;17:55:00;18:00:00;215;18.41;231
E4S 56,780;20220321;18:00:00;18:05:00;216;18.23;208
E4S 56,780;20220321;18:05:00;18:10:00;217;18.48;192
E4S 56,780;20220321;18:10:00;18:15:00;218;18.53;214
E4S 56,780;20220321;18:15:00;18:20:00;219;18.71;204
E4S 56,780;20220321;18:20:00;18:25:00;220;18.72;181
E4S 56,780;20220321;18:25:00;18:30:00;221;18.21;205
E4S 56,780;20220321;18:30:00;18:35:00;222;18.22;201
E4S 56,780;20220321;18:35:00;18:40:00;223;19.63;161
E4S 56,780;20220321;18:40:00;18:45:00;224;18.89;170
E4S 56,780;20220321;18:45:00;18:50:00;225;19.19;172
E4S 56,780;20220321;18:50:00;18:55:00;226;18.71;189
E4S 56,780;20220321;18:55:00;19:00:00;227;18.82;171
E4S 56,780;20220321;19:00:00;19:05:00;228;19.21;176
E4S 56,780;20220321;19:05:00;19:10:00;229;18.98;161
E4S 56,780;20220321;19:10:00;19:15:00;230;18.70;168
E4S 56,780;20220321;19:15:00;19:20:00;231;18.99;147
E4S 56,780;20220321;19:20:00;19:25:00;232;18.66;192
E4S 56,780;20220321;19:25:00;19:30:00;233;18.44;182
E4S 56,780;20220321;19:30:00;19:35:00;234;18.66;152
E4S 56,780;20220321;19:35:00;19:40:00;235;18.88;145
E4S 56,780;20220321;19:40:00;19:45:00;236;18.86;148
E4S 56,780;20220321;19:45:00;19:50:00;237;19.35;146
E4S 56,780;20220321;19:50:00;19:55:00;238;19.40;125
E4S 56,780;20220321;19:55:00;20:00:00;239;19.13;142
E4S 56,780;20220321;20:00:00;20:05:00;240;18.66;132
E4S 56,780;20220321;20:05:00;20:10:00;241;19.57;141
E4S 56,780;20220321;20:10:00;20:15:00;242;19.01;140
E4S 56,780;20220321;20:15:00;20:20:00;243;19.50;150
E4S 56,780;20220321;20:20:00;20:25:00;244;20.08;148
E4S 56,780;20220321;20:25:00;20:30:00;245;19.08;132
E4S 56,780;20220321;20:30:00;20:35:00;246;19.38;116
E4S 56,780;20220321;20:35:00;20:40:00;247;19.30;106
E4S 56,780;20220321;20:40:00;20:45:00;248;19.25;107
E4S 56,780;20220321;20:45:00;20:50:00;249;19.32;103
E4S 56,780;20220321;20:50:00;20:55:00;250;19.93;105
E4S 56,780;20220321;20:55:00;21:00:00;251;20.19;100
E4S 56,780;20220321;21:00:00;21:05:00;252;19.05;96
E4S 56,780;20220321;21:05:00;21:10:00;253;19.15;79
E4S 56,780;20220321;21:10:00;21:15:00;254;19.56;108
E4S 56,780;20220321;21:15:00;21:20:00;255;19.70;70
E4S 56,780;20220321;21:20:00;21:25:00;256;19.53;83
E4S 56,780;20220321;21:25:00;21:30:00;257;19.78;92
E4S 56,780;20220321;21:30:00;21:35:00;258;20.48;80
E4S 56,780;20220321;21:35:00;21:40:00;259;19.05;55
E4S 56,780;20220321;21:40:00;21:45:00;260;19.22;42
E4S 56,780;20220321;21:45:00;21:50:00;261;18.82;51
E4S 56,780;20220321;21:50:00;21:55:00;262;19.48;59
E4S 56,780;20220321;21:55:00;22:00:00;263;19.30;62
E4S 56,780;20220321;22:00:00;22:05:00;264;17.56;48
E4S 56,780;20220321;22:05:00;22:10:00;265;18.33;53
E4S 56,780;20220321;22:10:00;22:15:00;266;15.05;45
E4S 56,780;20220321;22:15:00;22:20:00;267;17.38;53
E4S 56,780;20220321;22:20:00;22:25:00;268;18.07;38
E4S 56,780;20220321;22:25:00;22:30:00;269;16.96;49
E4S 56,780;20220321;22:30:00;22:35:00;270;17.07;43
E4S 56,780;20220321;22:35:00;22:40:00;271;14.17;41
E4S 56,780;20220321;22:40:00;22:45:00;272;14.92;32
E4S 56,780;20220321;22:45:00;22:50:00;273;13.23;46
E4S 56,780;20220321;22:50:00;22:55:00;274;15.94;43
E4S 56,780;20220321;22:55:00;23:00:00;275;15.75;38
E4S 56,780;20220321;23:00:00;23:05:00;276;15.13;39
E4S 56,780;20220321;23:05:00;23:10:00;277;16.74;45
E4S 56,780;20220321;23:10:00;23:15:00;278;16.79;33
E4S 56,780;20220321;23:15:00;23:20:00;279;16.52;40
E4S 56,780;20220321;23:20:00;23:25:00;280;17.18;26
E4S 56,780;20220321;23:25:00;23:30:00;281;16.68;33
E4S 56,780;20220321;23:30:00;23:35:00;282;18.09;30
E4S 56,780;20220321;23:35:00;23:40:00;283;15.98;28
E4S 56,780;20220321;23:40:00;23:45:00;284;16.86;27
E4S 56,780;20220321;23:45:00;23:50:00;285;16.52;33
E4S 56,780;20220321;23:50:00;23:55:00;286;18.78;18
E4S 56,780;20220321;23:55:00;24:00:00;287;18.13;13
E4S 56,780;20220323;00:00:00;00:05:00;0;19.54;22
E4S 56,780;20220323;00:05:00;00:10:00;1;21.49;10
E4S 56,780;20220323;00:10:00;00:15:00;2;20.24;12
E4S 56,780;20220323;00:15:00;00:20:00;3;21.47;21
E4S 56,780;20220323;00:20:00;00:25:00;4;21.51;14
E4S 56,780;20220323;00:25:00;00:30:00;5;19.88;25
E4S 56,780;20220323;00:30:00;00:35:00;6;20.46;16
E4S 56,780;20220323;00:35:00;00:40:00;7;19.84;12
E4S 56,780;20220323;00:40:00;00:45:00;8;19.31;13
E4S 56,780;20220323;00:45:00;00:50:00;9;20.63;14
E4S 56,780;20220323;00:50:00;00:55:00;10;20.93;20
E4S 56,780;20220323;00:55:00;01:00:00;11;22.21;25
E4S 56,780;20220323;01:00:00;01:05:00;12;20.65;27
E4S 56,780;20220323;01:05:00;01:10:00;13;21.73;21
E4S 56,780;20220323;01:10:00;01:15:00;14;19.45;16
E4S 56,780;20220323;01:15:00;01:20:00;15;20.99;16
E4S 56,780;20220323;01:20:00;01:25:00;16;19.38;23
E4S 56,780;20220323;01:25:00;01:30:00;17;21.32;17
E4S 56,780;20220323;01:30:00;01:35:00;18;22.12;19
E4S 56,780;20220323;01:35:00;01:40:00;19;19.98;12
E4S 56,780;20220323;01:40:00;01:45:00;20;20.32;9
E4S 56,780;20220323;01:45:00;01:50:00;21;19.16;18
E4S 56,780;20220323;01:50:00;01:55:00;22;18.73;15
E4S 56,780;20220323;01:55:00;02:00:00;23;20.78;22
E4S 56,780;20220323;02:00:00;02:05:00;24;20.03;15
E4S 56,780;20220323;02:05:00;02:10:00;25;17.21;4
E4S 56,780;20220323;02:10:00;02:15:00;26;19.96;9
E4S 56,780;20220323;02:15:00;02:20:00;27;18.59;17
E4S 56,780;20220323;02:20:00;02:25:00;28;20.61;17
E4S 56,780;20220323;02:25:00;02:30:00;29;19.80;12
E4S 56,780;20220323;02:30:00;02:35:00;30;20.89;16
E4S 56,780;20220323;02:35:00;02:40:00;31;20.16;17
E4S 56,780;20220323;02:40:00;02:45:00;32;20.57;18
E4S 56,780;20220323;02:45:00;02:50:00;33;21.22;18
E4S 56,780;20220323;02:50:00;02:55:00;34;20.64;13
E4S 56,780;20220323;02:55:00;03:00:00;35;19.65;19
E4S 56,780;20220323;03:00:00;03:05:00;36;20.26;31
E4S 56,780;20220323;03:05:00;03:10:00;37;20.30;19
E4S 56,780;20220323;03:10:00;03:15:00;38;22.81;13
E4S 56,780;20220323;03:15:00;03:20:00;39;20.79;29
E4S 56,780;20220323;03:20:00;03:25:00;40;20.81;27
E4S 56,780;20220323;03:25:00;03:30:00;41;20.17;32
E4S 56,780;20220323;03:30:00;03:35:00;42;21.78;36
E4S 56,780;20220323;03:35:00;03:40:00;43;21.24;40
E4S 56,780;20220323;03:40:00;03:45:00;44;21.44;28
E4S 56,780;20220323;03:45:00;03:50:00;45;20.24;29
E4S 56,780;20220323;03:50:00;03:55:00;46;20.33;32
E4S 56,780;20220323;03:55:00;04:00:00;47;20.87;34
E4S 56,780;20220323;04:00:00;04:05:00;48;20.04;34
E4S 56,780;20220323;04:05:00;04:10:00;49;21.37;41
E4S 56,780;20220323;04:10:00;04:15:00;50;20.35;47
E4S 56,780;20220323;04:15:00;04:20:00;51;20.72;61
E4S 56,780;20220323;04:20:00;04:25:00;52;20.56;85
E4S 56,780;20220323;04:25:00;04:30:00;53;21.27;88
E4S 56,780;20220323;04:30:00;04:35:00;54;21.41;118
E4S 56,780;20220323;04:35:00;04:40:00;55;21.86;134
E4S 56,780;20220323;04:40:00;04:45:00;56;21.03;157
E4S 56,780;20220323;04:45:00;04:50:00;57;20.72;181
E4S 56,780;20220323;04:50:00;04:55:00;58;20.39;202
E4S 56,780;20220323;04:55:00;05:00:00;59;20.33;234
E4S 56,780;20220323;05:00:00;05:05:00;60;21.23;155
E4S 56,780;20220323;05:05:00;05:10:00;61;20.53;187
E4S 56,780;20220323;05:10:00;05:15:00;62;20.98;201
E4S 56,780;20220323;05:15:00;05:20:00;63;20.64;233
E4S 56,780;20220323;05:20:00;05:25:00;64;19.00;298
E4S 56,780;20220323;05:25:00;05:30:00;65;19.39;280
E4S 56,780;20220323;05:30:00;05:35:00;66;19.40;308
E4S 56,780;20220323;05:35:00;05:40:00;67;19.63;296
E4S 56,780;20220323;05:40:00;05:45:00;68;19.17;301
E4S 56,780;20220323;05:45:00;05:50:00;69;19.08;307
E4S 56,780;20220323;05:50:00;05:55:00;70;19.47;332
E4S 56,780;20220323;05:55:00;06:00:00;71;19.50;322
E4S 56,780;20220323;06:00:00;06:05:00;72;19.65;263
E4S 56,780;20220323;06:05:00;06:10:00;73;19.56;271
E4S 56,780;20220323;06:10:00;06:15:00;74;19.14;335
E4S 56,780;20220323;06:15:00;06:20:00;75;18.77;311
E4S 56,780;20220323;06:20:00;06:25:00;76;18.24;345
E4S 56,780;20220323;06:25:00;06:30:00;77;18.85;312
E4S 56,780;20220323;06:30:00;06:35:00;78;17.99;347
E4S 56,780;20220323;06:35:00;06:40:00;79;18.36;347
E4S 56,780;20220323;06:40:00;06:45:00;80;18.70;313
E4S 56,780;20220323;06:45:00;06:50:00;81;18.50;307
E4S 56,780;20220323;06:50:00;06:55:00;82;18.80;290
E4S 56,780;20220323;06:55:00;07:00:00;83;18.45;311
E4S 56,780;20220323;07:00:00;07:05:00;84;19.32;258
E4S 56,780;20220323;07:05:00;07:10:00;85;18.40;307
E4S 56,780;20220323;07:10:00;07:15:00;86;18.11;317
E4S 56,780;20220323;07:15:00;07:20:00;87;18.69;310
E4S 56,780;20220323;07:20:00;07:25:00;88;18.04;328
E4S 56,780;20220323;07:25:00;07:30:00;89;18.26;291
E4S 56,780;20220323;07:30:00;07:35:00;90;17.93;309
E4S 56,780;20220323;07:35:00;07:40:00;91;17.77;316
E4S 56,780;20220323;07:40:00;07:45:00;92;17.99;298
E4S 56,780;20220323;07:45:00;07:50:00;93;18.52;285
E4S 56,780;20220323;07:50:00;07:55:00;94;18.33;318
E4S 56,780;20220323;07:55:00;08:00:00;95;17.70;326
E4S 56,780;20220323;08:00:00;08:05:00;96;18.28;315
E4S 56,780;20220323;08:05:00;08:10:00;97;18.15;315
E4S 56,780;20220323;08:10:00;08:15:00;98;17.86;328
E4S 56,780;20220323;08:15:00;08:20:00;99;17.81;322
E4S 56,780;20220323;08:20:00;08:25:00;100;17.55;325
E4S 56,780;20220323;08:25:00;08:30:00;101;17.44;300
E4S 56,780;20220323;08:30:00;08:35:00;102;17.18;308
E4S 56,780;20220323;08:35:00;08:40:00;103;16.94;340
E4S 56,780;20220323;08:40:00;08:45:00;104;17.70;279
E4S 56,780;20220323;08:45:00;08:50:00;105;18.44;290
E4S 56,780;20220323;08:50:00;08:55:00;106;18.37;270
E4S 56,780;20220323;08:55:00;09:00:00;107;18.03;292
E4S 56,780;20220323;09:00:00;09:05:00;108;18.36;275
E4S 56,780;20220323;09:05:00;09:10:00;109;18.22;232
E4S 56,780;20220323;09:10:00;09:15:00;110;18.46;248
E4S 56,780;20220323;09:15:00;09:20:00;111;17.64;256
E4S 56,780;20220323;09:20:00;09:25:00;112;18.29;250
E4S 56,780;20220323;09:25:00;09:30:00;113;18.55;263
E4S 56,780;20220323;09:30:00;09:35:00;114;17.97;258
E4S 56,780;20220323;09:35:00;09:40:00;115;17.59;271
E4S 56,780;20220323;09:40:00;09:45:00;116;17.50;301
E4S 56,780;20220323;09:45:00;09:50:00;117;17.92;305
E4S 56,780;20220323;09:50:00;09:55:00;118;17.36;271
E4S 56,780;20220323;09:55:00;10:00:00;119;18.18;251
E4S 56,780;20220323;10:00:00;10:05:00;120;17.95;241
E4S 56,780;20220323;10:05:00;10:10:00;121;17.95;240
E4S 56,780;20220323;10:10:00;10:15:00;122;18.12;242
E4S 56,780;20220323;10:15:00;10:20:00;123;18.10;244
E4S 56,780;20220323;10:20:00;10:25:00;124;17.22;247
E4S 56,780;20220323;10:25:00;10:30:00;125;17.87;246
E4S 56,780;20220323;10:30:00;10:35:00;126;17.89;246
E4S 56,780;20220323;10:35:00;10:40:00;127;18.08;260
E4S 56,780;20220323;10:40:00;10:45:00;128;17.75;252
E4S 56,780;20220323;10:45:00;10:50:00;129;18.23;243
E4S 56,780;20220323;10:50:00;10:55:00;130;18.24;277
E4S 56,780;20220323;10:55:00;11:00:00;131;18.70;255
E4S 56,780;20220323;11:00:00;11:05:00;132;18.84;254
E4S 56,780;20220323;11:05:00;11:10:00;133;17.95;294
E4S 56,780;20220323;11:10:00;11:15:00;134;17.72;288
E4S 56,780;20220323;11:15:00;11:20:00;135;17.41;292
E4S 56,780;20220323;11:20:00;11:25:00;136;18.02;259
E4S 56,780;20220323;11:25:00;11:30:00;137;17.44;260
E4S 56,780;20220323;11:30:00;11:35:00;138;18.22;295
E4S 56,780;20220323;11:35:00;11:40:00;139;17.35;296
E4S 56,780;20220323;11:40:00;11:45:00;140;18.29;275
E4S 56,780;20220323;11:45:00;11:50:00;141;17.72;274
E4S 56,780;20220323;11:50:00;11:55:00;142;18.65;262
E4S 56,780;20220323;11:55:00;12:00:00;143;18.16;271
E4S 56,780;20220323;12:00:00;12:05:00;144;18.39;258
E4S 56,780;20220323;12:05:00;12:10:00;145;17.41;298
E4S 56,780;20220323;12:10:00;12:15:00;146;17.69;321
E4S 56,780;20220323;12:15:00;12:20:00;147;18.13;255
E4S 56,780;20220323;12:20:00;12:25:00;148;18.24;296
E4S 56,780;20220323;12:25:00;12:30:00;149;18.66;262
E4S 56,780;20220323;12:30:00;12:35:00;150;17.82;280
E4S 56,780;20220323;12:35:00;12:40:00;151;17.27;301
E4S 56,780;20220323;12:40:00;12:45:00;152;17.74;285
E4S 56,780;20220323;12:45:00;12:50:00;153;17.93;272
E4S 56,780;20220323;12:50:00;12:55:00;154;18.05;323
E4S 56,780;20220323;12:55:00;13:00:00;155;18.50;257
E4S 56,780;20220323;13:00:00;13:05:00;156;17.89;286
E4S 56,780;20220323;13:05:00;13:10:00;157;17.91;282
E4S 56,780;20220323;13:10:00;13:15:00;158;17.63;349
E4S 56,780;20220323;13:15:00;13:20:00;159;17.94;332
E4S 56,780;20220323;13:20:00;13:25:00;160;17.31;335
E4S 56,780;20220323;13:25:00;13:30:00;161;17.31;321
E4S 56,780;20220323;13:30:00;13:35:00;162;17.07;327
E4S 56,780;20220323;13:35:00;13:40:00;163;17.02;385
E4S 56,780;20220323;13:40:00;13:45:00;164;17.48;354
E4S 56,780;20220323;13:45:00;13:50:00;165;16.76;380
E4S 56,780;20220323;13:50:00;13:55:00;166;17.16;327
E4S 56,780;20220323;13:55:00;14:00:00;167;17.68;312
E4S 56,780;20220323;14:00:00;14:05:00;168;16.75;371
E4S 56,780;20220323;14:05:00;14:10:00;169;13.91;329
E4S 56,780;20220323;14:10:00;14:15:00;170;14.01;382
E4S 56,780;20220323;14:15:00;14:20:00;171;13.38;363
E4S 56,780;20220323;14:20:00;14:25:00;172;12.06;348
E4S 56,780;20220323;14:25:00;14:30:00;173;9.21;228
E4S 56,780;20220323;14:30:00;14:35:00;174;9.29;294
E4S 56,780;20220323;14:35:00;14:40:00;175;9.54;327
E4S 56,780;20220323;14:40:00;14:45:00;176;10.00;299
E4S 56,780;20220323;14:45:00;14:50:00;177;8.98;312
E4S 56,780;20220323;14:50:00;14:55:00;178;10.15;347
E4S 56,780;20220323;14:55:00;15:00:00;179;8.91;312
E4S 56,780;20220323;15:00:00;15:05:00;180;8.87;287
E4S 56,780;20220323;15:05:00;15:10:00;181;8.46;320
E4S 56,780;20220323;15:10:00;15:15:00;182;9.01;351
E4S 56,780;20220323;15:15:00;15:20:00;183;8.65;314
E4S 56,780;20220323;15:20:00;15:25:00;184;8.17;297
E4S 56,780;20220323;15:25:00;15:30:00;185;5.91;271
E4S 56,780;20220323;15:30:00;15:35:00;186;8.33;321
E4S 56,780;20220323;15:35:00;15:40:00;187;8.36;310
E4S 56,780;20220323;15:40:00;15:45:00;188;10.30;339
E4S 56,780;20220323;15:45:00;15:50:00;189;5.93;237
E4S 56,780;20220323;15:50:00;15:55:00;190;8.46;330
E4S 56,780;20220323;15:55:00;16:00:00;191;7.69;286
E4S 56,780;20220323;16:00:00;16:05:00;192;7.63;298
E4S 56,780;20220323;16:05:00;16:10:00;193;11.17;359
E4S 56,780;20220323;16:10:00;16:15:00;194;7.69;305
E4S 56,780;20220323;16:15:00;16:20:00;195;7.41;302
E4S 56,780;20220323;16:20:00;16:25:00;196;7.99;277
E4S 56,780;20220323;16:25:00;16:30:00;197;9.85;311
E4S 56,780;20220323;16:30:00;16:35:00;198;9.33;330
E4S 56,780;20220323;16:35:00;16:40:00;199;8.41;333
E4S 56,780;20220323;16:40:00;16:45:00;200;7.10;321
E4S 56,780;20220323;16:45:00;16:50:00;201;10.35;341
E4S 56,780;20220323;16:50:00;16:55:00;202;9.71;333
E4S 56,780;20220323;16:55:00;17:00:00;203;6.21;224
E4S 56,780;20220323;17:00:00;17:05:00;204;6.61;241
E4S 56,780;20220323;17:05:00;17:10:00;205;6.45;215
E4S 56,780;20220323;17:10:00;17:15:00;206;6.82;275
E4S 56,780;20220323;17:15:00;17:20:00;207;11.49;374
E4S 56,780;20220323;17:20:00;17:25:00;208;15.66;306
E4S 56,780;20220323;17:25:00;17:30:00;209;16.42;247
E4S 56,780;20220323;17:30:00;17:35:00;210;15.88;301
E4S 56,780;20220323;17:35:00;17:40:00;211;16.73;263
E4S 56,780;20220323;17:40:00;17:45:00;212;17.31;269
E4S 56,780;20220323;17:45:00;17:50:00;213;16.98;260
E4S 56,780;20220323;17:50:00;17:55:00;214;17.17;260
E4S 56,780;20220323;17:55:00;18:00:00;215;16.75;225
E4S 56,780;20220323;18:00:00;18:05:00;216;16.66;234
E4S 56,780;20220323;18:05:00;18:10:00;217;16.92;206
E4S 56,780;20220323;18:10:00;18:15:00;218;16.31;217
E4S 56,780;20220323;18:15:00;18:20:00;219;17.39;221
E4S 56,780;20220323;18:20:00;18:25:00;220;18.54;212
E4S 56,780;20220323;18:25:00;18:30:00;221;18.03;221
E4S 56,780;20220323;18:30:00;18:35:00;222;18.79;222
E4S 56,780;20220323;18:35:00;18:40:00;223;18.42;205
E4S 56,780;20220323;18:40:00;18:45:00;224;18.85;186
E4S 56,780;20220323;18:45:00;18:50:00;225;18.58;178
E4S 56,780;20220323;18:50:00;18:55:00;226;18.56;164
E4S 56,780;20220323;18:55:00;19:00:00;227;19.50;162
E4S 56,780;20220323;19:00:00;19:05:00;228;18.82;187
E4S 56,780;20220323;19:05:00;19:10:00;229;18.77;152
E4S 56,780;20220323;19:10:00;19:15:00;230;18.86;179
E4S 56,780;20220323;19:15:00;19:20:00;231;19.09;166
E4S 56,780;20220323;19:20:00;19:25:00;232;18.83;189
E4S 56,780;20220323;19:25:00;19:30:00;233;18.89;177
E4S 56,780;20220323;19:30:00;19:35:00;234;18.95;169
E4S 56,780;20220323;19:35:00;19:40:00;235;18.64;152
E4S 56,780;20220323;19:40:00;19:45:00;236;19.54;144
E4S 56,780;20220323;19:45:00;19:50:00;237;19.72;140
E4S 56,780;20220323;19:50:00;19:55:00;238;18.87;173
E4S 56,780;20220323;19:55:00;20:00:00;239;19.24;134
E4S 56,780;20220323;20:00:00;20:05:00;240;19.37;129
E4S 56,780;20220323;20:05:00;20:10:00;241;19.09;162
E4S 56,780;20220323;20:10:00;20:15:00;242;19.24;157
E4S 56,780;20220323;20:15:00;20:20:00;243;19.31;177
E4S 56,780;20220323;20:20:00;20:25:00;244;19.44;141
E4S 56,780;20220323;20:25:00;20:30:00;245;19.31;176
E4S 56,780;20220323;20:30:00;20:35:00;246;19.20;136
E4S 56,780;20220323;20:35:00;20:40:00;247;20.09;113
E4S 56,780;20220323;20:40:00;20:45:00;248;19.39;122
E4S 56,780;20220323;20:45:00;20:50:00;249;19.03;133
E4S 56,780;20220323;20:50:00;20:55:00;250;19.26;105
E4S 56,780;20220323;20:55:00;21:00:00;251;19.05;90
E4S 56,780;20220323;21:00:00;21:05:00;252;19.97;97
E4S 56,780;20220323;21:05:00;21:10:00;253;19.10;117
E4S 56,780;20220323;21:10:00;21:15:00;254;19.63;97
E4S 56,780;20220323;21:15:00;21:20:00;255;18.79;100
E4S 56,780;20220323;21:20:00;21:25:00;256;19.08;107
E4S 56,780;20220323;21:25:00;21:30:00;257;19.69;94
E4S 56,780;20220323;21:30:00;21:35:00;258;18.95;86
E4S 56,780;20220323;21:35:00;21:40:00;259;20.29;104
E4S 56,780;20220323;21:40:00;21:45:00;260;20.24;84
E4S 56,780;20220323;21:45:00;21:50:00;261;20.42;60
E4S 56,780;20220323;21:50:00;21:55:00;262;19.67;66
E4S 56,780;20220323;21:55:00;22:00:00;263;19.93;85
E4S 56,780;20220323;22:00:00;22:05:00;264;19.86;72
E4S 56,780;20220323;22:05:00;22:10:00;265;18.97;56
E4S 56,780;20220323;22:10:00;22:15:00;266;20.55;58
E4S 56,780;20220323;22:15:00;22:20:00;267;20.07;72
E4S 56,780;20220323;22:20:00;22:25:00;268;20.01;62
E4S 56,780;20220323;22:25:00;22:30:00;269;20.21;64
E4S 56,780;20220323;22:30:00;22:35:00;270;20.92;46
E4S 56,780;20220323;22:35:00;22:40:00;271;19.95;39
E4S 56,780;20220323;22:40:00;22:45:00;272;20.39;50
E4S 56,780;20220323;22:45:00;22:50:00;273;20.09;49
E4S 56,780;20220323;22:50:00;22:55:00;274;20.07;54
E4S 56,780;20220323;22:55:00;23:00:00;275;18.87;46
E4S 56,780;20220323;23:00:00;23:05:00;276;20.80;41
E4S 56,780;20220323;23:05:00;23:10:00;277;19.66;27
E4S 56,780;20220323;23:10:00;23:15:00;278;20.37;40
E4S 56,780;20220323;23:15:00;23:20:00;279;20.42;41
E4S 56,780;20220323;23:20:00;23:25:00;280;20.20;39
E4S 56,780;20220323;23:25:00;23:30:00;281;19.45;38
E4S 56,780;20220323;23:30:00;23:35:00;282;19.96;29
E4S 56,780;20220323;23:35:00;23:40:00;283;19.83;34
E4S 56,780;20220323;23:40:00;23:45:00;284;21.01;35
E4S 56,780;20220323;23:45:00;23:50:00;285;20.35;29
E4S 56,780;20220323;23:50:00;23:55:00;286;20.40;39
E4S 56,780;20220323;23:55:00;24:00:00;287;20.28;30
E4S 56,780;20220326;00:00:00;00:05:00;0;20.06;53
E4S 56,780;20220326;00:05:00;00:10:00;1;19.86;45
E4S 56,780;20220326;00:10:00;00:15:00;2;20.36;61
E4S 56,780;20220326;00:15:00;00:20:00;3;19.79;31
E4S 56,780;20220326;00:20:00;00:25:00;4;20.55;41
E4S 56,780;20220326;00:25:00;00:30:00;5;19.66;34
E4S 56,780;20220326;00:30:00;00:35:00;6;20.32;29
E4S 56,780;20220326;00:35:00;00:40:00;7;20.01;39
E4S 56,780;20220326;00:40:00;00:45:00;8;19.15;41
E4S 56,780;20220326;00:45:00;00:50:00;9;20.31;45
E4S 56,780;20220326;00:50:00;00:55:00;10;21.01;43
E4S 56,780;20220326;00:55:00;01:00:00;11;19.97;36
E4S 56,780;20220326;01:00:00;01:05:00;12;20.04;30
E4S 56,780;20220326;01:05:00;01:10:00;13;21.07;41
E4S 56,780;20220326;01:10:00;01:15:00;14;19.66;50
E4S 56,780;20220326;01:15:00;01:20:00;15;20.46;31
E4S 56,780;20220326;01:20:00;01:25:00;16;21.00;36
E4S 56,780;20220326;01:25:00;01:30:00;17;19.71;45
E4S 56,780;20220326;01:30:00;01:35:00;18;19.93;33
E4S 56,780;20220326;01:35:00;01:40:00;19;19.49;22
E4S 56,780;20220326;01:40:00;01:45:00;20;20.24;28
E4S 56,780;20220326;01:45:00;01:50:00;21;20.52;33
E4S 56,780;20220326;01:50:00;01:55:00;22;20.26;27
E4S 56,780;20220326;01:55:00;02:00:00;23;20.18;39
E4S 56,780;20220326;02:00:00;02:05:00;24;19.23;36
E4S 56,780;20220326;02:05:00;02:10:00;25;20.73;25
E4S 56,780;20220326;02:10:00;02:15:00;26;21.28;33
E4S 56,780;20220326;02:15:00;02:20:00;27;19.62;28
E4S 56,780;20220326;02:20:00;02:25:00;28;21.12;28
E4S 56,780;20220326;02:25:00;02:30:00;29;19.59;14
E4S 56,780;20220326;02:30:00;02:35:00;30;20.47;21
E4S 56,780;20220326;02:35:00;02:40:00;31;20.10;22
E4S 56,780;20220326;02:40:00;02:45:00;32;19.52;21
E4S 56,780;20220326;02:45:00;02:50:00;33;20.59;23
E4S 56,780;20220326;02:50:00;02:55:00;34;20.17;26
E4S 56,780;20220326;02:55:00;03:00:00;35;19.71;21
E4S 56,780;20220326;03:00:00;03:05:00;36;20.48;26
E4S 56,780;20220326;03:05:00;03:10:00;37;21.81;19
E4S 56,780;20220326;03:10:00;03:15:00;38;20.09;24
E4S 56,780;20220326;03:15:00;03:20:00;39;21.85;23
E4S 56,780;20220326;03:20:00;03:25:00;40;19.70;26
E4S 56,780;20220326;03:25:00;03:30:00;41;20.93;25
E4S 56,780;20220326;03:30:00;03:35:00;42;19.26;36
E4S 56,780;20220326;03:35:00;03:40:00;43;21.90;16
E4S 56,780;20220326;03:40:00;03:45:00;44;20.51;35
E4S 56,780;20220326;03:45:00;03:50:00;45;20.49;21
E4S 56,780;20220326;03:50:00;03:55:00;46;21.82;27
E4S 56,780;20220326;03:55:00;04:00:00;47;20.54;24
E4S 56,780;20220326;04:00:00;04:05:00;48;19.94;21
E4S 56,780;20220326;04:05:00;04:10:00;49;20.28;26
E4S 56,780;20220326;04:10:00;04:15:00;50;23.92;13
E4S 56,780;20220326;04:15:00;04:20:00;51;21.33;30
E4S 56,780;20220326;04:20:00;04:25:00;52;21.51;24
E4S 56,780;20220326;04:25:00;04:30:00;53;21.61;43
E4S 56,780;20220326;04:30:00;04:35:00;54;21.68;30
E4S 56,780;20220326;04:35:00;04:40:00;55;21.86;42
E4S 56,780;20220326;04:40:00;04:45:00;56;22.52;38
E4S 56,780;20220326;04:45:00;04:50:00;57;21.91;33
E4S 56,780;20220326;04:50:00;04:55:00;58;21.38;38
E4S 56,780;20220326;04:55:00;05:00:00;59;21.59;34
E4S 56,780;20220326;05:00:00;05:05:00;60;21.00;44
E4S 56,780;20220326;05:05:00;05:10:00;61;20.82;40
E4S 56,780;20220326;05:10:00;05:15:00;62;21.18;56
E4S 56,780;20220326;05:15:00;05:20:00;63;21.09;59
E4S 56,780;20220326;05:20:00;05:25:00;64;21.28;58
E4S 56,780;20220326;05:25:00;05:30:00;65;20.96;47
E4S 56,780;20220326;05:30:00;05:35:00;66;20.33;64
E4S 56,780;20220326;05:35:00;05:40:00;67;20.49;102
E4S 56,780;20220326;05:40:00;05:45:00;68;21.44;67
E4S 56,780;20220326;05:45:00;05:50:00;69;21.74;72
E4S 56,780;20220326;05:50:00;05:55:00;70;20.96;48
E4S 56,780;20220326;05:55:00;06:00:00;71;22.03;56
E4S 56,780;20220326;06:00:00;06:05:00;72;21.33;49
E4S 56,780;20220326;06:05:00;06:10:00;73;20.52;60
E4S 56,780;20220326;06:10:00;06:15:00;74;21.32;77
E4S 56,780;20220326;06:15:00;06:20:00;75;20.86;88
E4S 56,780;20220326;06:20:00;06:25:00;76;20.73;73
E4S 56,780;20220326;06:25:00;06:30:00;77;21.20;92
E4S 56,780;20220326;06:30:00;06:35:00;78;20.33;105
E4S 56,780;20220326;06:35:00;06:40:00;79;20.69;103
E4S 56,780;20220326;06:40:00;06:45:00;80;20.65;89
E4S 56,780;20220326;06:45:00;06:50:00;81;21.18;94
E4S 56,780;20220326;06:50:00;06:55:00;82;20.28;87
E4S 56,780;20220326;06:55:00;07:00:00;83;21.18;74
E4S 56,780;20220326;07:00:00;07:05:00;84;21.07;89
E4S 56,780;20220326;07:05:00;07:10:00;85;20.25;87
E4S 56,780;20220326;07:10:00;07:15:00;86;20.67;94
E4S 56,780;20220326;07:15:00;07:20:00;87;20.32;107
E4S 56,780;20220326;07:20:00;07:25:00;88;20.57;103
E4S 56,780;20220326;07:25:00;07:30:00;89;20.06;91
E4S 56,780;20220326;07:30:00;07:35:00;90;19.55;109
E4S 56,780;20220326;07:35:00;07:40:00;91;20.09;90
E4S 56,780;20220326;07:40:00;07:45:00;92;20.26;127
E4S 56,780;20220326;07:45:00;07:50:00;93;20.16;108
E4S 56,780;20220326;07:50:00;07:55:00;94;20.00;136
E4S 56,780;20220326;07:55:00;08:00:00;95;19.62;136
E4S 56,780;20220326;08:00:00;08:05:00;96;19.93;119
E4S 56,780;20220326;08:05:00;08:10:00;97;20.42;115
E4S 56,780;20220326;08:10:00;08:15:00;98;20.09;162
E4S 56,780;20220326;08:15:00;08:20:00;99;19.47;161
E4S 56,780;20220326;08:20:00;08:25:00;100;19.61;131
E4S 56,780;20220326;08:25:00;08:30:00;101;20.04;117
E4S 56,780;20220326;08:30:00;08:35:00;102;19.37;153
E4S 56,780;20220326;08:35:00;08:40:00;103;19.50;199
E4S 56,780;20220326;08:40:00;08:45:00;104;19.72;135
E4S 56,780;20220326;08:45:00;08:50:00;105;19.15;160
E4S 56,780;20220326;08:50:00;08:55:00;106;18.79;178
E4S 56,780;20220326;08:55:00;09:00:00;107;19.01;163
E4S 56,780;20220326;09:00:00;09:05:00;108;19.34;172
E4S 56,780;20220326;09:05:00;09:10:00;109;18.93;193
E4S 56,780;20220326;09:10:00;09:15:00;110;18.56;220
E4S 56,780;20220326;09:15:00;09:20:00;111;18.65;184
E4S 56,780;20220326;09:20:00;09:25:00;112;18.38;169
E4S 56,780;20220326;09:25:00;09:30:00;113;18.01;165
E4S 56,780;20220326;09:30:00;09:35:00;114;18.32;215
E4S 56,780;20220326;09:35:00;09:40:00;115;17.60;261
E4S 56,780;20220326;09:40:00;09:45:00;116;18.79;231
E4S 56,780;20220326;09:45:00;09:50:00;117;17.62;217
E4S 56,780;20220326;09:50:00;09:55:00;118;17.84;181
E4S 56,780;20220326;09:55:00;10:00:00;119;17.91;157
E4S 56,780;20220326;10:00:00;10:05:00;120;18.10;163
E4S 56,780;20220326;10:05:00;10:10:00;121;18.38;211
E4S 56,780;20220326;10:10:00;10:15:00;122;17.62;204
E4S 56,780;20220326;10:15:00;10:20:00;123;18.34;182
E4S 56,780;20220326;10:20:00;10:25:00;124;18.06;215
E4S 56,780;20220326;10:25:00;10:30:00;125;17.98;221
E4S 56,780;20220326;10:30:00;10:35:00;126;17.72;225
E4S 56,780;20220326;10:35:00;10:40:00;127;17.52;266
E4S 56,780;20220326;10:40:00;10:45:00;128;18.11;170
E4S 56,780;20220326;10:45:00;10:50:00;129;17.87;236
E4S 56,780;20220326;10:50:00;10:55:00;130;18.61;207
E4S 56,780;20220326;10:55:00;11:00:00;131;18.46;236
E4S 56,780;20220326;11:00:00;11:05:00;132;18.68;251
E4S 56,780;20220326;11:05:00;11:10:00;133;18.11;252
E4S 56,780;20220326;11:10:00;11:15:00;134;18.22;233
E4S 56,780;20220326;11:15:00;11:20:00;135;18.59;244
E4S 56,780;20220326;11:20:00;11:25:00;136;18.42;271
E4S 56,780;20220326;11:25:00;11:30:00;137;17.20;266
E4S 56,780;20220326;11:30:00;11:35:00;138;18.16;289
E4S 56,780;20220326;11:35:00;11:40:00;139;17.51;330
E4S 56,780;20220326;11:40:00;11:45:00;140;17.58;338
E4S 56,780;20220326;11:45:00;11:50:00;141;17.02;342
E4S 56,780;20220326;11:50:00;11:55:00;142;17.66;341
E4S 56,780;20220326;11:55:00;12:00:00;143;18.15;311
E4S 56,780;20220326;12:00:00;12:05:00;144;18.17;326
E4S 56,780;20220326;12:05:00;12:10:00;145;17.43;330
E4S 56,780;20220326;12:10:00;12:15:00;146;18.34;333
E4S 56,780;20220326;12:15:00;12:20:00;147;17.65;317
E4S 56,780;20220326;12:20:00;12:25:00;148;17.82;366
E4S 56,780;20220326;12:25:00;12:30:00;149;17.45;362
E4S 56,780;20220326;12:30:00;12:35:00;150;17.64;344
E4S 56,780;20220326;12:35:00;12:40:00;151;17.52;396
E4S 56,780;20220326;12:40:00;12:45:00;152;17.10;363
E4S 56,780;20220326;12:45:00;12:50:00;153;17.30;380
E4S 56,780;20220326;12:50:00;12:55:00;154;17.58;360
E4S 56,780;20220326;12:55:00;13:00:00;155;18.46;264
E4S 56,780;20220326;13:00:00;13:05:00;156;17.62;373
E4S 56,780;20220326;13:05:00;13:10:00;157;16.94;351
E4S 56,780;20220326;13:10:00;13:15:00;158;17.85;305
E4S 56,780;20220326;13:15:00;13:20:00;159;17.05;349
E4S 56,780;20220326;13:20:00;13:25:00;160;17.39;323
E4S 56,780;20220326;13:25:00;13:30:00;161;17.51;310
E4S 56,780;20220326;13:30:00;13:35:00;162;17.92;290
E4S 56,780;20220326;13:35:00;13:40:00;163;17.49;271
E4S 56,780;20220326;13:40:00;13:45:00;164;18.05;290
E4S 56,780;20220326;13:45:00;13:50:00;165;18.06;304
E4S 56,780;20220326;13:50:00;13:55:00;166;17.69;275
E4S 56,780;20220326;13:55:00;14:00:00;167;17.60;312
E4S 56,780;20220326;14:00:00;14:05:00;168;17.81;322
E4S 56,780;20220326;14:05:00;14:10:00;169;17.62;348
E4S 56,780;20220326;14:10:00;14:15:00;170;18.23;286
E4S 56,780;20220326;14:15:00;14:20:00;171;17.88;339
E4S 56,780;20220326;14:20:00;14:25:00;172;17.23;363
E4S 56,780;20220326;14:25:00;14:30:00;173;17.80;342
E4S 56,780;20220326;14:30:00;14:35:00;174;17.35;379
E4S 56,780;20220326;14:35:00;14:40:00;175;17.59;376
E4S 56,780;20220326;14:40:00;14:45:00;176;17.88;314
E4S 56,780;20220326;14:45:00;14:50:00;177;17.58;345
E4S 56,780;20220326;14:50:00;14:55:00;178;16.85;352
E4S 56,780;20220326;14:55:00;15:00:00;179;17.69;305
E4S 56,780;20220326;15:00:00;15:05:00;180;17.38;361
E4S 56,780;20220326;15:05:00;15:10:00;181;18.12;322
E4S 56,780;20220326;15:10:00;15:15:00;182;17.18;295
E4S 56,780;20220326;15:15:00;15:20:00;183;15.82;388
E4S 56,780;20220326;15:20:00;15:25:00;184;16.33;386
E4S 56,780;20220326;15:25:00;15:30:00;185;17.26;376
E4S 56,780;20220326;15:30:00;15:35:00;186;13.38;346
E4S 56,780;20220326;15:35:00;15:40:00;187;10.59;306
E4S 56,780;20220326;15:40:00;15:45:00;188;17.58;341
E4S 56,780;20220326;15:45:00;15:50:00;189;18.21;319
E4S 56,780;20220326;15:50:00;15:55:00;190;17.43;353
E4S 56,780;20220326;15:55:00;16:00:00;191;17.69;337
E4S 56,780;20220326;16:00:00;16:05:00;192;17.97;331
E4S 56,780;20220326;16:05:00;16:10:00;193;18.14;297
E4S 56,780;20220326;16:10:00;16:15:00;194;18.00;311
E4S 56,780;20220326;16:15:00;16:20:00;195;17.62;318
E4S 56,780;20220326;16:20:00;16:25:00;196;17.21;339
E4S 56,780;20220326;16:25:00;16:30:00;197;17.64;308
E4S 56,780;20220326;16:30:00;16:35:00;198;16.38;355
E4S 56,780;20220326;16:35:00;16:40:00;199;17.12;359
E4S 56,780;20220326;16:40:00;16:45:00;200;17.49;338
E4S 56,780;20220326;16:45:00;16:50:00;201;18.15;286
E4S 56,780;20220326;16:50:00;16:55:00;202;18.00;320
E4S 56,780;20220326;16:55:00;17:00:00;203;17.83;311
E4S 56,780;20220326;17:00:00;17:05:00;204;18.26;270
E4S 56,780;20220326;17:05:00;17:10:00;205;18.47;250
E4S 56,780;20220326;17:10:00;17:15:00;206;17.98;304
E4S 56,780;20220326;17:15:00;17:20:00;207;18.29;313
E4S 56,780;20220326;17:20:00;17:25:00;208;17.50;336
E4S 56,780;20220326;17:25:00;17:30:00;209;18.19;287
E4S 56,780;20220326;17:30:00;17:35:00;210;17.54;301
E4S 56,780;20220326;17:35:00;17:40:00;211;17.89;255
E4S 56,780;20220326;17:40:00;17:45:00;212;17.48;255
E4S 56,780;20220326;17:45:00;17:50:00;213;18.43;258
E4S 56,780;20220326;17:50:00;17:55:00;214;17.80;239
E4S 56,780;20220326;17:55:00;18:00:00;215;18.64;213
E4S 56,780;20220326;18:00:00;18:05:00;216;18.16;217
E4S 56,780;20220326;18:05:00;18:10:00;217;17.98;239
E4S 56,780;20220326;18:10:00;18:15:00;218;17.99;261
E4S 56,780;20220326;18:15:00;18:20:00;219;17.43;241
E4S 56,780;20220326;18:20:00;18:25:00;220;18.30;219
E4S 56,780;20220326;18:25:00;18:30:00;221;18.70;208
E4S 56,780;20220326;18:30:00;18:35:00;222;18.77;213
E4S 56,780;20220326;18:35:00;18:40:00;223;18.19;190
E4S 56,780;20220326;18:40:00;18:45:00;224;18.56;185
E4S 56,780;20220326;18:45:00;18:50:00;225;18.38;213
E4S 56,780;20220326;18:50:00;18:55:00;226;18.04;166
E4S 56,780;20220326;18:55:00;19:00:00;227;18.47;205
E4S 56,780;20220326;19:00:00;19:05:00;228;18.73;187
E4S 56,780;20220326;19:05:00;19:10:00;229;18.76;169
E4S 56,780;20220326;19:10:00;19:15:00;230;18.83;169
E4S 56,780;20220326;19:15:00;19:20:00;231;18.56;165
E4S 56,780;20220326;19:20:00;19:25:00;232;18.40;162
E4S 56,780;20220326;19:25:00;19:30:00;233;19.02;147
E4S 56,780;20220326;19:30:00;19:35:00;234;18.88;163
E4S 56,780;20220326;19:35:00;19:40:00;235;18.66;165
E4S 56,780;20220326;19:40:00;19:45:00;236;18.55;167
E4S 56,780;20220326;19:45:00;19:50:00;237;18.25;169
E4S 56,780;20220326;19:50:00;19:55:00;238;18.88;148
E4S 56,780;20220326;19:55:00;20:00:00;239;19.38;130
E4S 56,780;20220326;20:00:00;20:05:00;240;19.23;146
E4S 56,780;20220326;20:05:00;20:10:00;241;19.02;131
E4S 56,780;20220326;20:10:00;20:15:00;242;18.81;172
E4S 56,780;20220326;20:15:00;20:20:00;243;19.44;153
E4S 56,780;20220326;20:20:00;20:25:00;244;18.83;157
E4S 56,780;20220326;20:25:00;20:30:00;245;19.04;145
E4S 56,780;20220326;20:30:00;20:35:00;246;18.34;144
E4S 56,780;20220326;20:35:00;20:40:00;247;19.50;138
E4S 56,780;20220326;20:40:00;20:45:00;248;18.52;139
E4S 56,780;20220326;20:45:00;20:50:00;249;18.93;158
E4S 56,780;20220326;20:50:00;20:55:00;250;19.71;144
E4S 56,780;20220326;20:55:00;21:00:00;251;18.75;134
E4S 56,780;20220326;21:00:00;21:05:00;252;19.39;120
E4S 56,780;20220326;21:05:00;21:10:00;253;18.90;114
E4S 56,780;20220326;21:10:00;21:15:00;254;19.23;121
E4S 56,780;20220326;21:15:00;21:20:00;255;18.92;133
E4S 56,780;20220326;21:20:00;21:25:00;256;18.99;109
E4S 56,780;20220326;21:25:00;21:30:00;257;19.20;114
E4S 56,780;20220326;21:30:00;21:35:00;258;19.58;104
E4S 56,780;20220326;21:35:00;21:40:00;259;19.62;107
E4S 56,780;20220326;21:40:00;21:45:00;260;19.44;98
E4S 56,780;20220326;21:45:00;21:50:00;261;18.81;105
E4S 56,780;20220326;21:50:00;21:55:00;262;19.93;81
E4S 56,780;20220326;21:55:00;22:00:00;263;19.69;103
E4S 56,780;20220326;22:00:00;22:05:00;264;19.17;93
E4S 56,780;20220326;22:05:00;22:10:00;265;19.46;108
E4S 56,780;20220326;22:10:00;22:15:00;266;19.68;85
E4S 56,780;20220326;22:15:00;22:20:00;267;18.95;75
E4S 56,780;20220326;22:20:00;22:25:00;268;19.11;113
E4S 56,780;20220326;22:25:00;22:30:00;269;19.30;75
E4S 56,780;20220326;22:30:00;22:35:00;270;20.03;84
E4S 56,780;20220326;22:35:00;22:40:00;271;19.74;85
E4S 56,780;20220326;22:40:00;22:45:00;272;20.08;79
E4S 56,780;20220326;22:45:00;22:50:00;273;19.17;87
E4S 56,780;20220326;22:50:00;22:55:00;274;19.32;79
E4S 56,780;20220326;22:55:00;23:00:00;275;19.79;87
E4S 56,780;20220326;23:00:00;23:05:00;276;19.15;80
E4S 56,780;20220326;23:05:00;23:10:00;277;20.04;58
E4S 56,780;20220326;23:10:00;23:15:00;278;19.29;83
E4S 56,780;20220326;23:15:00;23:20:00;279;19.59;55
E4S 56,780;20220326;23:20:00;23:25:00;280;20.10;72
E4S 56,780;20220326;23:25:00;23:30:00;281;18.46;61
E4S 56,780;20220326;23:30:00;23:35:00;282;20.12;64
E4S 56,780;20220326;23:35:00;23:40:00;283;20.26;58
E4S 56,780;20220326;23:40:00;23:45:00;284;20.12;62
E4S 56,780;20220326;23:45:00;23:50:00;285;19.43;57
E4S 56,780;20220326;23:50:00;23:55:00;286;19.56;55
E4S 56,780;20220326;23:55:00;24:00:00;287;20.64;50
E4S 56,780;20220329;00:00:00;00:05:00;0;9.90;7
E4S 56,780;20220329;00:05:00;00:10:00;1;5.80;2
E4S 56,780;20220329;00:15:00;00:20:00;3;6.49;8
E4S 56,780;20220329;00:20:00;00:25:00;4;8.87;3
E4S 56,780;20220329;00:30:00;00:35:00;6;5.64;12
E4S 56,780;20220329;00:35:00;00:40:00;7;6.21;5
E4S 56,780;20220329;00:40:00;00:45:00;8;7.05;12
E4S 56,780;20220329;00:50:00;00:55:00;10;7.50;1
E4S 56,780;20220329;00:55:00;01:00:00;11;7.51;12
E4S 56,780;20220329;01:00:00;01:05:00;12;10.80;1
E4S 56,780;20220329;01:05:00;01:10:00;13;7.20;1
E4S 56,780;20220329;01:10:00;01:15:00;14;8.50;4
E4S 56,780;20220329;01:20:00;01:25:00;16;8.74;5
E4S 56,780;20220329;01:30:00;01:35:00;18;9.70;1
E4S 56,780;20220329;01:35:00;01:40:00;19;7.12;7
E4S 56,780;20220329;01:40:00;01:45:00;20;7.86;6
E4S 56,780;20220329;01:45:00;01:50:00;21;6.88;4
E4S 56,780;20220329;01:50:00;01:55:00;22;9.78;17
E4S 56,780;20220329;01:55:00;02:00:00;23;6.10;2
E4S 56,780;20220329;02:00:00;02:05:00;24;7.16;10
E4S 56,780;20220329;02:05:00;02:10:00;25;9.20;1
E4S 56,780;20220329;02:10:00;02:15:00;26;9.04;8
E4S 56,780;20220329;02:15:00;02:20:00;27;11.10;1
E4S 56,780;20220329;02:20:00;02:25:00;28;19.30;2
E4S 56,780;20220329;02:25:00;02:30:00;29;5.28;2
E4S 56,780;20220329;02:40:00;02:45:00;32;7.90;23
E4S 56,780;20220329;03:00:00;03:05:00;36;19.05;30
E4S 56,780;20220329;03:05:00;03:10:00;37;19.69;87
E4S 56,780;20220329;03:10:00;03:15:00;38;19.87;42
E4S 56,780;20220329;03:15:00;03:20:00;39;20.07;59
E4S 56,780;20220329;03:20:00;03:25:00;40;19.76;61
E4S 56,780;20220329;03:25:00;03:30:00;41;20.54;80
E4S 56,780;20220329;03:30:00;03:35:00;42;20.09;85
E4S 56,780;20220329;03:35:00;03:40:00;43;20.36;96
E4S 56,780;20220329;03:40:00;03:45:00;44;20.32;82
E4S 56,780;20220329;03:45:00;03:50:00;45;19.62;159
E4S 56,780;20220329;03:50:00;03:55:00;46;19.01;175
E4S 56,780;20220329;03:55:00;04:00:00;47;19.64;194
E4S 56,780;20220329;04:00:00;04:05:00;48;19.82;162
E4S 56,780;20220329;04:05:00;04:10:00;49;20.33;172
E4S 56,780;20220329;04:10:00;04:15:00;50;19.78;154
E4S 56,780;20220329;04:15:00;04:20:00;51;19.55;210
E4S 56,780;20220329;04:20:00;04:25:00;52;19.29;210
E4S 56,780;20220329;04:25:00;04:30:00;53;19.25;205
E4S 56,780;20220329;04:30:00;04:35:00;54;19.06;233
E4S 56,780;20220329;04:35:00;04:40:00;55;17.89;329
E4S 56,780;20220329;04:40:00;04:45:00;56;19.19;285
E4S 56,780;20220329;04:45:00;04:50:00;57;18.69;286
E4S 56,780;20220329;04:50:00;04:55:00;58;19.27;248
E4S 56,780;20220329;04:55:00;05:00:00;59;19.33;281
E4S 56,780;20220329;05:00:00;05:05:00;60;18.59;283
E4S 56,780;20220329;05:05:00;05:10:00;61;18.26;260
E4S 56,780;20220329;05:10:00;05:15:00;62;18.31;270
E4S 56,780;20220329;05:15:00;05:20:00;63;18.71;290
E4S 56,780;20220329;05:20:00;05:25:00;64;18.42;260
E4S 56,780;20220329;05:25:00;05:30:00;65;17.65;319
E4S 56,780;20220329;05:30:00;05:35:00;66;18.71;280
E4S 56,780;20220329;05:35:00;05:40:00;67;18.95;325
E4S 56,780;20220329;05:40:00;05:45:00;68;18.35;291
E4S 56,780;20220329;05:45:00;05:50:00;69;18.05;305
E4S 56,780;20220329;05:50:00;05:55:00;70;18.74;308
E4S 56,780;20220329;05:55:00;06:00:00;71;18.71;271
E4S 56,780;20220329;06:00:00;06:05:00;72;18.95;266
E4S 56,780;20220329;06:05:00;06:10:00;73;17.68;314
E4S 56,780;20220329;06:10:00;06:15:00;74;18.56;309
E4S 56,780;20220329;06:15:00;06:20:00;75;18.32;303
E4S 56,780;20220329;06:20:00;06:25:00;76;17.37;283
E4S 56,780;20220329;06:25:00;06:30:00;77;18.05;314
E4S 56,780;20220329;06:30:00;06:35:00;78;17.81;294
E4S 56,780;20220329;06:35:00;06:40:00;79;17.44;320
E4S 56,780;20220329;06:40:00;06:45:00;80;17.98;329
E4S 56,780;20220329;06:45:00;06:50:00;81;17.65;311
E4S 56,780;20220329;06:50:00;06:55:00;82;18.34;273
E4S 56,780;20220329;06:55:00;07:00:00;83;17.77;353
E4S 56,780;20220329;07:00:00;07:05:00;84;17.78;311
E4S 56,780;20220329;07:05:00;07:10:00;85;16.28;355
E4S 56,780;20220329;07:10:00;07:15:00;86;9.45;212
E4S 56,780;20220329;07:15:00;07:20:00;87;6.62;136
E4S 56,780;20220329;07:20:00;07:25:00;88;12.15;310
E4S 56,780;20220329;07:25:00;07:30:00;89;14.92;367
E4S 56,780;20220329;07:30:00;07:35:00;90;15.52;397
E4S 56,780;20220329;07:35:00;07:40:00;91;15.68;366
E4S 56,780;20220329;07:40:00;07:45:00;92;17.50;290
E4S 56,780;20220329;07:45:00;07:50:00;93;17.31;310
E4S 56,780;20220329;07:50:00;07:55:00;94;18.45;272
E4S 56,780;20220329;07:55:00;08:00:00;95;18.01;303
E4S 56,780;20220329;08:00:00;08:05:00;96;18.64;260
E4S 56,780;20220329;08:05:00;08:10:00;97;18.12;264
E4S 56,780;20220329;08:10:00;08:15:00;98;18.17;264
E4S 56,780;20220329;08:15:00;08:20:00;99;18.14;291
E4S 56,780;20220329;08:20:00;08:25:00;100;18.13;267
E4S 56,780;20220329;08:25:00;08:30:00;101;18.08;260
E4S 56,780;20220329;08:30:00;08:35:00;102;17.85;285
E4S 56,780;20220329;08:35:00;08:40:00;103;17.93;285
E4S 56,780;20220329;08:40:00;08:45:00;104;18.46;275
E4S 56,780;20220329;08:45:00;08:50:00;105;18.14;276
E4S 56,780;20220329;08:50:00;08:55:00;106;17.75;308
E4S 56,780;20220329;08:55:00;09:00:00;107;17.88;278
E4S 56,780;20220329;09:00:00;09:05:00;108;17.20;303
E4S 56,780;20220329;09:05:00;09:10:00;109;17.24;259
E4S 56,780;20220329;09:10:00;09:15:00;110;16.20;273
E4S 56,780;20220329;09:15:00;09:20:00;111;17.33;241
E4S 56,780;20220329;09:20:00;09:25:00;112;17.43;270
E4S 56,780;20220329;09:25:00;09:30:00;113;16.68;324
E4S 56,780;20220329;09:30:00;09:35:00;114;17.55;293
E4S 56,780;20220329;09:35:00;09:40:00;115;17.05;297
E4S 56,780;20220329;09:40:00;09:45:00;116;18.02;278
E4S 56,780;20220329;09:45:00;09:50:00;117;17.82;279
E4S 56,780;20220329;09:50:00;09:55:00;118;18.51;278
E4S 56,780;20220329;09:55:00;10:00:00;119;17.65;287
E4S 56,780;20220329;10:00:00;10:05:00;120;17.35;311
E4S 56,780;20220329;10:05:00;10:10:00;121;17.61;278
E4S 56,780;20220329;10:10:00;10:15:00;122;17.96;313
E4S 56,780;20220329;10:15:00;10:20:00;123;18.26;274
E4S 56,780;20220329;10:20:00;10:25:00;124;18.33;300
E4S 56,780;20220329;10:25:00;10:30:00;125;18.28;291
E4S 56,780;20220329;10:30:00;10:35:00;126;18.00;246
E4S 56,780;20220329;10:35:00;10:40:00;127;17.12;316
E4S 56,780;20220329;10:40:00;10:45:00;128;17.62;305
E4S 56,780;20220329;10:45:00;10:50:00;129;18.02;276
E4S 56,780;20220329;10:50:00;10:55:00;130;17.17;329
E4S 56,780;20220329;10:55:00;11:00:00;131;18.11;244
E4S 56,780;20220329;11:00:00;11:05:00;132;17.57;283
E4S 56,780;20220329;11:05:00;11:10:00;133;18.08;241
E4S 56,780;20220329;11:10:00;11:15:00;134;17.97;272
E4S 56,780;20220329;11:15:00;11:20:00;135;18.10;295
E4S 56,780;20220329;11:20:00;11:25:00;136;17.62;276
E4S 56,780;20220329;11:25:00;11:30:00;137;17.58;313
E4S 56,780;20220329;11:30:00;11:35:00;138;18.34;320
E4S 56,780;20220329;11:35:00;11:40:00;139;17.60;290
E4S 56,780;20220329;11:40:00;11:45:00;140;18.13;283
E4S 56,780;20220329;11:45:00;11:50:00;141;18.05;268
E4S 56,780;20220329;11:50:00;11:55:00;142;17.87;274
E4S 56,780;20220329;11:55:00;12:00:00;143;17.37;267
E4S 56,780;20220329;12:00:00;12:05:00;144;16.57;317
E4S 56,780;20220329;12:05:00;12:10:00;145;17.06;291
E4S 56,780;20220329;12:10:00;12:15:00;146;17.72;297
E4S 56,780;20220329;12:15:00;12:20:00;147;17.64;327
E4S 56,780;20220329;12:20:00;12:25:00;148;16.64;382
E4S 56,780;20220329;12:25:00;12:30:00;149;16.10;393
E4S 56,780;20220329;12:30:00;12:35:00;150;16.08;351
E4S 56,780;20220329;12:35:00;12:40:00;151;15.22;370
E4S 56,780;20220329;12:40:00;12:45:00;152;17.16;357
E4S 56,780;20220329;12:45:00;12:50:00;153;16.85;380
E4S 56,780;20220329;12:50:00;12:55:00;154;15.58;428
E4S 56,780;20220329;12:55:00;13:00:00;155;17.33;343
E4S 56,780;20220329;13:00:00;13:05:00;156;17.73;341
E4S 56,780;20220329;13:05:00;13:10:00;157;17.07;374
E4S 56,780;20220329;13:10:00;13:15:00;158;16.96;413
E4S 56,780;20220329;13:15:00;13:20:00;159;14.35;370
E4S 56,780;20220329;13:20:00;13:25:00;160;10.46;329
E4S 56,780;20220329;13:25:00;13:30:00;161;12.48;352
E4S 56,780;20220329;13:30:00;13:35:00;162;11.49;329
E4S 56,780;20220329;13:35:00;13:40:00;163;8.62;280
E4S 56,780;20220329;13:40:00;13:45:00;164;11.36;337
E4S 56,780;20220329;13:45:00;13:50:00;165;11.79;366
E4S 56,780;20220329;13:50:00;13:55:00;166;8.35;231
E4S 56,780;20220329;13:55:00;14:00:00;167;11.27;342
E4S 56,780;20220329;14:00:00;14:05:00;168;9.38;283
E4S 56,780;20220329;14:05:00;14:10:00;169;10.59;333
E4S 56,780;20220329;14:10:00;14:15:00;170;9.51;319
E4S 56,780;20220329;14:15:00;14:20:00;171;7.36;166
E4S 56,780;20220329;14:20:00;14:25:00;172;8.13;267
E4S 56,780;20220329;14:25:00;14:30:00;173;7.36;227
E4S 56,780;20220329;14:30:00;14:35:00;174;7.73;173
E4S 56,780;20220329;14:35:00;14:40:00;175;8.13;238
E4S 56,780;20220329;14:40:00;14:45:00;176;11.27;386
E4S 56,780;20220329;14:45:00;14:50:00;177;10.44;307
E4S 56,780;20220329;14:50:00;14:55:00;178;9.19;318
E4S 56,780;20220329;14:55:00;15:00:00;179;8.32;218
E4S 56,780;20220329;15:00:00;15:05:00;180;9.83;332
E4S 56,780;20220329;15:05:00;15:10:00;181;10.26;303
E4S 56,780;20220329;15:10:00;15:15:00;182;8.96;352
E4S 56,780;20220329;15:15:00;15:20:00;183;9.65;339
E4S 56,780;20220329;15:20:00;15:25:00;184;8.19;294
E4S 56,780;20220329;15:25:00;15:30:00;185;10.78;324
E4S 56,780;20220329;15:30:00;15:35:00;186;12.59;368
E4S 56,780;20220329;15:35:00;15:40:00;187;7.86;296
E4S 56,780;20220329;15:40:00;15:45:00;188;8.43;279
E4S 56,780;20220329;15:45:00;15:50:00;189;10.19;306
E4S 56,780;20220329;15:50:00;15:55:00;190;8.96;345
E4S 56,780;20220329;15:55:00;16:00:00;191;15.49;256
E4S 56,780;20220329;16:00:00;16:05:00;192;16.26;256
E4S 56,780;20220329;16:05:00;16:10:00;193;17.01;279
E4S 56,780;20220329;16:10:00;16:15:00;194;16.50;256
E4S 56,780;20220329;16:15:00;16:20:00;195;17.21;236
E4S 56,780;20220329;16:20:00;16:25:00;196;15.85;228
E4S 56,780;20220329;16:25:00;16:30:00;197;16.43;193
E4S 56,780;20220329;16:30:00;16:35:00;198;16.37;259
E4S 56,780;20220329;16:35:00;16:40:00;199;17.15;246
E4S 56,780;20220329;16:40:00;16:45:00;200;16.79;244
E4S 56,780;20220329;16:45:00;16:50:00;201;17.30;226
E4S 56,780;20220329;16:50:00;16:55:00;202;16.60;233
E4S 56,780;20220329;16:55:00;17:00:00;203;16.35;211
E4S 56,780;20220329;17:00:00;17:05:00;204;17.33;205
E4S 56,780;20220329;17:05:00;17:10:00;205;17.52;207
E4S 56,780;20220329;17:10:00;17:15:00;206;16.95;170
E4S 56,780;20220329;17:15:00;17:20:00;207;17.08;213
E4S 56,780;20220329;17:20:00;17:25:00;208;17.25;215
E4S 56,780;20220329;17:25:00;17:30:00;209;16.90;176
E4S 56,780;20220329;17:30:00;17:35:00;210;17.44;209
E4S 56,780;20220329;17:35:00;17:40:00;211;17.83;152
E4S 56,780;20220329;17:40:00;17:45:00;212;17.82;147
E4S 56,780;20220329;17:45:00;17:50:00;213;17.64;148
E4S 56,780;20220329;17:50:00;17:55:00;214;18.23;154
E4S 56,780;20220329;17:55:00;18:00:00;215;18.42;145
E4S 56,780;20220329;18:00:00;18:05:00;216;18.76;184
E4S 56,780;20220329;18:05:00;18:10:00;217;18.88;164
E4S 56,780;20220329;18:10:00;18:15:00;218;18.38;163
E4S 56,780;20220329;18:15:00;18:20:00;219;18.84;182
E4S 56,780;20220329;18:20:00;18:25:00;220;17.66;208
E4S 56,780;20220329;18:25:00;18:30:00;221;18.89;141
E4S 56,780;20220329;18:30:00;18:35:00;222;19.07;148
E4S 56,780;20220329;18:35:00;18:40:00;223;18.68;198
E4S 56,780;20220329;18:40:00;18:45:00;224;18.68;141
E4S 56,780;20220329;18:45:00;18:50:00;225;18.65;181
E4S 56,780;20220329;18:50:00;18:55:00;226;19.41;159
E4S 56,780;20220329;18:55:00;19:00:00;227;18.78;154
E4S 56,780;20220329;19:00:00;19:05:00;228;19.34;137
E4S 56,780;20220329;19:05:00;19:10:00;229;18.67;136
E4S 56,780;20220329;19:10:00;19:15:00;230;19.04;148
E4S 56,780;20220329;19:15:00;19:20:00;231;19.32;158
E4S 56,780;20220329;19:20:00;19:25:00;232;19.08;127
E4S 56,780;20220329;19:25:00;19:30:00;233;19.19;125
E4S 56,780;20220329;19:30:00;19:35:00;234;19.70;120
E4S 56,780;20220329;19:35:00;19:40:00;235;19.42;112
E4S 56,780;20220329;19:40:00;19:45:00;236;19.47;126
E4S 56,780;20220329;19:45:00;19:50:00;237;19.46;110
E4S 56,780;20220329;19:50:00;19:55:00;238;19.58;113
E4S 56,780;20220329;19:55:00;20:00:00;239;19.32;91
E4S 56,780;20220329;20:00:00;20:05:00;240;19.80;93
E4S 56,780;20220329;20:05:00;20:10:00;241;19.19;82
E4S 56,780;20220329;20:10:00;20:15:00;242;19.67;86
E4S 56,780;20220329;20:15:00;20:20:00;243;19.47;92
E4S 56,780;20220329;20:20:00;20:25:00;244;19.09;87
E4S 56,780;20220329;20:25:00;20:30:00;245;19.37;99
E4S 56,780;20220329;20:30:00;20:35:00;246;19.23;62
E4S 56,780;20220329;20:35:00;20:40:00;247;18.51;61
E4S 56,780;20220329;20:40:00;20:45:00;248;18.14;70
E4S 56,780;20220329;20:45:00;20:50:00;249;18.15;74
E4S 56,780;20220329;20:50:00;20:55:00;250;18.26;69
E4S 56,780;20220329;20:55:00;21:00:00;251;18.34;109
E4S 56,780;20220329;21:00:00;21:05:00;252;18.46;85
E4S 56,780;20220329;21:05:00;21:10:00;253;18.70;90
E4S 56,780;20220329;21:10:00;21:15:00;254;18.57;84
E4S 56,780;20220329;21:15:00;21:20:00;255;19.08;64
E4S 56,780;20220329;21:20:00;21:25:00;256;18.84;54
E4S 56,780;20220329;21:25:00;21:30:00;257;19.22;64
E4S 56,780;20220329;21:30:00;21:35:00;258;19.02;61
E4S 56,780;20220329;21:35:00;21:40:00;259;19.03;70
E4S 56,780;20220329;21:40:00;21:45:00;260;20.24;51
E4S 56,780;20220329;21:45:00;21:50:00;261;19.52;48
E4S 56,780;20220329;21:50:00;21:55:00;262;19.93;49
E4S 56,780;20220329;21:55:00;22:00:00;263;19.30;39
E4S 56,780;20220329;22:00:00;22:05:00;264;19.67;40
E4S 56,780;20220329;22:05:00;22:10:00;265;19.85;33
E4S 56,780;20220329;22:10:00;22:15:00;266;20.12;50
E4S 56,780;20220329;22:15:00;22:20:00;267;18.71;39
E4S 56,780;20220329;22:20:00;22:25:00;268;20.35;45
E4S 56,780;20220329;22:25:00;22:30:00;269;20.13;54
E4S 56,780;20220329;22:30:00;22:35:00;270;18.29;30
E4S 56,780;20220329;22:35:00;22:40:00;271;20.55;32
E4S 56,780;20220329;22:40:00;22:45:00;272;20.07;21
E4S 56,780;20220329;22:45:00;22:50:00;273;19.99;36
E4S 56,780;20220329;22:50:00;22:55:00;274;19.26;29
E4S 56,780;20220329;22:55:00;23:00:00;275;19.87;28
E4S 56,780;20220329;23:00:00;23:05:00;276;19.74;30
E4S 56,780;20220329;23:05:00;23:10:00;277;19.19;22
E4S 56,780;20220329;23:10:00;23:15:00;278;19.18;21
E4S 56,780;20220329;23:15:00;23:20:00;279;19.14;21
E4S 56,780;20220329;23:20:00;23:25:00;280;19.52;20
E4S 56,780;20220329;23:25:00;23:30:00;281;19.12;15
E4S 56,780;20220329;23:30:00;23:35:00;282;17.88;22
E4S 56,780;20220329;23:35:00;23:40:00;283;18.91;17
E4S 56,780;20220329;23:40:00;23:45:00;284;20.69;23
E4S 56,780;20220329;23:45:00;23:50:00;285;19.30;15
E4S 56,780;20220329;23:50:00;23:55:00;286;20.15;18
E4S 56,780;20220329;23:55:00;24:00:00;287;19.54;26
E4S 56,780;20220403;00:00:00;00:05:00;0;20.21;51
E4S 56,780;20220403;00:05:00;00:10:00;1;20.29;29
E4S 56,780;20220403;00:10:00;00:15:00;2;19.71;44
E4S 56,780;20220403;00:15:00;00:20:00;3;20.02;38
E4S 56,780;20220403;00:20:00;00:25:00;4;20.23;35
E4S 56,780;20220403;00:25:00;00:30:00;5;21.15;35
E4S 56,780;20220403;00:30:00;00:35:00;6;20.29;33
E4S 56,780;20220403;00:35:00;00:40:00;7;20.34;39
E4S 56,780;20220403;00:40:00;00:45:00;8;20.30;31
E4S 56,780;20220403;00:45:00;00:50:00;9;20.92;25
E4S 56,780;20220403;00:50:00;00:55:00;10;20.13;27
E4S 56,780;20220403;00:55:00;01:00:00;11;22.07;24
E4S 56,780;20220403;01:00:00;01:05:00;12;20.08;21
E4S 56,780;20220403;01:05:00;01:10:00;13;20.58;27
E4S 56,780;20220403;01:10:00;01:15:00;14;20.21;23
E4S 56,780;20220403;01:15:00;01:20:00;15;20.50;22
E4S 56,780;20220403;01:20:00;01:25:00;16;20.00;38
E4S 56,780;20220403;01:25:00;01:30:00;17;20.50;20
E4S 56,780;20220403;01:30:00;01:35:00;18;20.15;15
E4S 56,780;20220403;01:35:00;01:40:00;19;21.57;13
E4S 56,780;20220403;01:40:00;01:45:00;20;21.46;20
E4S 56,780;20220403;01:45:00;01:50:00;21;20.43;26
E4S 56,780;20220403;01:50:00;01:55:00;22;21.76;12
E4S 56,780;20220403;01:55:00;02:00:00;23;21.40;13
E4S 56,780;20220403;02:00:00;02:05:00;24;19.67;27
E4S 56,780;20220403;02:05:00;02:10:00;25;19.51;15
E4S 56,780;20220403;02:10:00;02:15:00;26;19.69;22
E4S 56,780;20220403;02:15:00;02:20:00;27;19.51;23
E4S 56,780;20220403;02:20:00;02:25:00;28;20.48;18
E4S 56,780;20220403;02:25:00;02:30:00;29;19.53;14
E4S 56,780;20220403;02:30:00;02:35:00;30;19.37;22
E4S 56,780;20220403;02:35:00;02:40:00;31;20.62;18
E4S 56,780;20220403;02:40:00;02:45:00;32;20.71;23
E4S 56,780;20220403;02:45:00;02:50:00;33;20.45;18
E4S 56,780;20220403;02:50:00;02:55:00;34;20.55;16
E4S 56,780;20220403;02:55:00;03:00:00;35;19.93;22
E4S 56,780;20220403;03:00:00;03:05:00;36;19.38;20
E4S 56,780;20220403;03:05:00;03:10:00;37;19.52;17
E4S 56,780;20220403;03:10:00;03:15:00;38;20.64;16
E4S 56,780;20220403;03:15:00;03:20:00;39;19.66;23
E4S 56,780;20220403;03:20:00;03:25:00;40;20.26;18
E4S 56,780;20220403;03:25:00;03:30:00;41;20.37;24
E4S 56,780;20220403;03:30:00;03:35:00;42;21.26;22
E4S 56,780;20220403;03:35:00;03:40:00;43;20.95;28
E4S 56,780;20220403;03:40:00;03:45:00;44;19.68;33
E4S 56,780;20220403;03:45:00;03:50:00;45;19.88;21
E4S 56,780;20220403;03:50:00;03:55:00;46;21.33;31
E4S 56,780;20220403;03:55:00;04:00:00;47;20.32;27
E4S 56,780;20220403;04:00:00;04:05:00;48;21.61;19
E4S 56,780;20220403;04:05:00;04:10:00;49;19.68;18
E4S 56,780;20220403;04:10:00;04:15:00;50;20.70;40
E4S 56,780;20220403;04:15:00;04:20:00;51;20.34;46
E4S 56,780;20220403;04:20:00;04:25:00;52;19.07;42
E4S 56,780;20220403;04:25:00;04:30:00;53;20.62;46
E4S 56,780;20220403;04:30:00;04:35:00;54;20.78;41
E4S 56,780;20220403;04:35:00;04:40:00;55;21.41;41
E4S 56,780;20220403;04:40:00;04:45:00;56;19.97;48
E4S 56,780;20220403;04:45:00;04:50:00;57;21.25;38
E4S 56,780;20220403;04:50:00;04:55:00;58;20.00;39
E4S 56,780;20220403;04:55:00;05:00:00;59;20.90;40
E4S 56,780;20220403;05:00:00;05:05:00;60;21.33;45
E4S 56,780;20220403;05:05:00;05:10:00;61;21.45;36
E4S 56,780;20220403;05:10:00;05:15:00;62;21.56;39
E4S 56,780;20220403;05:15:00;05:20:00;63;21.92;51
E4S 56,780;20220403;05:20:00;05:25:00;64;20.72;68
E4S 56,780;20220403;05:25:00;05:30:00;65;20.61;75
E4S 56,780;20220403;05:30:00;05:35:00;66;19.82;63
E4S 56,780;20220403;05:35:00;05:40:00;67;20.93;60
E4S 56,780;20220403;05:40:00;05:45:00;68;20.59;53
E4S 56,780;20220403;05:45:00;05:50:00;69;21.13;61
E4S 56,780;20220403;05:50:00;05:55:00;70;20.74;75
E4S 56,780;20220403;05:55:00;06:00:00;71;20.16;69
E4S 56,780;20220403;06:00:00;06:05:00;72;20.69;67
E4S 56,780;20220403;06:05:00;06:10:00;73;21.60;77
E4S 56,780;20220403;06:10:00;06:15:00;74;20.73;81
E4S 56,780;20220403;06:15:00;06:20:00;75;19.45;104
E4S 56,780;20220403;06:20:00;06:25:00;76;20.17;117
E4S 56,780;20220403;06:25:00;06:30:00;77;20.16;76
E4S 56,780;20220403;06:30:00;06:35:00;78;19.44;102
E4S 56,780;20220403;06:35:00;06:40:00;79;20.32;141
E4S 56,780;20220403;06:40:00;06:45:00;80;20.03;110
E4S 56,780;20220403;06:45:00;06:50:00;81;20.08;119
E4S 56,780;20220403;06:50:00;06:55:00;82;20.34;113
E4S 56,780;20220403;06:55:00;07:00:00;83;19.63;120
E4S 56,780;20220403;07:00:00;07:05:00;84;19.73;117
E4S 56,780;20220403;07:05:00;07:10:00;85;20.23;144
E4S 56,780;20220403;07:10:00;07:15:00;86;20.39;131
E4S 56,780;20220403;07:15:00;07:20:00;87;19.68;173
E4S 56,780;20220403;07:20:00;07:25:00;88;18.85;201
E4S 56,780;20220403;07:25:00;07:30:00;89;19.27;185
E4S 56,780;20220403;07:30:00;07:35:00;90;20.08;144
E4S 56,780;20220403;07:35:00;07:40:00;91;19.60;176
E4S 56,780;20220403;07:40:00;07:45:00;92;19.57;181
E4S 56,780;20220403;07:45:00;07:50:00;93;19.52;175
E4S 56,780;20220403;07:50:00;07:55:00;94;19.50;218
E4S 56,780;20220403;07:55:00;08:00:00;95;19.62;165
E4S 56,780;20220403;08:00:00;08:05:00;96;19.04;191
E4S 56,780;20220403;08:05:00;08:10:00;97;19.55;192
E4S 56,780;20220403;08:10:00;08:15:00;98;19.09;206
E4S 56,780;20220403;08:15:00;08:20:00;99;18.98;206
E4S 56,780;20220403;08:20:00;08:25:00;100;19.14;213
E4S 56,780;20220403;08:25:00;08:30:00;101;19.08;247
E4S 56,780;20220403;08:30:00;08:35:00;102;18.38;248
E4S 56,780;20220403;08:35:00;08:40:00;103;18.81;254
E4S 56,780;20220403;08:40:00;08:45:00;104;18.38;252
E4S 56,780;20220403;08:45:00;08:50:00;105;18.72;241
E4S 56,780;20220403;08:50:00;08:55:00;106;18.15;290
E4S 56,780;20220403;08:55:00;09:00:00;107;19.38;201
E4S 56,780;20220403;09:00:00;09:05:00;108;18.48;264
E4S 56,780;20220403;09:05:00;09:10:00;109;18.71;251
E4S 56,780;20220403;09:10:00;09:15:00;110;18.18;236
E4S 56,780;20220403;09:15:00;09:20:00;111;17.68;238
E4S 56,780;20220403;09:20:00;09:25:00;112;17.98;259
E4S 56,780;20220403;09:25:00;09:30:00;113;18.15;241
E4S 56,780;20220403;09:30:00;09:35:00;114;18.16;268
E4S 56,780;20220403;09:35:00;09:40:00;115;18.02;275
E4S 56,780;20220403;09:40:00;09:45:00;116;17.69;293
E4S 56,780;20220403;09:45:00;09:50:00;117;17.19;276
E4S 56,780;20220403;09:50:00;09:55:00;118;18.25;269
E4S 56,780;20220403;09:55:00;10:00:00;119;18.25;291
E4S 56,780;20220403;10:00:00;10:05:00;120;17.33;260
E4S 56,780;20220403;10:05:00;10:10:00;121;18.08;292
E4S 56,780;20220403;10:10:00;10:15:00;122;17.96;270
E4S 56,780;20220403;10:15:00;10:20:00;123;17.85;269
E4S 56,780;20220403;10:20:00;10:25:00;124;17.09;330
E4S 56,780;20220403;10:25:00;10:30:00;125;17.61;293
E4S 56,780;20220403;10:30:00;10:35:00;126;17.28;299
E4S 56,780;20220403;10:35:00;10:40:00;127;18.32;252
E4S 56,780;20220403;10:40:00;10:45:00;128;17.84;269
E4S 56,780;20220403;10:45:00;10:50:00;129;17.22;279
E4S 56,780;20220403;10:50:00;10:55:00;130;17.67;296
E4S 56,780;20220403;10:55:00;11:00:00;131;18.10;261
E4S 56,780;20220403;11:00:00;11:05:00;132;18.17;267
E4S 56,780;20220403;11:05:00;11:10:00;133;17.34;271
E4S 56,780;20220403;11:10:00;11:15:00;134;17.71;272
E4S 56,780;20220403;11:15:00;11:20:00;135;17.75;292
E4S 56,780;20220403;11:20:00;11:25:00;136;17.20;334
E4S 56,780;20220403;11:25:00;11:30:00;137;17.86;263
E4S 56,780;20220403;11:30:00;11:35:00;138;17.96;285
E4S 56,780;20220403;11:35:00;11:40:00;139;17.34;279
E4S 56,780;20220403;11:40:00;11:45:00;140;17.59;286
E4S 56,780;20220403;11:45:00;11:50:00;141;17.23;328
E4S 56,780;20220403;11:50:00;11:55:00;142;17.33;320
E4S 56,780;20220403;11:55:00;12:00:00;143;17.40;296
E4S 56,780;20220403;12:00:00;12:05:00;144;16.81;313
E4S 56,780;20220403;12:05:00;12:10:00;145;15.23;352
E4S 56,780;20220403;12:10:00;12:15:00;146;17.32;280
E4S 56,780;20220403;12:15:00;12:20:00;147;17.38;347
E4S 56,780;20220403;12:20:00;12:25:00;148;17.10;301
E4S 56,780;20220403;12:25:00;12:30:00;149;17.41;309
E4S 56,780;20220403;12:30:00;12:35:00;150;17.41;351
E4S 56,780;20220403;12:35:00;12:40:00;151;17.71;343
E4S 56,780;20220403;12:40:00;12:45:00;152;17.00;348
E4S 56,780;20220403;12:45:00;12:50:00;153;17.33;381
E4S 56,780;20220403;12:50:00;12:55:00;154;17.85;360
E4S 56,780;20220403;12:55:00;13:00:00;155;17.58;326
E4S 56,780;20220403;13:00:00;13:05:00;156;18.05;316
E4S 56,780;20220403;13:05:00;13:10:00;157;17.93;325
E4S 56,780;20220403;13:10:00;13:15:00;158;17.03;366
E4S 56,780;20220403;13:15:00;13:20:00;159;17.87;326
E4S 56,780;20220403;13:20:00;13:25:00;160;17.39;356
E4S 56,780;20220403;13:25:00;13:30:00;161;17.15;385
E4S 56,780;20220403;13:30:00;13:35:00;162;17.55;374
E4S 56,780;20220403;13:35:00;13:40:00;163;17.61;339
E4S 56,780;20220403;13:40:00;13:45:00;164;17.46;320
E4S 56,780;20220403;13:45:00;13:50:00;165;15.53;380
E4S 56,780;20220403;13:50:00;13:55:00;166;17.15;360
E4S 56,780;20220403;13:55:00;14:00:00;167;18.00;317
E4S 56,780;20220403;14:00:00;14:05:00;168;18.18;314
E4S 56,780;20220403;14:05:00;14:10:00;169;16.83;370
E4S 56,780;20220403;14:10:00;14:15:00;170;17.17;324
E4S 56,780;20220403;14:15:00;14:20:00;171;16.81;359
E4S 56,780;20220403;14:20:00;14:25:00;172;17.11;368
E4S 56,780;20220403;14:25:00;14:30:00;173;16.96;336
E4S 56,780;20220403;14:30:00;14:35:00;174;17.38;339
E4S 56,780;20220403;14:35:00;14:40:00;175;17.64;306
E4S 56,780;20220403;14:40:00;14:45:00;176;17.10;331
E4S 56,780;20220403;14:45:00;14:50:00;177;17.16;359
E4S 56,780;20220403;14:50:00;14:55:00;178;17.84;325
E4S 56,780;20220403;14:55:00;15:00:00;179;17.74;357
E4S 56,780;20220403;15:00:00;15:05:00;180;17.40;325
E4S 56,780;20220403;15:05:00;15:10:00;181;17.27;355
E4S 56,780;20220403;15:10:00;15:15:00;182;17.48;342
E4S 56,780;20220403;15:15:00;15:20:00;183;17.69;320
E4S 56,780;20220403;15:20:00;15:25:00;184;17.97;331
E4S 56,780;20220403;15:25:00;15:30:00;185;17.59;353
E4S 56,780;20220403;15:30:00;15:35:00;186;17.79;320
E4S 56,780;20220403;15:35:00;15:40:00;187;17.81;334
E4S 56,780;20220403;15:40:00;15:45:00;188;18.71;239
E4S 56,780;20220403;15:45:00;15:50:00;189;17.78;280
E4S 56,780;20220403;15:50:00;15:55:00;190;17.93;307
E4S 56,780;20220403;15:55:00;16:00:00;191;18.03;249
E4S 56,780;20220403;16:00:00;16:05:00;192;17.68;302
E4S 56,780;20220403;16:05:00;16:10:00;193;18.39;280
E4S 56,780;20220403;16:10:00;16:15:00;194;18.15;256
E4S 56,780;20220403;16:15:00;16:20:00;195;18.07;269
E4S 56,780;20220403;16:20:00;16:25:00;196;18.03;217
E4S 56,780;20220403;16:25:00;16:30:00;197;18.26;272
E4S 56,780;20220403;16:30:00;16:35:00;198;17.87;288
E4S 56,780;20220403;16:35:00;16:40:00;199;18.62;230
E4S 56,780;20220403;16:40:00;16:45:00;200;18.24;255
E4S 56,780;20220403;16:45:00;16:50:00;201;18.50;260
E4S 56,780;20220403;16:50:00;16:55:00;202;17.95;283
E4S 56,780;20220403;16:55:00;17:00:00;203;18.46;293
E4S 56,780;20220403;17:00:00;17:05:00;204;19.07;245
E4S 56,780;20220403;17:05:00;17:10:00;205;19.02;244
E4S 56,780;20220403;17:10:00;17:15:00;206;18.67;242
E4S 56,780;20220403;17:15:00;17:20:00;207;19.11;236
E4S 56,780;20220403;17:20:00;17:25:00;208;18.93;190
E4S 56,780;20220403;17:25:00;17:30:00;209;19.05;231
E4S 56,780;20220403;17:30:00;17:35:00;210;18.55;231
E4S 56,780;20220403;17:35:00;17:40:00;211;18.40;230
E4S 56,780;20220403;17:40:00;17:45:00;212;18.89;204
E4S 56,780;20220403;17:45:00;17:50:00;213;18.94;184
E4S 56,780;20220403;17:50:00;17:55:00;214;18.51;234
E4S 56,780;20220403;17:55:00;18:00:00;215;19.02;191
E4S 56,780;20220403;18:00:00;18:05:00;216;18.93;205
E4S 56,780;20220403;18:05:00;18:10:00;217;19.31;158
E4S 56,780;20220403;18:10:00;18:15:00;218;18.98;198
E4S 56,780;20220403;18:15:00;18:20:00;219;18.47;205
E4S 56,780;20220403;18:20:00;18:25:00;220;18.38;206
E4S 56,780;20220403;18:25:00;18:30:00;221;18.39;211
E4S 56,780;20220403;18:30:00;18:35:00;222;19.24;200
E4S 56,780;20220403;18:35:00;18:40:00;223;19.57;158
E4S 56,780;20220403;18:40:00;18:45:00;224;18.93;166
E4S 56,780;20220403;18:45:00;18:50:00;225;19.05;156
E4S 56,780;20220403;18:50:00;18:55:00;226;19.11;162
E4S 56,780;20220403;18:55:00;19:00:00;227;19.12;167
E4S 56,780;20220403;19:00:00;19:05:00;228;19.00;167
E4S 56,780;20220403;19:05:00;19:10:00;229;18.88;167
E4S 56,780;20220403;19:10:00;19:15:00;230;19.16;176
E4S 56,780;20220403;19:15:00;19:20:00;231;19.00;179
E4S 56,780;20220403;19:20:00;19:25:00;232;19.63;156
E4S 56,780;20220403;19:25:00;19:30:00;233;18.99;157
E4S 56,780;20220403;19:30:00;19:35:00;234;19.96;145
E4S 56,780;20220403;19:35:00;19:40:00;235;20.68;130
E4S 56,780;20220403;19:40:00;19:45:00;236;19.19;105
E4S 56,780;20220403;19:45:00;19:50:00;237;19.43;116
E4S 56,780;20220403;19:50:00;19:55:00;238;20.14;98
E4S 56,780;20220403;19:55:00;20:00:00;239;19.19;98
E4S 56,780;20220403;20:00:00;20:05:00;240;19.25;94
E4S 56,780;20220403;20:05:00;20:10:00;241;19.94;91
E4S 56,780;20220403;20:10:00;20:15:00;242;19.21;100
E4S 56,780;20220403;20:15:00;20:20:00;243;19.81;116
E4S 56,780;20220403;20:20:00;20:25:00;244;19.80;121
E4S 56,780;20220403;20:25:00;20:30:00;245;19.90;100
E4S 56,780;20220403;20:30:00;20:35:00;246;19.15;100
E4S 56,780;20220403;20:35:00;20:40:00;247;19.29;81
E4S 56,780;20220403;20:40:00;20:45:00;248;20.22;66
E4S 56,780;20220403;20:45:00;20:50:00;249;19.60;55
E4S 56,780;20220403;20:50:00;20:55:00;250;20.85;88
E4S 56,780;20220403;20:55:00;21:00:00;251;20.80;57
E4S 56,780;20220403;21:00:00;21:05:00;252;19.94;76
E4S 56,780;20220403;21:05:00;21:10:00;253;18.97;55
E4S 56,780;20220403;21:10:00;21:15:00;254;20.88;73
E4S 56,780;20220403;21:15:00;21:20:00;255;19.76;55
E4S 56,780;20220403;21:20:00;21:25:00;256;20.24;56
E4S 56,780;20220403;21:25:00;21:30:00;257;20.52;53
E4S 56,780;20220403;21:30:00;21:35:00;258;19.41;52
E4S 56,780;20220403;21:35:00;21:40:00;259;20.12;48
E4S 56,780;20220403;21:40:00;21:45:00;260;20.84;42
E4S 56,780;20220403;21:45:00;21:50:00;261;20.36;54
E4S 56,780;20220403;21:50:00;21:55:00;262;19.71;27
E4S 56,780;20220403;21:55:00;22:00:00;263;19.69;40
E4S 56,780;20220403;22:00:00;22:05:00;264;20.20;40
E4S 56,780;20220403;22:05:00;22:10:00;265;20.40;35
E4S 56,780;20220403;22:10:00;22:15:00;266;20.84;43
E4S 56,780;20220403;22:15:00;22:20:00;267;20.03;35
E4S 56,780;20220403;22:20:00;22:25:00;268;20.79;37
E4S 56,780;20220403;22:25:00;22:30:00;269;19.40;26
E4S 56,780;20220403;22:30:00;22:35:00;270;20.12;42
E4S 56,780;20220403;22:35:00;22:40:00;271;20.72;34
E4S 56,780;20220403;22:40:00;22:45:00;272;20.58;41
E4S 56,780;20220403;22:45:00;22:50:00;273;21.79;34
E4S 56,780;20220403;22:50:00;22:55:00;274;20.16;35
E4S 56,780;20220403;22:55:00;23:00:00;275;19.91;32
E4S 56,780;20220403;23:00:00;23:05:00;276;20.34;23
E4S 56,780;20220403;23:05:00;23:10:00;277;20.78;27
E4S 56,780;20220403;23:10:00;23:15:00;278;20.51;20
E4S 56,780;20220403;23:15:00;23:20:00;279;18.55;27
E4S 56,780;20220403;23:20:00;23:25:00;280;20.35;23
E4S 56,780;20220403;23:25:00;23:30:00;281;20.59;33
E4S 56,780;20220403;23:30:00;23:35:00;282;20.81;30
E4S 56,780;20220403;23:35:00;23:40:00;283;20.06;27
E4S 56,780;20220403;23:40:00;23:45:00;284;21.84;25
E4S 56,780;20220403;23:45:00;23:50:00;285;20.34;23
E4S 56,780;20220403;23:50:00;23:55:00;286;20.15;16
E4S 56,780;20220403;23:55:00;24:00:00;287;21.85;19
E4S 56,780;20220406;00:00:00;00:05:00;0;19.27;16
E4S 56,780;20220406;00:05:00;00:10:00;1;19.62;22
E4S 56,780;20220406;00:10:00;00:15:00;2;20.76;6
E4S 56,780;20220406;00:15:00;00:20:00;3;19.53;8
E4S 56,780;20220406;00:20:00;00:25:00;4;20.38;13
E4S 56,780;20220406;00:25:00;00:30:00;5;20.13;11
E4S 56,780;20220406;00:30:00;00:35:00;6;19.74;14
E4S 56,780;20220406;00:35:00;00:40:00;7;20.49;10
E4S 56,780;20220406;00:40:00;00:45:00;8;21.50;15
E4S 56,780;20220406;00:45:00;00:50:00;9;18.74;6
E4S 56,780;20220406;00:50:00;00:55:00;10;19.35;16
E4S 56,780;20220406;00:55:00;01:00:00;11;21.03;14
E4S 56,780;20220406;01:00:00;01:05:00;12;21.38;8
E4S 56,780;20220406;01:05:00;01:10:00;13;19.03;13
E4S 56,780;20220406;01:10:00;01:15:00;14;19.57;12
E4S 56,780;20220406;01:15:00;01:20:00;15;18.29;16
E4S 56,780;20220406;01:20:00;01:25:00;16;20.77;16
E4S 56,780;20220406;01:25:00;01:30:00;17;20.48;10
E4S 56,780;20220406;01:30:00;01:35:00;18;19.99;14
E4S 56,780;20220406;01:35:00;01:40:00;19;20.17;17
E4S 56,780;20220406;01:40:00;01:45:00;20;20.21;11
E4S 56,780;20220406;01:45:00;01:50:00;21;20.72;29
E4S 56,780;20220406;01:50:00;01:55:00;22;20.34;18
E4S 56,780;20220406;01:55:00;02:00:00;23;19.87;10
E4S 56,780;20220406;02:00:00;02:05:00;24;19.45;11
E4S 56,780;20220406;02:05:00;02:10:00;25;20.46;23
E4S 56,780;20220406;02:10:00;02:15:00;26;21.48;21
E4S 56,780;20220406;02:15:00;02:20:00;27;20.23;20
E4S 56,780;20220406;02:20:00;02:25:00;28;20.96;25
E4S 56,780;20220406;02:25:00;02:30:00;29;20.14;33
E4S 56,780;20220406;02:30:00;02:35:00;30;19.74;21
E4S 56,780;20220406;02:35:00;02:40:00;31;20.56;30
E4S 56,780;20220406;02:40:00;02:45:00;32;19.80;28
E4S 56,780;20220406;02:45:00;02:50:00;33;20.96;20
E4S 56,780;20220406;02:50:00;02:55:00;34;20.18;28
E4S 56,780;20220406;02:55:00;03:00:00;35;19.93;35
E4S 56,780;20220406;03:00:00;03:05:00;36;20.87;20
E4S 56,780;20220406;03:05:00;03:10:00;37;20.73;39
E4S 56,780;20220406;03:10:00;03:15:00;38;20.60;38
E4S 56,780;20220406;03:15:00;03:20:00;39;20.41;77
E4S 56,780;20220406;03:20:00;03:25:00;40;20.32;57
E4S 56,780;20220406;03:25:00;03:30:00;41;20.59;63
E4S 56,780;20220406;03:30:00;03:35:00;42;20.49;97
E4S 56,780;20220406;03:35:00;03:40:00;43;20.18;93
E4S 56,780;20220406;03:40:00;03:45:00;44;20.58;145
E4S 56,780;20220406;03:45:00;03:50:00;45;20.16;145
E4S 56,780;20220406;03:50:00;03:55:00;46;20.24;172
E4S 56,780;20220406;03:55:00;04:00:00;47;20.66;185
E4S 56,780;20220406;04:00:00;04:05:00;48;20.57;145
E4S 56,780;20220406;04:05:00;04:10:00;49;20.67;159
E4S 56,780;20220406;04:10:00;04:15:00;50;20.24;169
E4S 56,780;20220406;04:15:00;04:20:00;51;20.51;188
E4S 56,780;20220406;04:20:00;04:25:00;52;19.18;251
E4S 56,780;20220406;04:25:00;04:30:00;53;18.93;256
E4S 56,780;20220406;04:30:00;04:35:00;54;19.07;240
E4S 56,780;20220406;04:35:00;04:40:00;55;19.22;237
E4S 56,780;20220406;04:40:00;04:45:00;56;19.43;264
E4S 56,780;20220406;04:45:00;04:50:00;57;19.05;285
E4S 56,780;20220406;04:50:00;04:55:00;58;19.27;270
E4S 56,780;20220406;04:55:00;05:00:00;59;19.16;296
E4S 56,780;20220406;05:00:00;05:05:00;60;18.34;283
E4S 56,780;20220406;05:05:00;05:10:00;61;18.40;255
E4S 56,780;20220406;05:10:00;05:15:00;62;18.24;300
E4S 56,780;20220406;05:15:00;05:20:00;63;18.46;299
E4S 56,780;20220406;05:20:00;05:25:00;64;18.26;306
E4S 56,780;20220406;05:25:00;05:30:00;65;18.41;312
E4S 56,780;20220406;05:30:00;05:35:00;66;17.65;327
E4S 56,780;20220406;05:35:00;05:40:00;67;17.78;309
E4S 56,780;20220406;05:40:00;05:45:00;68;17.86;289
E4S 56,780;20220406;05:45:00;05:50:00;69;17.60;297
E4S 56,780;20220406;05:50:00;05:55:00;70;18.28;291
E4S 56,780;20220406;05:55:00;06:00:00;71;18.32;278
E4S 56,780;20220406;06:00:00;06:05:00;72;17.83;288
E4S 56,780;20220406;06:05:00;06:10:00;73;18.19;295
E4S 56,780;20220406;06:10:00;06:15:00;74;18.20;309
E4S 56,780;20220406;06:15:00;06:20:00;75;17.99;311
E4S 56,780;20220406;06:20:00;06:25:00;76;17.86;267
E4S 56,780;20220406;06:25:00;06:30:00;77;18.31;257
E4S 56,780;20220406;06:30:00;06:35:00;78;17.70;282
E4S 56,780;20220406;06:35:00;06:40:00;79;17.80;339
E4S 56,780;20220406;06:40:00;06:45:00;80;18.21;296
E4S 56,780;20220406;06:45:00;06:50:00;81;17.49;265
E4S 56,780;20220406;06:50:00;06:55:00;82;17.49;300
E4S 56,780;20220406;06:55:00;07:00:00;83;17.37;311
E4S 56,780;20220406;07:00:00;07:05:00;84;15.87;370
E4S 56,780;20220406;07:05:00;07:10:00;85;15.48;374
E4S 56,780;20220406;07:10:00;07:15:00;86;15.78;347
E4S 56,780;20220406;07:15:00;07:20:00;87;17.32;322
E4S 56,780;20220406;07:20:00;07:25:00;88;17.93;296
E4S 56,780;20220406;07:25:00;07:30:00;89;17.55;272
E4S 56,780;20220406;07:30:00;07:35:00;90;16.66;338
E4S 56,780;20220406;07:35:00;07:40:00;91;18.06;292
E4S 56,780;20220406;07:40:00;07:45:00;92;17.96;280
E4S 56,780;20220406;07:45:00;07:50:00;93;18.01;314
E4S 56,780;20220406;07:50:00;07:55:00;94;17.43;301
E4S 56,780;20220406;07:55:00;08:00:00;95;17.89;299
E4S 56,780;20220406;08:00:00;08:05:00;96;17.19;287
E4S 56,780;20220406;08:05:00;08:10:00;97;16.50;27
E4S 56,780;20220406;08:10:00;08:15:00;98;15.45;26
E4S 56,780;20220406;08:15:00;08:20:00;99;16.83;28
E4S 56,780;20220406;08:20:00;08:25:00;100;16.89;30
E4S 56,780;20220406;08:25:00;08:30:00;101;16.72;14
E4S 56,780;20220406;08:30:00;08:35:00;102;16.50;25
E4S 56,780;20220406;08:35:00;08:40:00;103;16.11;27
E4S 56,780;20220406;08:40:00;08:45:00;104;16.11;22
E4S 56,780;20220406;08:45:00;08:50:00;105;16.78;23
E4S 56,780;20220406;08:50:00;08:55:00;106;15.78;28
E4S 56,780;20220406;08:55:00;09:00:00;107;14.17;23
E4S 56,780;20220406;09:00:00;09:05:00;108;15.17;22
E4S 56,780;20220406;09:05:00;09:10:00;109;13.55;29
E4S 56,780;20220406;09:10:00;09:15:00;110;14.50;25
E4S 56,780;20220406;09:15:00;09:20:00;111;15.83;21
E4S 56,780;20220406;09:20:00;09:25:00;112;16.83;20
E4S 56,780;20220406;09:25:00;09:30:00;113;15.95;20
E4S 56,780;20220406;09:30:00;09:35:00;114;14.39;27
E4S 56,780;20220406;09:35:00;09:40:00;115;16.50;28
E4S 56,780;20220406;09:40:00;09:45:00;116;15.72;18
E4S 56,780;20220406;09:45:00;09:50:00;117;16.94;20
E4S 56,780;20220406;09:50:00;09:55:00;118;16.61;24
E4S 56,780;20220406;09:55:00;10:00:00;119;16.72;15
E4S 56,780;20220406;10:00:00;10:05:00;120;16.39;24
E4S 56,780;20220406;10:05:00;10:10:00;121;16.22;20
E4S 56,780;20220406;10:10:00;10:15:00;122;16.94;22
E4S 56,780;20220406;10:15:00;10:20:00;123;16.53;16
E4S 56,780;20220406;10:20:00;10:25:00;124;14.89;21
E4S 56,780;20220406;10:25:00;10:30:00;125;16.74;13
E4S 56,780;20220406;10:30:00;10:35:00;126;15.83;23
E4S 56,780;20220406;10:35:00;10:40:00;127;15.97;13
E4S 56,780;20220406;10:40:00;10:45:00;128;16.67;24
E4S 56,780;20220406;10:45:00;10:50:00;129;16.71;35
E4S 56,780;20220406;10:50:00;10:55:00;130;17.47;231
E4S 56,780;20220406;10:55:00;11:00:00;131;17.23;253
E4S 56,780;20220406;11:00:00;11:05:00;132;17.12;332
E4S 56,780;20220406;11:05:00;11:10:00;133;18.15;271
E4S 56,780;20220406;11:10:00;11:15:00;134;17.28;291
E4S 56,780;20220406;11:15:00;11:20:00;135;17.24;274
E4S 56,780;20220406;11:20:00;11:25:00;136;17.58;254
E4S 56,780;20220406;11:25:00;11:30:00;137;17.22;260
E4S 56,780;20220406;11:30:00;11:35:00;138;17.60;296
E4S 56,780;20220406;11:35:00;11:40:00;139;17.23;312
E4S 56,780;20220406;11:40:00;11:45:00;140;17.24;308
E4S 56,780;20220406;11:45:00;11:50:00;141;17.39;350
E4S 56,780;20220406;11:50:00;11:55:00;142;18.20;317
E4S 56,780;20220406;11:55:00;12:00:00;143;17.68;290
E4S 56,780;20220406;12:00:00;12:05:00;144;17.72;305
E4S 56,780;20220406;12:05:00;12:10:00;145;17.19;310
E4S 56,780;20220406;12:10:00;12:15:00;146;17.29;378
E4S 56,780;20220406;12:15:00;12:20:00;147;16.85;367
E4S 56,780;20220406;12:20:00;12:25:00;148;16.79;336
E4S 56,780;20220406;12:25:00;12:30:00;149;17.34;346
E4S 56,780;20220406;12:30:00;12:35:00;150;17.07;311
E4S 56,780;20220406;12:35:00;12:40:00;151;17.18;378
E4S 56,780;20220406;12:40:00;12:45:00;152;17.34;363
E4S 56,780;20220406;12:45:00;12:50:00;153;17.52;382
E4S 56,780;20220406;12:50:00;12:55:00;154;17.30;377
E4S 56,780;20220406;12:55:00;13:00:00;155;17.19;368
E4S 56,780;20220406;13:00:00;13:05:00;156;16.34;411
E4S 56,780;20220406;13:05:00;13:10:00;157;16.41;386
E4S 56,780;20220406;13:10:00;13:15:00;158;13.83;371
E4S 56,780;20220406;13:15:00;13:20:00;159;10.31;309
E4S 56,780;20220406;13:20:00;13:25:00;160;11.78;350
E4S 56,780;20220406;13:25:00;13:30:00;161;10.56;321
E4S 56,780;20220406;13:30:00;13:35:00;162;10.52;310
E4S 56,780;20220406;13:35:00;13:40:00;163;10.97;370
E4S 56,780;20220406;13:40:00;13:45:00;164;9.00;228
E4S 56,780;20220406;13:45:00;13:50:00;165;9.52;308
E4S 56,780;20220406;13:50:00;13:55:00;166;7.75;217
E4S 56,780;20220406;13:55:00;14:00:00;167;10.82;339
E4S 56,780;20220406;14:00:00;14:05:00;168;9.52;303
E4S 56,780;20220406;14:05:00;14:10:00;169;8.59;268
E4S 56,780;20220406;14:10:00;14:15:00;170;10.06;321
E4S 56,780;20220406;14:15:00;14:20:00;171;11.66;388
E4S 56,780;20220406;14:20:00;14:25:00;172;9.44;322
E4S 56,780;20220406;14:25:00;14:30:00;173;8.86;291
E4S 56,780;20220406;14:30:00;14:35:00;174;9.34;313
E4S 56,780;20220406;14:35:00;14:40:00;175;10.16;308
E4S 56,780;20220406;14:40:00;14:45:00;176;9.95;338
E4S 56,780;20220406;14:45:00;14:50:00;177;8.76;302
E4S 56,780;20220406;14:50:00;14:55:00;178;9.86;334
E4S 56,780;20220406;14:55:00;15:00:00;179;11.28;366
E4S 56,780;20220406;15:00:00;15:05:00;180;10.35;355
E4S 56,780;20220406;15:05:00;15:10:00;181;9.63;316
E4S 56,780;20220406;15:10:00;15:15:00;182;10.11;330
E4S 56,780;20220406;15:15:00;15:20:00;183;7.84;319
E4S 56,780;20220406;15:20:00;15:25:00;184;9.30;337
E4S 56,780;20220406;15:25:00;15:30:00;185;9.65;373
E4S 56,780;20220406;15:30:00;15:35:00;186;9.15;319
E4S 56,780;20220406;15:35:00;15:40:00;187;10.04;354
E4S 56,780;20220406;15:40:00;15:45:00;188;9.76;344
E4S 56,780;20220406;15:45:00;15:50:00;189;13.75;307
E4S 56,780;20220406;15:50:00;15:55:00;190;15.55;267
E4S 56,780;20220406;15:55:00;16:00:00;191;17.32;262
E4S 56,780;20220406;16:00:00;16:05:00;192;17.31;255
E4S 56,780;20220406;16:05:00;16:10:00;193;16.57;250
E4S 56,780;20220406;16:10:00;16:15:00;194;17.18;283
E4S 56,780;20220406;16:15:00;16:20:00;195;17.00;299
E4S 56,780;20220406;16:20:00;16:25:00;196;17.00;259
E4S 56,780;20220406;16:25:00;16:30:00;197;16.21;241
E4S 56,780;20220406;16:30:00;16:35:00;198;16.00;297
E4S 56,780;20220406;16:35:00;16:40:00;199;16.64;311
E4S 56,780;20220406;16:40:00;16:45:00;200;16.64;276
E4S 56,780;20220406;16:45:00;16:50:00;201;16.62;248
E4S 56,780;20220406;16:50:00;16:55:00;202;16.96;277
E4S 56,780;20220406;16:55:00;17:00:00;203;17.55;237
E4S 56,780;20220406;17:00:00;17:05:00;204;17.39;249
E4S 56,780;20220406;17:05:00;17:10:00;205;16.73;229
E4S 56,780;20220406;17:10:00;17:15:00;206;17.10;240
E4S 56,780;20220406;17:15:00;17:20:00;207;17.76;214
E4S 56,780;20220406;17:20:00;17:25:00;208;17.08;253
E4S 56,780;20220406;17:25:00;17:30:00;209;17.93;184
E4S 56,780;20220406;17:30:00;17:35:00;210;16.98;199
E4S 56,780;20220406;17:35:00;17:40:00;211;17.86;225
E4S 56,780;20220406;17:40:00;17:45:00;212;17.94;208
E4S 56,780;20220406;17:45:00;17:50:00;213;18.32;199
E4S 56,780;20220406;17:50:00;17:55:00;214;18.58;218
E4S 56,780;20220406;17:55:00;18:00:00;215;18.71;168
E4S 56,780;20220406;18:00:00;18:05:00;216;18.70;187
E4S 56,780;20220406;18:05:00;18:10:00;217;18.62;168
E4S 56,780;20220406;18:10:00;18:15:00;218;19.08;172
E4S 56,780;20220406;18:15:00;18:20:00;219;19.04;174
E4S 56,780;20220406;18:20:00;18:25:00;220;18.84;168
E4S 56,780;20220406;18:25:00;18:30:00;221;19.08;184
E4S 56,780;20220406;18:30:00;18:35:00;222;18.64;180
E4S 56,780;20220406;18:35:00;18:40:00;223;18.88;179
E4S 56,780;20220406;18:40:00;18:45:00;224;18.73;203
E4S 56,780;20220406;18:45:00;18:50:00;225;18.77;173
E4S 56,780;20220406;18:50:00;18:55:00;226;19.53;161
E4S 56,780;20220406;18:55:00;19:00:00;227;19.58;157
E4S 56,780;20220406;19:00:00;19:05:00;228;19.40;166
E4S 56,780;20220406;19:05:00;19:10:00;229;19.65;155
E4S 56,780;20220406;19:10:00;19:15:00;230;20.01;152
E4S 56,780;20220406;19:15:00;19:20:00;231;19.36;178
E4S 56,780;20220406;19:20:00;19:25:00;232;19.02;189
E4S 56,780;20220406;19:25:00;19:30:00;233;19.32;126
E4S 56,780;20220406;19:30:00;19:35:00;234;19.37;132
E4S 56,780;20220406;19:35:00;19:40:00;235;20.04;156
E4S 56,780;20220406;19:40:00;19:45:00;236;19.17;139
E4S 56,780;20220406;19:45:00;19:50:00;237;19.80;131
E4S 56,780;20220406;19:50:00;19:55:00;238;19.96;126
E4S 56,780;20220406;19:55:00;20:00:00;239;19.36;113
E4S 56,780;20220406;20:00:00;20:05:00;240;18.90;104
E4S 56,780;20220406;20:05:00;20:10:00;241;19.24;120
E4S 56,780;20220406;20:10:00;20:15:00;242;19.28;87
E4S 56,780;20220406;20:15:00;20:20:00;243;20.15;109
E4S 56,780;20220406;20:20:00;20:25:00;244;19.77;94
E4S 56,780;20220406;20:25:00;20:30:00;245;19.69;114
E4S 56,780;20220406;20:30:00;20:35:00;246;19.66;93
E4S 56,780;20220406;20:35:00;20:40:00;247;18.77;77
E4S 56,780;20220406;20:40:00;20:45:00;248;19.71;70
E4S 56,780;20220406;20:45:00;20:50:00;249;19.27;66
E4S 56,780;20220406;20:50:00;20:55:00;250;20.34;76
E4S 56,780;20220406;20:55:00;21:00:00;251;19.83;72
E4S 56,780;20220406;21:00:00;21:05:00;252;19.52;66
E4S 56,780;20220406;21:05:00;21:10:00;253;19.01;59
E4S 56,780;20220406;21:10:00;21:15:00;254;19.71;79
E4S 56,780;20220406;21:15:00;21:20:00;255;19.00;82
E4S 56,780;20220406;21:20:00;21:25:00;256;20.20;56
E4S 56,780;20220406;21:25:00;21:30:00;257;20.01;58
E4S 56,780;20220406;21:30:00;21:35:00;258;19.52;62
E4S 56,780;20220406;21:35:00;21:40:00;259;20.18;60
E4S 56,780;20220406;21:40:00;21:45:00;260;19.99;43
E4S 56,780;20220406;21:45:00;21:50:00;261;19.56;48
E4S 56,780;20220406;21:50:00;21:55:00;262;20.04;49
E4S 56,780;20220406;21:55:00;22:00:00;263;19.52;44
E4S 56,780;20220406;22:00:00;22:05:00;264;19.13;47
E4S 56,780;20220406;22:05:00;22:10:00;265;19.50;39
E4S 56,780;20220406;22:10:00;22:15:00;266;19.21;31
E4S 56,780;20220406;22:15:00;22:20:00;267;20.37;51
E4S 56,780;20220406;22:20:00;22:25:00;268;19.32;44
E4S 56,780;20220406;22:25:00;22:30:00;269;20.54;29
E4S 56,780;20220406;22:30:00;22:35:00;270;20.15;25
E4S 56,780;20220406;22:35:00;22:40:00;271;19.34;36
E4S 56,780;20220406;22:40:00;22:45:00;272;19.46;31
E4S 56,780;20220406;22:45:00;22:50:00;273;20.45;23
E4S 56,780;20220406;22:50:00;22:55:00;274;19.65;39
E4S 56,780;20220406;22:55:00;23:00:00;275;18.12;15
E4S 56,780;20220406;23:00:00;23:05:00;276;19.98;35
E4S 56,780;20220406;23:05:00;23:10:00;277;19.55;23
E4S 56,780;20220406;23:10:00;23:15:00;278;19.35;19
E4S 56,780;20220406;23:15:00;23:20:00;279;20.50;18
E4S 56,780;20220406;23:20:00;23:25:00;280;19.82;23
E4S 56,780;20220406;23:25:00;23:30:00;281;20.15;32
E4S 56,780;20220406;23:30:00;23:35:00;282;20.60;26
E4S 56,780;20220406;23:35:00;23:40:00;283;20.82;16
E4S 56,780;20220406;23:40:00;23:45:00;284;20.16;26
E4S 56,780;20220406;23:45:00;23:50:00;285;20.82;18
E4S 56,780;20220406;23:50:00;23:55:00;286;19.99;21
E4S 56,780;20220406;23:55:00;24:00:00;287;19.74;24
E4S 56,780;20220416;00:00:00;00:05:00;0;20.88;23
E4S 56,780;20220416;00:05:00;00:10:00;1;19.60;36
E4S 56,780;20220416;00:10:00;00:15:00;2;19.64;25
E4S 56,780;20220416;00:15:00;00:20:00;3;20.16;25
E4S 56,780;20220416;00:20:00;00:25:00;4;19.10;25
E4S 56,780;20220416;00:25:00;00:30:00;5;19.87;19
E4S 56,780;20220416;00:30:00;00:35:00;6;19.78;34
E4S 56,780;20220416;00:35:00;00:40:00;7;20.00;14
E4S 56,780;20220416;00:40:00;00:45:00;8;20.03;17
E4S 56,780;20220416;00:45:00;00:50:00;9;19.36;25
E4S 56,780;20220416;00:50:00;00:55:00;10;20.57;23
E4S 56,780;20220416;00:55:00;01:00:00;11;19.05;26
E4S 56,780;20220416;01:00:00;01:05:00;12;19.97;39
E4S 56,780;20220416;01:05:00;01:10:00;13;20.11;25
E4S 56,780;20220416;01:10:00;01:15:00;14;21.36;22
E4S 56,780;20220416;01:15:00;01:20:00;15;21.21;31
E4S 56,780;20220416;01:20:00;01:25:00;16;20.33;19
E4S 56,780;20220416;01:25:00;01:30:00;17;19.66;16
E4S 56,780;20220416;01:30:00;01:35:00;18;20.07;19
E4S 56,780;20220416;01:35:00;01:40:00;19;20.08;21
E4S 56,780;20220416;01:40:00;01:45:00;20;20.30;13
E4S 56,780;20220416;01:45:00;01:50:00;21;20.53;19
E4S 56,780;20220416;01:50:00;01:55:00;22;20.81;17
E4S 56,780;20220416;01:55:00;02:00:00;23;19.78;19
E4S 56,780;20220416;02:00:00;02:05:00;24;20.63;16
E4S 56,780;20220416;02:05:00;02:10:00;25;20.95;15
E4S 56,780;20220416;02:10:00;02:15:00;26;19.64;18
E4S 56,780;20220416;02:15:00;02:20:00;27;22.78;14
E4S 56,780;20220416;02:20:00;02:25:00;28;20.63;23
E4S 56,780;20220416;02:25:00;02:30:00;29;20.44;20
E4S 56,780;20220416;02:30:00;02:35:00;30;21.42;15
E4S 56,780;20220416;02:35:00;02:40:00;31;20.89;23
E4S 56,780;20220416;02:40:00;02:45:00;32;20.07;14
E4S 56,780;20220416;02:45:00;02:50:00;33;21.63;16
E4S 56,780;20220416;02:50:00;02:55:00;34;19.35;23
E4S 56,780;20220416;02:55:00;03:00:00;35;20.38;16
E4S 56,780;20220416;03:00:00;03:05:00;36;21.28;25
E4S 56,780;20220416;03:05:00;03:10:00;37;19.95;24
E4S 56,780;20220416;03:10:00;03:15:00;38;19.68;15
E4S 56,780;20220416;03:15:00;03:20:00;39;21.58;13
E4S 56,780;20220416;03:20:00;03:25:00;40;21.34;16
E4S 56,780;20220416;03:25:00;03:30:00;41;20.79;25
E4S 56,780;20220416;03:30:00;03:35:00;42;20.71;18
E4S 56,780;20220416;03:35:00;03:40:00;43;21.66;33
E4S 56,780;20220416;03:40:00;03:45:00;44;21.51;24
E4S 56,780;20220416;03:45:00;03:50:00;45;22.03;31
E4S 56,780;20220416;03:50:00;03:55:00;46;21.47;27
E4S 56,780;20220416;03:55:00;04:00:00;47;21.24;24
E4S 56,780;20220416;04:00:00;04:05:00;48;20.96;28
E4S 56,780;20220416;04:05:00;04:10:00;49;22.18;47
E4S 56,780;20220416;04:10:00;04:15:00;50;21.28;54
E4S 56,780;20220416;04:15:00;04:20:00;51;21.18;45
E4S 56,780;20220416;04:20:00;04:25:00;52;21.57;37
E4S 56,780;20220416;04:25:00;04:30:00;53;22.12;43
E4S 56,780;20220416;04:30:00;04:35:00;54;21.31;48
E4S 56,780;20220416;04:35:00;04:40:00;55;21.24;39
E4S 56,780;20220416;04:40:00;04:45:00;56;21.31;49
E4S 56,780;20220416;04:45:00;04:50:00;57;21.71;57
E4S 56,780;20220416;04:50:00;04:55:00;58;20.98;50
E4S 56,780;20220416;04:55:00;05:00:00;59;23.35;44
E4S 56,780;20220416;05:00:00;05:05:00;60;21.48;48
E4S 56,780;20220416;05:05:00;05:10:00;61;21.83;39
E4S 56,780;20220416;05:10:00;05:15:00;62;21.67;48
E4S 56,780;20220416;05:15:00;05:20:00;63;22.00;67
E4S 56,780;20220416;05:20:00;05:25:00;64;20.85;59
E4S 56,780;20220416;05:25:00;05:30:00;65;21.56;66
E4S 56,780;20220416;05:30:00;05:35:00;66;22.44;68
E4S 56,780;20220416;05:35:00;05:40:00;67;21.20;61
E4S 56,780;20220416;05:40:00;05:45:00;68;21.37;72
E4S 56,780;20220416;05:45:00;05:50:00;69;20.91;75
E4S 56,780;20220416;05:50:00;05:55:00;70;19.96;72
E4S 56,780;20220416;05:55:00;06:00:00;71;21.24;56
E4S 56,780;20220416;06:00:00;06:05:00;72;21.12;58
E4S 56,780;20220416;06:05:00;06:10:00;73;21.35;64
E4S 56,780;20220416;06:10:00;06:15:00;74;20.00;79
E4S 56,780;20220416;06:15:00;06:20:00;75;20.48;72
E4S 56,780;20220416;06:20:00;06:25:00;76;19.82;70
E4S 56,780;20220416;06:25:00;06:30:00;77;21.40;78
E4S 56,780;20220416;06:30:00;06:35:00;78;21.01;72
E4S 56,780;20220416;06:35:00;06:40:00;79;21.34;104
E4S 56,780;20220416;06:40:00;06:45:00;80;20.13;98
E4S 56,780;20220416;06:45:00;06:50:00;81;20.98;84
E4S 56,780;20220416;06:50:00;06:55:00;82;20.30;102
E4S 56,780;20220416;06:55:00;07:00:00;83;21.08;103
E4S 56,780;20220416;07:00:00;07:05:00;84;21.38;73
E4S 56,780;20220416;07:05:00;07:10:00;85;20.38;105
E4S 56,780;20220416;07:10:00;07:15:00;86;20.71;108
E4S 56,780;20220416;07:15:00;07:20:00;87;20.06;113
E4S 56,780;20220416;07:20:00;07:25:00;88;20.07;151
E4S 56,780;20220416;07:25:00;07:30:00;89;20.92;123
E4S 56,780;20220416;07:30:00;07:35:00;90;20.55;135
E4S 56,780;20220416;07:35:00;07:40:00;91;20.02;129
E4S 56,780;20220416;07:40:00;07:45:00;92;19.61;153
E4S 56,780;20220416;07:45:00;07:50:00;93;20.01;159
E4S 56,780;20220416;07:50:00;07:55:00;94;20.47;141
E4S 56,780;20220416;07:55:00;08:00:00;95;20.58;154
E4S 56,780;20220416;08:00:00;08:05:00;96;20.32;135
E4S 56,780;20220416;08:05:00;08:10:00;97;19.44;137
E4S 56,780;20220416;08:10:00;08:15:00;98;19.80;164
E4S 56,780;20220416;08:15:00;08:20:00;99;20.12;149
E4S 56,780;20220416;08:20:00;08:25:00;100;19.64;184
E4S 56,780;20220416;08:25:00;08:30:00;101;19.54;184
E4S 56,780;20220416;08:30:00;08:35:00;102;20.36;152
E4S 56,780;20220416;08:35:00;08:40:00;103;19.80;166
E4S 56,780;20220416;08:40:00;08:45:00;104;18.96;207
E4S 56,780;20220416;08:45:00;08:50:00;105;19.07;196
E4S 56,780;20220416;08:50:00;08:55:00;106;19.57;227
E4S 56,780;20220416;08:55:00;09:00:00;107;18.49;252
E4S 56,780;20220416;09:00:00;09:05:00;108;19.65;200
E4S 56,780;20220416;09:05:00;09:10:00;109;18.89;198
E4S 56,780;20220416;09:10:00;09:15:00;110;19.72;226
E4S 56,780;20220416;09:15:00;09:20:00;111;18.86;210
E4S 56,780;20220416;09:20:00;09:25:00;112;18.74;239
E4S 56,780;20220416;09:25:00;09:30:00;113;18.29;254
E4S 56,780;20220416;09:30:00;09:35:00;114;17.93;262
E4S 56,780;20220416;09:35:00;09:40:00;115;19.22;231
E4S 56,780;20220416;09:40:00;09:45:00;116;18.29;241
E4S 56,780;20220416;09:45:00;09:50:00;117;18.66;233
E4S 56,780;20220416;09:50:00;09:55:00;118;18.85;247
E4S 56,780;20220416;09:55:00;10:00:00;119;18.74;234
E4S 56,780;20220416;10:00:00;10:05:00;120;18.41;252
E4S 56,780;20220416;10:05:00;10:10:00;121;18.26;265
E4S 56,780;20220416;10:10:00;10:15:00;122;18.68;267
E4S 56,780;20220416;10:15:00;10:20:00;123;19.01;294
E4S 56,780;20220416;10:20:00;10:25:00;124;18.07;266
E4S 56,780;20220416;10:25:00;10:30:00;125;18.54;255
E4S 56,780;20220416;10:30:00;10:35:00;126;18.36;267
E4S 56,780;20220416;10:35:00;10:40:00;127;18.76;273
E4S 56,780;20220416;10:40:00;10:45:00;128;18.28;285
E4S 56,780;20220416;10:45:00;10:50:00;129;18.61;282
E4S 56,780;20220416;10:50:00;10:55:00;130;18.84;266
E4S 56,780;20220416;10:55:00;11:00:00;131;18.68;242
E4S 56,780;20220416;11:00:00;11:05:00;132;18.81;276
E4S 56,780;20220416;11:05:00;11:10:00;133;19.79;233
E4S 56,780;20220416;11:10:00;11:15:00;134;19.17;227
E4S 56,780;20220416;11:15:00;11:20:00;135;18.12;272
E4S 56,780;20220416;11:20:00;11:25:00;136;19.13;261
E4S 56,780;20220416;11:25:00;11:30:00;137;18.57;257
E4S 56,780;20220416;11:30:00;11:35:00;138;18.77;262
E4S 56,780;20220416;11:35:00;11:40:00;139;18.43;284
E4S 56,780;20220416;11:40:00;11:45:00;140;18.33;281
E4S 56,780;20220416;11:45:00;11:50:00;141;19.16;298
E4S 56,780;20220416;11:50:00;11:55:00;142;18.89;273
E4S 56,780;20220416;11:55:00;12:00:00;143;18.72;251
E4S 56,780;20220416;12:00:00;12:05:00;144;18.89;242
E4S 56,780;20220416;12:05:00;12:10:00;145;18.78;264
E4S 56,780;20220416;12:10:00;12:15:00;146;18.54;284
E4S 56,780;20220416;12:15:00;12:20:00;147;19.13;232
E4S 56,780;20220416;12:20:00;12:25:00;148;18.99;251
E4S 56,780;20220416;12:25:00;12:30:00;149;18.87;251
E4S 56,780;20220416;12:30:00;12:35:00;150;18.63;249
E4S 56,780;20220416;12:35:00;12:40:00;151;18.58;260
E4S 56,780;20220416;12:40:00;12:45:00;152;18.90;240
E4S 56,780;20220416;12:45:00;12:50:00;153;18.41;257
E4S 56,780;20220416;12:50:00;12:55:00;154;18.89;233
E4S 56,780;20220416;12:55:00;13:00:00;155;18.50;221
E4S 56,780;20220416;13:00:00;13:05:00;156;19.10;204
E4S 56,780;20220416;13:05:00;13:10:00;157;19.08;227
E4S 56,780;20220416;13:10:00;13:15:00;158;19.01;208
E4S 56,780;20220416;13:15:00;13:20:00;159;18.82;242
E4S 56,780;20220416;13:20:00;13:25:00;160;18.63;211
E4S 56,780;20220416;13:25:00;13:30:00;161;19.91;155
E4S 56,780;20220416;13:30:00;13:35:00;162;18.78;205
E4S 56,780;20220416;13:35:00;13:40:00;163;18.73;220
E4S 56,780;20220416;13:40:00;13:45:00;164;18.50;250
E4S 56,780;20220416;13:45:00;13:50:00;165;18.69;205
E4S 56,780;20220416;13:50:00;13:55:00;166;19.09;253
E4S 56,780;20220416;13:55:00;14:00:00;167;19.04;205
E4S 56,780;20220416;14:00:00;14:05:00;168;18.83;203
E4S 56,780;20220416;14:05:00;14:10:00;169;18.67;231
E4S 56,780;20220416;14:10:00;14:15:00;170;18.80;200
E4S 56,780;20220416;14:15:00;14:20:00;171;18.84;214
E4S 56,780;20220416;14:20:00;14:25:00;172;19.31;176
E4S 56,780;20220416;14:25:00;14:30:00;173;18.95;229
E4S 56,780;20220416;14:30:00;14:35:00;174;19.13;223
E4S 56,780;20220416;14:35:00;14:40:00;175;18.72;269
E4S 56,780;20220416;14:40:00;14:45:00;176;19.20;235
E4S 56,780;20220416;14:45:00;14:50:00;177;18.46;205
E4S 56,780;20220416;14:50:00;14:55:00;178;18.49;215
E4S 56,780;20220416;14:55:00;15:00:00;179;19.23;197
E4S 56,780;20220416;15:00:00;15:05:00;180;19.06;233
E4S 56,780;20220416;15:05:00;15:10:00;181;19.18;210
E4S 56,780;20220416;15:10:00;15:15:00;182;19.20;214
E4S 56,780;20220416;15:15:00;15:20:00;183;19.26;212
E4S 56,780;20220416;15:20:00;15:25:00;184;19.04;223
E4S 56,780;20220416;15:25:00;15:30:00;185;18.62;215
E4S 56,780;20220416;15:30:00;15:35:00;186;19.11;203
E4S 56,780;20220416;15:35:00;15:40:00;187;18.95;205
E4S 56,780;20220416;15:40:00;15:45:00;188;19.48;188
E4S 56,780;20220416;15:45:00;15:50:00;189;19.19;232
E4S 56,780;20220416;15:50:00;15:55:00;190;18.88;231
E4S 56,780;20220416;15:55:00;16:00:00;191;19.18;234
E4S 56,780;20220416;16:00:00;16:05:00;192;19.46;221
E4S 56,780;20220416;16:05:00;16:10:00;193;19.21;232
E4S 56,780;20220416;16:10:00;16:15:00;194;19.77;212
E4S 56,780;20220416;16:15:00;16:20:00;195;18.83;233
E4S 56,780;20220416;16:20:00;16:25:00;196;18.84;221
E4S 56,780;20220416;16:25:00;16:30:00;197;19.36;223
E4S 56,780;20220416;16:30:00;16:35:00;198;19.38;221
E4S 56,780;20220416;16:35:00;16:40:00;199;19.39;216
E4S 56,780;20220416;16:40:00;16:45:00;200;19.57;227
E4S 56,780;20220416;16:45:00;16:50:00;201;19.01;263
E4S 56,780;20220416;16:50:00;16:55:00;202;19.57;183
E4S 56,780;20220416;16:55:00;17:00:00;203;19.23;217
E4S 56,780;20220416;17:00:00;17:05:00;204;19.67;163
E4S 56,780;20220416;17:05:00;17:10:00;205;19.36;186
E4S 56,780;20220416;17:10:00;17:15:00;206;19.38;178
E4S 56,780;20220416;17:15:00;17:20:00;207;19.16;171
E4S 56,780;20220416;17:20:00;17:25:00;208;18.97;205
E4S 56,780;20220416;17:25:00;17:30:00;209;19.81;175
E4S 56,780;20220416;17:30:00;17:35:00;210;19.15;190
E4S 56,780;20220416;17:35:00;17:40:00;211;19.04;192
E4S 56,780;20220416;17:40:00;17:45:00;212;19.48;169
E4S 56,780;20220416;17:45:00;17:50:00;213;19.05;182
E4S 56,780;20220416;17:50:00;17:55:00;214;19.28;166
E4S 56,780;20220416;17:55:00;18:00:00;215;19.22;186
E4S 56,780;20220416;18:00:00;18:05:00;216;19.30;149
E4S 56,780;20220416;18:05:00;18:10:00;217;19.42;151
E4S 56,780;20220416;18:10:00;18:15:00;218;19.08;163
E4S 56,780;20220416;18:15:00;18:20:00;219;19.10;160
E4S 56,780;20220416;18:20:00;18:25:00;220;19.07;164
E4S 56,780;20220416;18:25:00;18:30:00;221;19.35;154
E4S 56,780;20220416;18:30:00;18:35:00;222;19.19;150
E4S 56,780;20220416;18:35:00;18:40:00;223;19.14;153
E4S 56,780;20220416;18:40:00;18:45:00;224;19.14;136
E4S 56,780;20220416;18:45:00;18:50:00;225;18.94;134
E4S 56,780;20220416;18:50:00;18:55:00;226;19.24;131
E4S 56,780;20220416;18:55:00;19:00:00;227;19.01;153
E4S 56,780;20220416;19:00:00;19:05:00;228;19.32;137
E4S 56,780;20220416;19:05:00;19:10:00;229;18.99;137
E4S 56,780;20220416;19:10:00;19:15:00;230;19.75;175
E4S 56,780;20220416;19:15:00;19:20:00;231;19.14;190
E4S 56,780;20220416;19:20:00;19:25:00;232;19.31;170
E4S 56,780;20220416;19:25:00;19:30:00;233;19.36;159
E4S 56,780;20220416;19:30:00;19:35:00;234;19.33;165
E4S 56,780;20220416;19:35:00;19:40:00;235;19.43;135
E4S 56,780;20220416;19:40:00;19:45:00;236;18.70;150
E4S 56,780;20220416;19:45:00;19:50:00;237;19.60;138
E4S 56,780;20220416;19:50:00;19:55:00;238;19.31;104
E4S 56,780;20220416;19:55:00;20:00:00;239;19.02;106
E4S 56,780;20220416;20:00:00;20:05:00;240;19.60;124
E4S 56,780;20220416;20:05:00;20:10:00;241;19.59;120
E4S 56,780;20220416;20:10:00;20:15:00;242;19.34;83
E4S 56,780;20220416;20:15:00;20:20:00;243;19.34;97
E4S 56,780;20220416;20:20:00;20:25:00;244;19.55;95
E4S 56,780;20220416;20:25:00;20:30:00;245;19.69;115
E4S 56,780;20220416;20:30:00;20:35:00;246;19.77;100
E4S 56,780;20220416;20:35:00;20:40:00;247;19.61;110
E4S 56,780;20220416;20:40:00;20:45:00;248;20.37;89
E4S 56,780;20220416;20:45:00;20:50:00;249;19.52;97
E4S 56,780;20220416;20:50:00;20:55:00;250;19.78;106
E4S 56,780;20220416;20:55:00;21:00:00;251;19.56;89
E4S 56,780;20220416;21:00:00;21:05:00;252;19.48;89
E4S 56,780;20220416;21:05:00;21:10:00;253;19.23;122
E4S 56,780;20220416;21:10:00;21:15:00;254;19.90;113
E4S 56,780;20220416;21:15:00;21:20:00;255;19.78;97
E4S 56,780;20220416;21:20:00;21:25:00;256;19.79;94
E4S 56,780;20220416;21:25:00;21:30:00;257;19.57;89
E4S 56,780;20220416;21:30:00;21:35:00;258;19.84;87
E4S 56,780;20220416;21:35:00;21:40:00;259;19.70;97
E4S 56,780;20220416;21:40:00;21:45:00;260;19.58;79
E4S 56,780;20220416;21:45:00;21:50:00;261;20.16;78
E4S 56,780;20220416;21:50:00;21:55:00;262;20.51;101
E4S 56,780;20220416;21:55:00;22:00:00;263;20.30;79
E4S 56,780;20220416;22:00:00;22:05:00;264;20.19;77
E4S 56,780;20220416;22:05:00;22:10:00;265;20.49;95
E4S 56,780;20220416;22:10:00;22:15:00;266;20.48;74
E4S 56,780;20220416;22:15:00;22:20:00;267;21.55;83
E4S 56,780;20220416;22:20:00;22:25:00;268;19.56;58
E4S 56,780;20220416;22:25:00;22:30:00;269;19.43;64
E4S 56,780;20220416;22:30:00;22:35:00;270;19.77;75
E4S 56,780;20220416;22:35:00;22:40:00;271;20.54;49
E4S 56,780;20220416;22:40:00;22:45:00;272;20.15;57
E4S 56,780;20220416;22:45:00;22:50:00;273;19.77;58
E4S 56,780;20220416;22:50:00;22:55:00;274;19.81;56
E4S 56,780;20220416;22:55:00;23:00:00;275;21.27;59
E4S 56,780;20220416;23:00:00;23:05:00;276;20.02;48
E4S 56,780;20220416;23:05:00;23:10:00;277;19.62;56
E4S 56,780;20220416;23:10:00;23:15:00;278;19.80;57
E4S 56,780;20220416;23:15:00;23:20:00;279;20.07;60
E4S 56,780;20220416;23:20:00;23:25:00;280;20.03;38
E4S 56,780;20220416;23:25:00;23:30:00;281;20.91;47
E4S 56,780;20220416;23:30:00;23:35:00;282;20.15;46
E4S 56,780;20220416;23:35:00;23:40:00;283;20.91;46
E4S 56,780;20220416;23:40:00;23:45:00;284;19.91;41
E4S 56,780;20220416;23:45:00;23:50:00;285;22.00;53
E4S 56,780;20220416;23:50:00;23:55:00;286;19.38;36
E4S 56,780;20220416;23:55:00;24:00:00;287;20.31;52
E4S 56,780;20220418;00:00:00;00:05:00;0;21.92;32
E4S 56,780;20220418;00:05:00;00:10:00;1;21.31;30
E4S 56,780;20220418;00:10:00;00:15:00;2;20.82;31
E4S 56,780;20220418;00:15:00;00:20:00;3;20.02;22
E4S 56,780;20220418;00:20:00;00:25:00;4;20.18;36
E4S 56,780;20220418;00:25:00;00:30:00;5;20.92;29
E4S 56,780;20220418;00:30:00;00:35:00;6;23.08;26
E4S 56,780;20220418;00:35:00;00:40:00;7;19.65;29
E4S 56,780;20220418;00:40:00;00:45:00;8;21.16;25
E4S 56,780;20220418;00:45:00;00:50:00;9;19.79;22
E4S 56,780;20220418;00:50:00;00:55:00;10;22.43;14
E4S 56,780;20220418;00:55:00;01:00:00;11;22.39;14
E4S 56,780;20220418;01:00:00;01:05:00;12;21.44;24
E4S 56,780;20220418;01:05:00;01:10:00;13;20.15;14
E4S 56,780;20220418;01:10:00;01:15:00;14;20.44;12
E4S 56,780;20220418;01:15:00;01:20:00;15;18.47;14
E4S 56,780;20220418;01:20:00;01:25:00;16;20.39;14
E4S 56,780;20220418;01:25:00;01:30:00;17;20.92;24
E4S 56,780;20220418;01:30:00;01:35:00;18;21.22;11
E4S 56,780;20220418;01:35:00;01:40:00;19;21.30;18
E4S 56,780;20220418;01:40:00;01:45:00;20;20.41;17
E4S 56,780;20220418;01:45:00;01:50:00;21;21.14;12
E4S 56,780;20220418;01:50:00;01:55:00;22;20.11;17
E4S 56,780;20220418;01:55:00;02:00:00;23;20.38;22
E4S 56,780;20220418;02:00:00;02:05:00;24;21.46;18
E4S 56,780;20220418;02:05:00;02:10:00;25;20.39;13
E4S 56,780;20220418;02:10:00;02:15:00;26;21.85;12
E4S 56,780;20220418;02:15:00;02:20:00;27;20.80;14
E4S 56,780;20220418;02:20:00;02:25:00;28;21.01;23
E4S 56,780;20220418;02:25:00;02:30:00;29;21.17;9
E4S 56,780;20220418;02:30:00;02:35:00;30;20.85;27
E4S 56,780;20220418;02:35:00;02:40:00;31;19.72;19
E4S 56,780;20220418;02:40:00;02:45:00;32;19.54;14
E4S 56,780;20220418;02:45:00;02:50:00;33;20.50;16
E4S 56,780;20220418;02:50:00;02:55:00;34;21.29;25
E4S 56,780;20220418;02:55:00;03:00:00;35;21.05;36
E4S 56,780;20220418;03:00:00;03:05:00;36;20.28;28
E4S 56,780;20220418;03:05:00;03:10:00;37;20.72;18
E4S 56,780;20220418;03:10:00;03:15:00;38;20.51;23
E4S 56,780;20220418;03:15:00;03:20:00;39;23.48;20
E4S 56,780;20220418;03:20:00;03:25:00;40;22.03;32
E4S 56,780;20220418;03:25:00;03:30:00;41;21.00;34
E4S 56,780;20220418;03:30:00;03:35:00;42;20.98;38
E4S 56,780;20220418;03:35:00;03:40:00;43;20.11;39
E4S 56,780;20220418;03:40:00;03:45:00;44;20.92;39
E4S 56,780;20220418;03:45:00;03:50:00;45;20.21;32
E4S 56,780;20220418;03:50:00;03:55:00;46;20.69;31
E4S 56,780;20220418;03:55:00;04:00:00;47;20.87;38
E4S 56,780;20220418;04:00:00;04:05:00;48;20.25;42
E4S 56,780;20220418;04:05:00;04:10:00;49;21.27;39
E4S 56,780;20220418;04:10:00;04:15:00;50;21.87;39
E4S 56,780;20220418;04:15:00;04:20:00;51;20.09;52
E4S 56,780;20220418;04:20:00;04:25:00;52;21.11;55
E4S 56,780;20220418;04:25:00;04:30:00;53;20.96;71
E4S 56,780;20220418;04:30:00;04:35:00;54;22.49;61
E4S 56,780;20220418;04:35:00;04:40:00;55;21.68;40
E4S 56,780;20220418;04:40:00;04:45:00;56;20.40;50
E4S 56,780;20220418;04:45:00;04:50:00;57;21.52;62
E4S 56,780;20220418;04:50:00;04:55:00;58;22.73;58
E4S 56,780;20220418;04:55:00;05:00:00;59;21.44;55
E4S 56,780;20220418;05:00:00;05:05:00;60;21.41;52
E4S 56,780;20220418;05:05:00;05:10:00;61;21.31;39
E4S 56,780;20220418;05:10:00;05:15:00;62;21.30;61
E4S 56,780;20220418;05:15:00;05:20:00;63;21.61;54
E4S 56,780;20220418;05:20:00;05:25:00;64;21.15;59
E4S 56,780;20220418;05:25:00;05:30:00;65;21.54;76
E4S 56,780;20220418;05:30:00;05:35:00;66;20.38;82
E4S 56,780;20220418;05:35:00;05:40:00;67;20.95;97
E4S 56,780;20220418;05:40:00;05:45:00;68;20.79;93
E4S 56,780;20220418;05:45:00;05:50:00;69;20.41;82
E4S 56,780;20220418;05:50:00;05:55:00;70;20.81;70
E4S 56,780;20220418;05:55:00;06:00:00;71;20.47;64
E4S 56,780;20220418;06:00:00;06:05:00;72;21.25;71
E4S 56,780;20220418;06:05:00;06:10:00;73;21.76;67
E4S 56,780;20220418;06:10:00;06:15:00;74;21.90;52
E4S 56,780;20220418;06:15:00;06:20:00;75;20.70;84
E4S 56,780;20220418;06:20:00;06:25:00;76;20.48;108
E4S 56,780;20220418;06:25:00;06:30:00;77;20.92;90
E4S 56,780;20220418;06:30:00;06:35:00;78;20.67;89
E4S 56,780;20220418;06:35:00;06:40:00;79;20.98;113
E4S 56,780;20220418;06:40:00;06:45:00;80;21.13;92
E4S 56,780;20220418;06:45:00;06:50:00;81;21.09;112
E4S 56,780;20220418;06:50:00;06:55:00;82;21.17;115
E4S 56,780;20220418;06:55:00;07:00:00;83;20.63;107
E4S 56,780;20220418;07:00:00;07:05:00;84;20.60;101
E4S 56,780;20220418;07:05:00;07:10:00;85;20.40;117
E4S 56,780;20220418;07:10:00;07:15:00;86;21.09;130
E4S 56,780;20220418;07:15:00;07:20:00;87;20.32;127
E4S 56,780;20220418;07:20:00;07:25:00;88;20.59;157
E4S 56,780;20220418;07:25:00;07:30:00;89;20.26;144
E4S 56,780;20220418;07:30:00;07:35:00;90;20.25;168
E4S 56,780;20220418;07:35:00;07:40:00;91;20.00;170
E4S 56,780;20220418;07:40:00;07:45:00;92;20.45;141
E4S 56,780;20220418;07:45:00;07:50:00;93;19.97;151
E4S 56,780;20220418;07:50:00;07:55:00;94;19.48;162
E4S 56,780;20220418;07:55:00;08:00:00;95;19.60;178
E4S 56,780;20220418;08:00:00;08:05:00;96;19.92;193
E4S 56,780;20220418;08:05:00;08:10:00;97;20.07;167
E4S 56,780;20220418;08:10:00;08:15:00;98;19.54;197
E4S 56,780;20220418;08:15:00;08:20:00;99;19.78;176
E4S 56,780;20220418;08:20:00;08:25:00;100;19.36;202
E4S 56,780;20220418;08:25:00;08:30:00;101;18.61;257
E4S 56,780;20220418;08:30:00;08:35:00;102;18.78;181
E4S 56,780;20220418;08:35:00;08:40:00;103;18.62;198
E4S 56,780;20220418;08:40:00;08:45:00;104;18.96;226
E4S 56,780;20220418;08:45:00;08:50:00;105;18.59;228
E4S 56,780;20220418;08:50:00;08:55:00;106;18.44;217
E4S 56,780;20220418;08:55:00;09:00:00;107;15.40;355
E4S 56,780;20220418;09:00:00;09:05:00;108;18.27;276
E4S 56,780;20220418;09:05:00;09:10:00;109;19.14;220
E4S 56,780;20220418;09:10:00;09:15:00;110;18.37;229
E4S 56,780;20220418;09:15:00;09:20:00;111;18.68;271
E4S 56,780;20220418;09:20:00;09:25:00;112;18.97;257
E4S 56,780;20220418;09:25:00;09:30:00;113;18.95;247
E4S 56,780;20220418;09:30:00;09:35:00;114;18.93;273
E4S 56,780;20220418;09:35:00;09:40:00;115;18.44;283
E4S 56,780;20220418;09:40:00;09:45:00;116;18.87;232
E4S 56,780;20220418;09:45:00;09:50:00;117;18.19;261
E4S 56,780;20220418;09:50:00;09:55:00;118;18.75;277
E4S 56,780;20220418;09:55:00;10:00:00;119;18.55;265
E4S 56,780;20220418;10:00:00;10:05:00;120;18.27;289
E4S 56,780;20220418;10:05:00;10:10:00;121;18.44;284
E4S 56,780;20220418;10:10:00;10:15:00;122;18.38;258
E4S 56,780;20220418;10:15:00;10:20:00;123;18.78;263
E4S 56,780;20220418;10:20:00;10:25:00;124;18.75;274
E4S 56,780;20220418;10:25:00;10:30:00;125;18.63;264
E4S 56,780;20220418;10:30:00;10:35:00;126;18.13;301
E4S 56,780;20220418;10:35:00;10:40:00;127;18.02;295
E4S 56,780;20220418;10:40:00;10:45:00;128;18.63;283
E4S 56,780;20220418;10:45:00;10:50:00;129;18.42;289
E4S 56,780;20220418;10:50:00;10:55:00;130;18.49;283
E4S 56,780;20220418;10:55:00;11:00:00;131;17.96;294
E4S 56,780;20220418;11:00:00;11:05:00;132;18.05;282
E4S 56,780;20220418;11:05:00;11:10:00;133;17.92;291
E4S 56,780;20220418;11:10:00;11:15:00;134;17.90;271
E4S 56,780;20220418;11:15:00;11:20:00;135;18.40;264
E4S 56,780;20220418;11:20:00;11:25:00;136;17.78;306
E4S 56,780;20220418;11:25:00;11:30:00;137;18.09;302
E4S 56,780;20220418;11:30:00;11:35:00;138;18.42;282
E4S 56,780;20220418;11:35:00;11:40:00;139;18.42;259
E4S 56,780;20220418;11:40:00;11:45:00;140;18.15;305
E4S 56,780;20220418;11:45:00;11:50:00;141;17.54;324
E4S 56,780;20220418;11:50:00;11:55:00;142;18.22;316
E4S 56,780;20220418;11:55:00;12:00:00;143;18.44;249
E4S 56,780;20220418;12:00:00;12:05:00;144;18.61;289
E4S 56,780;20220418;12:05:00;12:10:00;145;17.88;316
E4S 56,780;20220418;12:10:00;12:15:00;146;18.11;318
E4S 56,780;20220418;12:15:00;12:20:00;147;18.17;279
E4S 56,780;20220418;12:20:00;12:25:00;148;18.11;252
E4S 56,780;20220418;12:25:00;12:30:00;149;18.26;274
E4S 56,780;20220418;12:30:00;12:35:00;150;18.65;275
E4S 56,780;20220418;12:35:00;12:40:00;151;18.29;276
E4S 56,780;20220418;12:40:00;12:45:00;152;18.15;300
E4S 56,780;20220418;12:45:00;12:50:00;153;18.17;301
E4S 56,780;20220418;12:50:00;12:55:00;154;18.59;286
E4S 56,780;20220418;12:55:00;13:00:00;155;17.87;255
E4S 56,780;20220418;13:00:00;13:05:00;156;17.75;351
E4S 56,780;20220418;13:05:00;13:10:00;157;17.72;316
E4S 56,780;20220418;13:10:00;13:15:00;158;17.97;273
E4S 56,780;20220418;13:15:00;13:20:00;159;18.11;285
E4S 56,780;20220418;13:20:00;13:25:00;160;18.02;266
E4S 56,780;20220418;13:25:00;13:30:00;161;17.36;286
E4S 56,780;20220418;13:30:00;13:35:00;162;18.28;263
E4S 56,780;20220418;13:35:00;13:40:00;163;18.71;273
E4S 56,780;20220418;13:40:00;13:45:00;164;18.01;249
E4S 56,780;20220418;13:45:00;13:50:00;165;18.06;263
E4S 56,780;20220418;13:50:00;13:55:00;166;18.14;294
E4S 56,780;20220418;13:55:00;14:00:00;167;18.38;304
E4S 56,780;20220418;14:00:00;14:05:00;168;17.88;292
E4S 56,780;20220418;14:05:00;14:10:00;169;18.17;273
E4S 56,780;20220418;14:10:00;14:15:00;170;18.03;257
E4S 56,780;20220418;14:15:00;14:20:00;171;17.91;277
E4S 56,780;20220418;14:20:00;14:25:00;172;17.76;266
E4S 56,780;20220418;14:25:00;14:30:00;173;18.17;265
E4S 56,780;20220418;14:30:00;14:35:00;174;18.19;277
E4S 56,780;20220418;14:35:00;14:40:00;175;17.79;278
E4S 56,780;20220418;14:40:00;14:45:00;176;17.98;277
E4S 56,780;20220418;14:45:00;14:50:00;177;17.85;286
E4S 56,780;20220418;14:50:00;14:55:00;178;17.70;300
E4S 56,780;20220418;14:55:00;15:00:00;179;17.47;297
E4S 56,780;20220418;15:00:00;15:05:00;180;18.16;282
E4S 56,780;20220418;15:05:00;15:10:00;181;18.21;267
E4S 56,780;20220418;15:10:00;15:15:00;182;17.86;309
E4S 56,780;20220418;15:15:00;15:20:00;183;18.63;280
E4S 56,780;20220418;15:20:00;15:25:00;184;18.34;252
E4S 56,780;20220418;15:25:00;15:30:00;185;18.16;251
E4S 56,780;20220418;15:30:00;15:35:00;186;17.96;243
E4S 56,780;20220418;15:35:00;15:40:00;187;17.94;254
E4S 56,780;20220418;15:40:00;15:45:00;188;17.87;278
E4S 56,780;20220418;15:45:00;15:50:00;189;18.11;279
E4S 56,780;20220418;15:50:00;15:55:00;190;17.81;294
E4S 56,780;20220418;15:55:00;16:00:00;191;18.21;263
E4S 56,780;20220418;16:00:00;16:05:00;192;18.24;271
E4S 56,780;20220418;16:05:00;16:10:00;193;17.92;273
E4S 56,780;20220418;16:10:00;16:15:00;194;19.60;239
E4S 56,780;20220418;16:15:00;16:20:00;195;18.35;251
E4S 56,780;20220418;16:20:00;16:25:00;196;18.40;277
E4S 56,780;20220418;16:25:00;16:30:00;197;18.38;254
E4S 56,780;20220418;16:30:00;16:35:00;198;17.62;278
E4S 56,780;20220418;16:35:00;16:40:00;199;18.06;269
E4S 56,780;20220418;16:40:00;16:45:00;200;18.64;258
E4S 56,780;20220418;16:45:00;16:50:00;201;18.31;258
E4S 56,780;20220418;16:50:00;16:55:00;202;18.46;250
E4S 56,780;20220418;16:55:00;17:00:00;203;18.15;289
E4S 56,780;20220418;17:00:00;17:05:00;204;18.17;250
E4S 56,780;20220418;17:05:00;17:10:00;205;18.46;261
E4S 56,780;20220418;17:10:00;17:15:00;206;18.43;239
E4S 56,780;20220418;17:15:00;17:20:00;207;18.76;237
E4S 56,780;20220418;17:20:00;17:25:00;208;18.53;243
E4S 56,780;20220418;17:25:00;17:30:00;209;19.20;235
E4S 56,780;20220418;17:30:00;17:35:00;210;18.62;220
E4S 56,780;20220418;17:35:00;17:40:00;211;18.83;228
E4S 56,780;20220418;17:40:00;17:45:00;212;18.87;217
E4S 56,780;20220418;17:45:00;17:50:00;213;19.18;206
E4S 56,780;20220418;17:50:00;17:55:00;214;18.18;218
E4S 56,780;20220418;17:55:00;18:00:00;215;18.79;230
E4S 56,780;20220418;18:00:00;18:05:00;216;18.41;241
E4S 56,780;20220418;18:05:00;18:10:00;217;18.52;220
E4S 56,780;20220418;18:10:00;18:15:00;218;19.28;219
E4S 56,780;20220418;18:15:00;18:20:00;219;18.74;206
E4S 56,780;20220418;18:20:00;18:25:00;220;18.41;250
E4S 56,780;20220418;18:25:00;18:30:00;221;18.71;206
E4S 56,780;20220418;18:30:00;18:35:00;222;18.75;189
E4S 56,780;20220418;18:35:00;18:40:00;223;18.47;199
E4S 56,780;20220418;18:40:00;18:45:00;224;18.07;177
E4S 56,780;20220418;18:45:00;18:50:00;225;18.66;203
E4S 56,780;20220418;18:50:00;18:55:00;226;18.81;188
E4S 56,780;20220418;18:55:00;19:00:00;227;19.04;184
E4S 56,780;20220418;19:00:00;19:05:00;228;19.08;158
E4S 56,780;20220418;19:05:00;19:10:00;229;19.14;187
E4S 56,780;20220418;19:10:00;19:15:00;230;19.38;176
E4S 56,780;20220418;19:15:00;19:20:00;231;19.13;191
E4S 56,780;20220418;19:20:00;19:25:00;232;18.99;189
E4S 56,780;20220418;19:25:00;19:30:00;233;19.27;160
E4S 56,780;20220418;19:30:00;19:35:00;234;19.52;153
E4S 56,780;20220418;19:35:00;19:40:00;235;19.25;162
E4S 56,780;20220418;19:40:00;19:45:00;236;19.80;156
E4S 56,780;20220418;19:45:00;19:50:00;237;19.46;158
E4S 56,780;20220418;19:50:00;19:55:00;238;18.74;139
E4S 56,780;20220418;19:55:00;20:00:00;239;19.74;113
E4S 56,780;20220418;20:00:00;20:05:00;240;19.14;107
E4S 56,780;20220418;20:05:00;20:10:00;241;19.12;119
E4S 56,780;20220418;20:10:00;20:15:00;242;19.36;135
E4S 56,780;20220418;20:15:00;20:20:00;243;19.22;135
E4S 56,780;20220418;20:20:00;20:25:00;244;19.63;105
E4S 56,780;20220418;20:25:00;20:30:00;245;19.28;109
E4S 56,780;20220418;20:30:00;20:35:00;246;20.35;77
E4S 56,780;20220418;20:35:00;20:40:00;247;20.02;101
E4S 56,780;20220418;20:40:00;20:45:00;248;19.80;86
E4S 56,780;20220418;20:45:00;20:50:00;249;19.56;90
E4S 56,780;20220418;20:50:00;20:55:00;250;19.65;77
E4S 56,780;20220418;20:55:00;21:00:00;251;21.03;70
E4S 56,780;20220418;21:00:00;21:05:00;252;20.69;67
E4S 56,780;20220418;21:05:00;21:10:00;253;19.57;70
E4S 56,780;20220418;21:10:00;21:15:00;254;20.25;66
E4S 56,780;20220418;21:15:00;21:20:00;255;20.18;80
E4S 56,780;20220418;21:20:00;21:25:00;256;20.09;66
E4S 56,780;20220418;21:25:00;21:30:00;257;19.49;62
E4S 56,780;20220418;21:30:00;21:35:00;258;19.97;47
E4S 56,780;20220418;21:35:00;21:40:00;259;20.65;35
E4S 56,780;20220418;21:40:00;21:45:00;260;19.75;55
E4S 56,780;20220418;21:45:00;21:50:00;261;19.54;49
E4S 56,780;20220418;21:50:00;21:55:00;262;19.20;50
E4S 56,780;20220418;21:55:00;22:00:00;263;20.40;49
E4S 56,780;20220418;22:00:00;22:05:00;264;20.25;37
E4S 56,780;20220418;22:05:00;22:10:00;265;20.10;45
E4S 56,780;20220418;22:10:00;22:15:00;266;20.18;28
E4S 56,780;20220418;22:15:00;22:20:00;267;20.14;39
E4S 56,780;20220418;22:20:00;22:25:00;268;20.13;33
E4S 56,780;20220418;22:25:00;22:30:00;269;19.97;40
E4S 56,780;20220418;22:30:00;22:35:00;270;20.50;21
E4S 56,780;20220418;22:35:00;22:40:00;271;20.35;35
E4S 56,780;20220418;22:40:00;22:45:00;272;20.91;40
E4S 56,780;20220418;22:45:00;22:50:00;273;20.34;34
E4S 56,780;20220418;22:50:00;22:55:00;274;21.01;39
E4S 56,780;20220418;22:55:00;23:00:00;275;20.48;34
E4S 56,780;20220418;23:00:00;23:05:00;276;20.25;24
E4S 56,780;20220418;23:05:00;23:10:00;277;19.73;26
E4S 56,780;20220418;23:10:00;23:15:00;278;20.46;28
E4S 56,780;20220418;23:15:00;23:20:00;279;20.81;28
E4S 56,780;20220418;23:20:00;23:25:00;280;19.83;41
E4S 56,780;20220418;23:25:00;23:30:00;281;20.07;20
E4S 56,780;20220418;23:30:00;23:35:00;282;20.96;28
E4S 56,780;20220418;23:35:00;23:40:00;283;20.49;34
E4S 56,780;20220418;23:40:00;23:45:00;284;19.73;26
E4S 56,780;20220418;23:45:00;23:50:00;285;19.90;30
E4S 56,780;20220418;23:50:00;23:55:00;286;19.37;18
E4S 56,780;20220418;23:55:00;24:00:00;287;20.34;20
E4S 56,780;20220421;00:00:00;00:05:00;0;21.01;23
E4S 56,780;20220421;00:05:00;00:10:00;1;20.20;27
E4S 56,780;20220421;00:10:00;00:15:00;2;20.55;19
E4S 56,780;20220421;00:15:00;00:20:00;3;21.03;13
E4S 56,780;20220421;00:20:00;00:25:00;4;20.79;14
E4S 56,780;20220421;00:25:00;00:30:00;5;21.62;26
E4S 56,780;20220421;00:30:00;00:35:00;6;20.27;23
E4S 56,780;20220421;00:35:00;00:40:00;7;20.37;11
E4S 56,780;20220421;00:40:00;00:45:00;8;21.67;15
E4S 56,780;20220421;00:45:00;00:50:00;9;19.80;15
E4S 56,780;20220421;00:50:00;00:55:00;10;20.39;20
E4S 56,780;20220421;00:55:00;01:00:00;11;20.33;9
E4S 56,780;20220421;01:00:00;01:05:00;12;22.14;16
E4S 56,780;20220421;01:05:00;01:10:00;13;20.53;20
E4S 56,780;20220421;01:10:00;01:15:00;14;20.36;20
E4S 56,780;20220421;01:15:00;01:20:00;15;19.94;18
E4S 56,780;20220421;01:20:00;01:25:00;16;19.97;21
E4S 56,780;20220421;01:25:00;01:30:00;17;19.97;17
E4S 56,780;20220421;01:30:00;01:35:00;18;22.04;21
E4S 56,780;20220421;01:35:00;01:40:00;19;20.09;24
E4S 56,780;20220421;01:40:00;01:45:00;20;20.64;21
E4S 56,780;20220421;01:45:00;01:50:00;21;19.69;19
E4S 56,780;20220421;01:50:00;01:55:00;22;20.35;22
E4S 56,780;20220421;01:55:00;02:00:00;23;21.46;20
E4S 56,780;20220421;02:00:00;02:05:00;24;20.07;19
E4S 56,780;20220421;02:05:00;02:10:00;25;20.03;14
E4S 56,780;20220421;02:10:00;02:15:00;26;19.97;27
E4S 56,780;20220421;02:15:00;02:20:00;27;20.88;35
E4S 56,780;20220421;02:20:00;02:25:00;28;19.84;28
E4S 56,780;20220421;02:25:00;02:30:00;29;21.11;31
E4S 56,780;20220421;02:30:00;02:35:00;30;21.57;29
E4S 56,780;20220421;02:35:00;02:40:00;31;20.71;26
E4S 56,780;20220421;02:40:00;02:45:00;32;21.06;55
E4S 56,780;20220421;02:45:00;02:50:00;33;20.22;46
E4S 56,780;20220421;02:50:00;02:55:00;34;20.78;34
E4S 56,780;20220421;02:55:00;03:00:00;35;21.09;28
E4S 56,780;20220421;03:00:00;03:05:00;36;20.65;54
E4S 56,780;20220421;03:05:00;03:10:00;37;20.76;66
E4S 56,780;20220421;03:10:00;03:15:00;38;21.02;59
E4S 56,780;20220421;03:15:00;03:20:00;39;20.82;63
E4S 56,780;20220421;03:20:00;03:25:00;40;21.43;77
E4S 56,780;20220421;03:25:00;03:30:00;41;21.03;89
E4S 56,780;20220421;03:30:00;03:35:00;42;20.61;113
E4S 56,780;20220421;03:35:00;03:40:00;43;20.77;133
E4S 56,780;20220421;03:40:00;03:45:00;44;21.21;141
E4S 56,780;20220421;03:45:00;03:50:00;45;20.72;175
E4S 56,780;20220421;03:50:00;03:55:00;46;20.26;205
E4S 56,780;20220421;03:55:00;04:00:00;47;20.48;180
E4S 56,780;20220421;04:00:00;04:05:00;48;20.53;186
E4S 56,780;20220421;04:05:00;04:10:00;49;21.14;162
E4S 56,780;20220421;04:10:00;04:15:00;50;20.62;171
E4S 56,780;20220421;04:15:00;04:20:00;51;20.43;246
E4S 56,780;20220421;04:20:00;04:25:00;52;19.41;289
E4S 56,780;20220421;04:25:00;04:30:00;53;19.22;270
E4S 56,780;20220421;04:30:00;04:35:00;54;20.09;275
E4S 56,780;20220421;04:35:00;04:40:00;55;19.15;264
E4S 56,780;20220421;04:40:00;04:45:00;56;18.95;306
E4S 56,780;20220421;04:45:00;04:50:00;57;19.00;296
E4S 56,780;20220421;04:50:00;04:55:00;58;19.06;324
E4S 56,780;20220421;04:55:00;05:00:00;59;19.26;306
E4S 56,780;20220421;05:00:00;05:05:00;60;19.65;230
E4S 56,780;20220421;05:05:00;05:10:00;61;19.20;279
E4S 56,780;20220421;05:10:00;05:15:00;62;18.94;297
E4S 56,780;20220421;05:15:00;05:20:00;63;18.69;285
E4S 56,780;20220421;05:20:00;05:25:00;64;17.88;311
E4S 56,780;20220421;05:25:00;05:30:00;65;18.97;308
E4S 56,780;20220421;05:30:00;05:35:00;66;18.97;329
E4S 56,780;20220421;05:35:00;05:40:00;67;18.99;343
E4S 56,780;20220421;05:40:00;05:45:00;68;18.41;313
E4S 56,780;20220421;05:45:00;05:50:00;69;18.20;296
E4S 56,780;20220421;05:50:00;05:55:00;70;18.09;351
E4S 56,780;20220421;05:55:00;06:00:00;71;18.62;302
E4S 56,780;20220421;06:00:00;06:05:00;72;18.36;301
E4S 56,780;20220421;06:05:00;06:10:00;73;18.48;297
E4S 56,780;20220421;06:10:00;06:15:00;74;18.35;270
E4S 56,780;20220421;06:15:00;06:20:00;75;17.60;316
E4S 56,780;20220421;06:20:00;06:25:00;76;17.95;346
E4S 56,780;20220421;06:25:00;06:30:00;77;18.37;301
E4S 56,780;20220421;06:30:00;06:35:00;78;18.34;290
E4S 56,780;20220421;06:35:00;06:40:00;79;18.03;330
E4S 56,780;20220421;06:40:00;06:45:00;80;17.74;358
E4S 56,780;20220421;06:45:00;06:50:00;81;17.66;321
E4S 56,780;20220421;06:50:00;06:55:00;82;17.50;321
E4S 56,780;20220421;06:55:00;07:00:00;83;17.67;323
E4S 56,780;20220421;07:00:00;07:05:00;84;17.80;342
E4S 56,780;20220421;07:05:00;07:10:00;85;17.13;362
E4S 56,780;20220421;07:10:00;07:15:00;86;15.62;386
E4S 56,780;20220421;07:15:00;07:20:00;87;16.74;362
E4S 56,780;20220421;07:20:00;07:25:00;88;17.84;287
E4S 56,780;20220421;07:25:00;07:30:00;89;18.18;269
E4S 56,780;20220421;07:30:00;07:35:00;90;16.79;333
E4S 56,780;20220421;07:35:00;07:40:00;91;18.00;300
E4S 56,780;20220421;07:40:00;07:45:00;92;17.93;327
E4S 56,780;20220421;07:45:00;07:50:00;93;18.14;290
E4S 56,780;20220421;07:50:00;07:55:00;94;18.46;281
E4S 56,780;20220421;07:55:00;08:00:00;95;18.82;295
E4S 56,780;20220421;08:00:00;08:05:00;96;18.59;282
E4S 56,780;20220421;08:05:00;08:10:00;97;18.32;254
E4S 56,780;20220421;08:10:00;08:15:00;98;18.22;293
E4S 56,780;20220421;08:15:00;08:20:00;99;17.91;274
E4S 56,780;20220421;08:20:00;08:25:00;100;18.17;275
E4S 56,780;20220421;08:25:00;08:30:00;101;18.48;288
E4S 56,780;20220421;08:30:00;08:35:00;102;17.66;321
E4S 56,780;20220421;08:35:00;08:40:00;103;17.82;259
E4S 56,780;20220421;08:40:00;08:45:00;104;17.72;268
E4S 56,780;20220421;08:45:00;08:50:00;105;18.20;299
E4S 56,780;20220421;08:50:00;08:55:00;106;18.34;245
E4S 56,780;20220421;08:55:00;09:00:00;107;18.27;259
E4S 56,780;20220421;09:00:00;09:05:00;108;18.07;281
E4S 56,780;20220421;09:05:00;09:10:00;109;18.08;264
E4S 56,780;20220421;09:10:00;09:15:00;110;17.62;278
E4S 56,780;20220421;09:15:00;09:20:00;111;17.66;302
E4S 56,780;20220421;09:20:00;09:25:00;112;18.09;258
E4S 56,780;20220421;09:25:00;09:30:00;113;18.17;284
E4S 56,780;20220421;09:30:00;09:35:00;114;17.59;285
E4S 56,780;20220421;09:35:00;09:40:00;115;17.60;279
E4S 56,780;20220421;09:40:00;09:45:00;116;17.36;293
E4S 56,780;20220421;09:45:00;09:50:00;117;17.64;303
E4S 56,780;20220421;09:50:00;09:55:00;118;17.70;291
E4S 56,780;20220421;09:55:00;10:00:00;119;17.70;337
E4S 56,780;20220421;10:00:00;10:05:00;120;17.94;314
E4S 56,780;20220421;10:05:00;10:10:00;121;17.53;309
E4S 56,780;20220421;10:10:00;10:15:00;122;17.15;314
E4S 56,780;20220421;10:15:00;10:20:00;123;17.81;274
E4S 56,780;20220421;10:20:00;10:25:00;124;17.41;335
E4S 56,780;20220421;10:25:00;10:30:00;125;17.40;341
E4S 56,780;20220421;10:30:00;10:35:00;126;17.39;328
E4S 56,780;20220421;10:35:00;10:40:00;127;17.61;312
E4S 56,780;20220421;10:40:00;10:45:00;128;17.67;295
E4S 56,780;20220421;10:45:00;10:50:00;129;17.97;333
E4S 56,780;20220421;10:50:00;10:55:00;130;17.48;307
E4S 56,780;20220421;10:55:00;11:00:00;131;17.62;300
E4S 56,780;20220421;11:00:00;11:05:00;132;17.72;292
E4S 56,780;20220421;11:05:00;11:10:00;133;17.72;344
E4S 56,780;20220421;11:10:00;11:15:00;134;17.19;318
E4S 56,780;20220421;11:15:00;11:20:00;135;16.98;352
E4S 56,780;20220421;11:20:00;11:25:00;136;17.78;324
E4S 56,780;20220421;11:25:00;11:30:00;137;17.39;343
E4S 56,780;20220421;11:30:00;11:35:00;138;17.60;324
E4S 56,780;20220421;11:35:00;11:40:00;139;16.96;331
E4S 56,780;20220421;11:40:00;11:45:00;140;12.46;296
E4S 56,780;20220421;11:45:00;11:50:00;141;9.44;263
E4S 56,780;20220421;11:50:00;11:55:00;142;8.98;255
E4S 56,780;20220421;11:55:00;12:00:00;143;6.91;241
E4S 56,780;20220421;12:00:00;12:05:00;144;8.41;265
E4S 56,780;20220421;12:05:00;12:10:00;145;8.80;274
E4S 56,780;20220421;12:10:00;12:15:00;146;8.26;258
E4S 56,780;20220421;12:15:00;12:20:00;147;8.45;261
E4S 56,780;20220421;12:20:00;12:25:00;148;8.88;275
E4S 56,780;20220421;12:25:00;12:30:00;149;8.14;246
E4S 56,780;20220421;12:30:00;12:35:00;150;7.81;232
E4S 56,780;20220421;12:35:00;12:40:00;151;7.61;262
E4S 56,780;20220421;12:40:00;12:45:00;152;7.06;218
E4S 56,780;20220421;12:45:00;12:50:00;153;7.61;200
E4S 56,780;20220421;12:50:00;12:55:00;154;9.20;331
E4S 56,780;20220421;12:55:00;13:00:00;155;11.43;362
E4S 56,780;20220421;13:00:00;13:05:00;156;12.69;384
E4S 56,780;20220421;13:05:00;13:10:00;157;10.74;311
E4S 56,780;20220421;13:10:00;13:15:00;158;12.35;315
E4S 56,780;20220421;13:15:00;13:20:00;159;10.28;326
E4S 56,780;20220421;13:20:00;13:25:00;160;10.81;329
E4S 56,780;20220421;13:25:00;13:30:00;161;8.97;301
E4S 56,780;20220421;13:30:00;13:35:00;162;8.15;247
E4S 56,780;20220421;13:35:00;13:40:00;163;7.67;222
E4S 56,780;20220421;13:40:00;13:45:00;164;5.97;193
E4S 56,780;20220421;13:45:00;13:50:00;165;5.93;225
E4S 56,780;20220421;13:50:00;13:55:00;166;5.17;192
E4S 56,780;20220421;13:55:00;14:00:00;167;5.97;185
E4S 56,780;20220421;14:00:00;14:05:00;168;6.69;262
E4S 56,780;20220421;14:05:00;14:10:00;169;6.73;155
E4S 56,780;20220421;14:10:00;14:15:00;170;5.93;217
E4S 56,780;20220421;14:15:00;14:20:00;171;5.98;253
E4S 56,780;20220421;14:20:00;14:25:00;172;6.11;216
E4S 56,780;20220421;14:25:00;14:30:00;173;6.80;233
E4S 56,780;20220421;14:30:00;14:35:00;174;5.54;245
E4S 56,780;20220421;14:35:00;14:40:00;175;5.89;227
E4S 56,780;20220421;14:40:00;14:45:00;176;7.85;277
E4S 56,780;20220421;14:45:00;14:50:00;177;8.34;323
E4S 56,780;20220421;14:50:00;14:55:00;178;7.46;311
E4S 56,780;20220421;14:55:00;15:00:00;179;9.14;325
E4S 56,780;20220421;15:00:00;15:05:00;180;8.00;314
E4S 56,780;20220421;15:05:00;15:10:00;181;7.72;320
E4S 56,780;20220421;15:10:00;15:15:00;182;7.67;304
E4S 56,780;20220421;15:15:00;15:20:00;183;6.34;272
E4S 56,780;20220421;15:20:00;15:25:00;184;4.81;178
E4S 56,780;20220421;15:25:00;15:30:00;185;6.28;212
E4S 56,780;20220421;15:30:00;15:35:00;186;4.25;187
E4S 56,780;20220421;15:35:00;15:40:00;187;5.37;260
E4S 56,780;20220421;15:40:00;15:45:00;188;4.48;177
E4S 56,780;20220421;15:45:00;15:50:00;189;5.31;259
E4S 56,780;20220421;15:50:00;15:55:00;190;5.03;223
E4S 56,780;20220421;15:55:00;16:00:00;191;8.13;309
E4S 56,780;20220421;16:00:00;16:05:00;192;6.98;323
E4S 56,780;20220421;16:05:00;16:10:00;193;6.54;320
E4S 56,780;20220421;16:10:00;16:15:00;194;6.39;307
E4S 56,780;20220421;16:15:00;16:20:00;195;6.00;295
E4S 56,780;20220421;16:20:00;16:25:00;196;6.78;299
E4S 56,780;20220421;16:25:00;16:30:00;197;6.88;326
E4S 56,780;20220421;16:30:00;16:35:00;198;6.50;298
E4S 56,780;20220421;16:35:00;16:40:00;199;6.49;288
E4S 56,780;20220421;16:40:00;16:45:00;200;8.14;329
E4S 56,780;20220421;16:45:00;16:50:00;201;6.90;304
E4S 56,780;20220421;16:50:00;16:55:00;202;6.80;294
E4S 56,780;20220421;16:55:00;17:00:00;203;7.42;302
E4S 56,780;20220421;17:00:00;17:05:00;204;7.99;336
E4S 56,780;20220421;17:05:00;17:10:00;205;10.11;328
E4S 56,780;20220421;17:10:00;17:15:00;206;8.41;322
E4S 56,780;20220421;17:15:00;17:20:00;207;9.59;327
E4S 56,780;20220421;17:20:00;17:25:00;208;9.97;313
E4S 56,780;20220421;17:25:00;17:30:00;209;9.59;325
E4S 56,780;20220421;17:30:00;17:35:00;210;15.36;231
E4S 56,780;20220421;17:35:00;17:40:00;211;17.12;193
E4S 56,780;20220421;17:40:00;17:45:00;212;16.52;198
E4S 56,780;20220421;17:45:00;17:50:00;213;15.91;242
E4S 56,780;20220421;17:50:00;17:55:00;214;15.91;226
E4S 56,780;20220421;17:55:00;18:00:00;215;16.57;240
E4S 56,780;20220421;18:00:00;18:05:00;216;17.13;217
E4S 56,780;20220421;18:05:00;18:10:00;217;17.06;189
E4S 56,780;20220421;18:10:00;18:15:00;218;17.09;212
E4S 56,780;20220421;18:15:00;18:20:00;219;17.27;166
E4S 56,780;20220421;18:20:00;18:25:00;220;17.03;222
E4S 56,780;20220421;18:25:00;18:30:00;221;16.91;215
E4S 56,780;20220421;18:30:00;18:35:00;222;17.53;193
E4S 56,780;20220421;18:35:00;18:40:00;223;17.45;193
E4S 56,780;20220421;18:40:00;18:45:00;224;17.94;190
E4S 56,780;20220421;18:45:00;18:50:00;225;17.24;163
E4S 56,780;20220421;18:50:00;18:55:00;226;17.58;161
E4S 56,780;20220421;18:55:00;19:00:00;227;17.21;175
E4S 56,780;20220421;19:00:00;19:05:00;228;17.47;170
E4S 56,780;20220421;19:05:00;19:10:00;229;18.12;184
E4S 56,780;20220421;19:10:00;19:15:00;230;18.16;173
E4S 56,780;20220421;19:15:00;19:20:00;231;18.95;187
E4S 56,780;20220421;19:20:00;19:25:00;232;18.20;170
E4S 56,780;20220421;19:25:00;19:30:00;233;18.24;188
E4S 56,780;20220421;19:30:00;19:35:00;234;19.34;168
E4S 56,780;20220421;19:35:00;19:40:00;235;19.43;166
E4S 56,780;20220421;19:40:00;19:45:00;236;19.69;160
E4S 56,780;20220421;19:45:00;19:50:00;237;19.40;137
E4S 56,780;20220421;19:50:00;19:55:00;238;19.46;131
E4S 56,780;20220421;19:55:00;20:00:00;239;19.69;124
E4S 56,780;20220421;20:00:00;20:05:00;240;19.08;159
E4S 56,780;20220421;20:05:00;20:10:00;241;19.55;136
E4S 56,780;20220421;20:10:00;20:15:00;242;20.01;132
E4S 56,780;20220421;20:15:00;20:20:00;243;18.89;143
E4S 56,780;20220421;20:20:00;20:25:00;244;19.87;133
E4S 56,780;20220421;20:25:00;20:30:00;245;20.05;134
E4S 56,780;20220421;20:30:00;20:35:00;246;19.21;124
E4S 56,780;20220421;20:35:00;20:40:00;247;19.57;111
E4S 56,780;20220421;20:40:00;20:45:00;248;19.78;114
E4S 56,780;20220421;20:45:00;20:50:00;249;19.94;97
E4S 56,780;20220421;20:50:00;20:55:00;250;20.08;98
E4S 56,780;20220421;20:55:00;21:00:00;251;20.04;101
E4S 56,780;20220421;21:00:00;21:05:00;252;19.13;92
E4S 56,780;20220421;21:05:00;21:10:00;253;18.60;86
E4S 56,780;20220421;21:10:00;21:15:00;254;19.20;72
E4S 56,780;20220421;21:15:00;21:20:00;255;18.03;96
E4S 56,780;20220421;21:20:00;21:25:00;256;19.16;82
E4S 56,780;20220421;21:25:00;21:30:00;257;17.84;100
E4S 56,780;20220421;21:30:00;21:35:00;258;15.26;83
E4S 56,780;20220421;21:35:00;21:40:00;259;18.35;80
E4S 56,780;20220421;21:40:00;21:45:00;260;19.30;77
E4S 56,780;20220421;21:45:00;21:50:00;261;18.56;65
E4S 56,780;20220421;21:50:00;21:55:00;262;18.52;56
E4S 56,780;20220421;21:55:00;22:00:00;263;18.98;47
E4S 56,780;20220421;22:00:00;22:05:00;264;18.80;64
E4S 56,780;20220421;22:05:00;22:10:00;265;18.75;67
E4S 56,780;20220421;22:10:00;22:15:00;266;19.16;87
E4S 56,780;20220421;22:15:00;22:20:00;267;19.66;56
E4S 56,780;20220421;22:20:00;22:25:00;268;18.55;69
E4S 56,780;20220421;22:25:00;22:30:00;269;18.88;62
E4S 56,780;20220421;22:30:00;22:35:00;270;18.41;52
E4S 56,780;20220421;22:35:00;22:40:00;271;18.40;66
E4S 56,780;20220421;22:40:00;22:45:00;272;19.75;56
E4S 56,780;20220421;22:45:00;22:50:00;273;18.53;56
E4S 56,780;20220421;22:50:00;22:55:00;274;19.24;53
E4S 56,780;20220421;22:55:00;23:00:00;275;19.22;54
E4S 56,780;20220421;23:00:00;23:05:00;276;18.48;57
E4S 56,780;20220421;23:05:00;23:10:00;277;20.30;42
E4S 56,780;20220421;23:10:00;23:15:00;278;18.78;37
E4S 56,780;20220421;23:15:00;23:20:00;279;18.76;37
E4S 56,780;20220421;23:20:00;23:25:00;280;19.21;31
E4S 56,780;20220421;23:25:00;23:30:00;281;18.74;25
E4S 56,780;20220421;23:30:00;23:35:00;282;19.15;40
E4S 56,780;20220421;23:35:00;23:40:00;283;18.58;34
E4S 56,780;20220421;23:40:00;23:45:00;284;19.09;36
E4S 56,780;20220421;23:45:00;23:50:00;285;19.75;30
E4S 56,780;20220421;23:50:00;23:55:00;286;19.88;34
E4S 56,780;20220421;23:55:00;24:00:00;287;19.18;22
E4S 56,780;20220422;00:00:00;00:05:00;0;19.14;33
E4S 56,780;20220422;00:05:00;00:10:00;1;18.50;25
E4S 56,780;20220422;00:10:00;00:15:00;2;20.08;40
E4S 56,780;20220422;00:15:00;00:20:00;3;20.15;38
E4S 56,780;20220422;00:20:00;00:25:00;4;19.45;34
E4S 56,780;20220422;00:25:00;00:30:00;5;19.29;40
E4S 56,780;20220422;00:30:00;00:35:00;6;19.22;26
E4S 56,780;20220422;00:35:00;00:40:00;7;19.20;23
E4S 56,780;20220422;00:40:00;00:45:00;8;18.11;28
E4S 56,780;20220422;00:45:00;00:50:00;9;19.45;23
E4S 56,780;20220422;00:50:00;00:55:00;10;19.51;31
E4S 56,780;20220422;00:55:00;01:00:00;11;20.08;25
E4S 56,780;20220422;01:00:00;01:05:00;12;20.07;27
E4S 56,780;20220422;01:05:00;01:10:00;13;20.52;24
E4S 56,780;20220422;01:10:00;01:15:00;14;18.78;38
E4S 56,780;20220422;01:15:00;01:20:00;15;18.77;34
E4S 56,780;20220422;01:20:00;01:25:00;16;18.76;17
E4S 56,780;20220422;01:25:00;01:30:00;17;18.45;27
E4S 56,780;20220422;01:30:00;01:35:00;18;20.07;19
E4S 56,780;20220422;01:35:00;01:40:00;19;19.81;41
E4S 56,780;20220422;01:40:00;01:45:00;20;19.67;26
E4S 56,780;20220422;01:45:00;01:50:00;21;20.08;17
E4S 56,780;20220422;01:50:00;01:55:00;22;19.42;26
E4S 56,780;20220422;01:55:00;02:00:00;23;19.16;31
E4S 56,780;20220422;02:00:00;02:05:00;24;19.91;31
E4S 56,780;20220422;02:05:00;02:10:00;25;20.21;36
E4S 56,780;20220422;02:10:00;02:15:00;26;18.65;33
E4S 56,780;20220422;02:15:00;02:20:00;27;18.26;27
E4S 56,780;20220422;02:20:00;02:25:00;28;19.32;42
E4S 56,780;20220422;02:25:00;02:30:00;29;19.30;47
E4S 56,780;20220422;02:30:00;02:35:00;30;19.80;46
E4S 56,780;20220422;02:35:00;02:40:00;31;19.45;59
E4S 56,780;20220422;02:40:00;02:45:00;32;21.16;60
E4S 56,780;20220422;02:45:00;02:50:00;33;20.28;41
E4S 56,780;20220422;02:50:00;02:55:00;34;21.11;35
E4S 56,780;20220422;02:55:00;03:00:00;35;21.21;37
E4S 56,780;20220422;03:00:00;03:05:00;36;21.30;49
E4S 56,780;20220422;03:05:00;03:10:00;37;21.30;65
E4S 56,780;20220422;03:10:00;03:15:00;38;21.55;46
E4S 56,780;20220422;03:15:00;03:20:00;39;21.47;59
E4S 56,780;20220422;03:20:00;03:25:00;40;21.39;66
E4S 56,780;20220422;03:25:00;03:30:00;41;21.54;89
E4S 56,780;20220422;03:30:00;03:35:00;42;20.84;103
E4S 56,780;20220422;03:35:00;03:40:00;43;21.12;109
E4S 56,780;20220422;03:40:00;03:45:00;44;20.38;138
E4S 56,780;20220422;03:45:00;03:50:00;45;20.73;164
E4S 56,780;20220422;03:50:00;03:55:00;46;20.20;148
E4S 56,780;20220422;03:55:00;04:00:00;47;20.92;167
E4S 56,780;20220422;04:00:00;04:05:00;48;20.12;163
E4S 56,780;20220422;04:05:00;04:10:00;49;20.95;159
E4S 56,780;20220422;04:10:00;04:15:00;50;20.68;189
E4S 56,780;20220422;04:15:00;04:20:00;51;20.59;194
E4S 56,780;20220422;04:20:00;04:25:00;52;19.24;248
E4S 56,780;20220422;04:25:00;04:30:00;53;19.07;275
E4S 56,780;20220422;04:30:00;04:35:00;54;19.59;275
E4S 56,780;20220422;04:35:00;04:40:00;55;19.15;290
E4S 56,780;20220422;04:40:00;04:45:00;56;19.54;257
E4S 56,780;20220422;04:45:00;04:50:00;57;19.13;320
E4S 56,780;20220422;04:50:00;04:55:00;58;19.64;282
E4S 56,780;20220422;04:55:00;05:00:00;59;18.78;295
E4S 56,780;20220422;05:00:00;05:05:00;60;19.45;259
E4S 56,780;20220422;05:05:00;05:10:00;61;19.60;261
E4S 56,780;20220422;05:10:00;05:15:00;62;19.25;263
E4S 56,780;20220422;05:15:00;05:20:00;63;19.26;276
E4S 56,780;20220422;05:20:00;05:25:00;64;18.61;265
E4S 56,780;20220422;05:25:00;05:30:00;65;18.53;326
E4S 56,780;20220422;05:30:00;05:35:00;66;19.31;300
E4S 56,780;20220422;05:35:00;05:40:00;67;18.57;317
E4S 56,780;20220422;05:40:00;05:45:00;68;18.56;309
E4S 56,780;20220422;05:45:00;05:50:00;69;19.19;279
E4S 56,780;20220422;05:50:00;05:55:00;70;19.42;312
E4S 56,780;20220422;05:55:00;06:00:00;71;18.90;304
E4S 56,780;20220422;06:00:00;06:05:00;72;18.39;287
E4S 56,780;20220422;06:05:00;06:10:00;73;18.53;256
E4S 56,780;20220422;06:10:00;06:15:00;74;18.76;299
E4S 56,780;20220422;06:15:00;06:20:00;75;18.72;282
E4S 56,780;20220422;06:20:00;06:25:00;76;18.21;302
E4S 56,780;20220422;06:25:00;06:30:00;77;18.17;306
E4S 56,780;20220422;06:30:00;06:35:00;78;18.41;304
E4S 56,780;20220422;06:35:00;06:40:00;79;17.77;330
E4S 56,780;20220422;06:40:00;06:45:00;80;17.91;325
E4S 56,780;20220422;06:45:00;06:50:00;81;17.97;333
E4S 56,780;20220422;06:50:00;06:55:00;82;18.33;295
E4S 56,780;20220422;06:55:00;07:00:00;83;18.59;251
E4S 56,780;20220422;07:00:00;07:05:00;84;18.14;274
E4S 56,780;20220422;07:05:00;07:10:00;85;19.15;253
E4S 56,780;20220422;07:10:00;07:15:00;86;18.33;271
E4S 56,780;20220422;07:15:00;07:20:00;87;18.64;247
E4S 56,780;20220422;07:20:00;07:25:00;88;18.19;263
E4S 56,780;20220422;07:25:00;07:30:00;89;17.85;280
E4S 56,780;20220422;07:30:00;07:35:00;90;18.25;299
E4S 56,780;20220422;07:35:00;07:40:00;91;18.01;326
E4S 56,780;20220422;07:40:00;07:45:00;92;18.60;277
E4S 56,780;20220422;07:45:00;07:50:00;93;18.72;285
E4S 56,780;20220422;07:50:00;07:55:00;94;18.11;293
E4S 56,780;20220422;07:55:00;08:00:00;95;18.46;289
E4S 56,780;20220422;08:00:00;08:05:00;96;18.13;282
E4S 56,780;20220422;08:05:00;08:10:00;97;18.67;285
E4S 56,780;20220422;08:10:00;08:15:00;98;18.29;316
E4S 56,780;20220422;08:15:00;08:20:00;99;18.52;276
E4S 56,780;20220422;08:20:00;08:25:00;100;18.46;281
E4S 56,780;20220422;08:25:00;08:30:00;101;17.86;308
E4S 56,780;20220422;08:30:00;08:35:00;102;17.59;316
E4S 56,780;20220422;08:35:00;08:40:00;103;17.86;315
E4S 56,780;20220422;08:40:00;08:45:00;104;17.68;359
E4S 56,780;20220422;08:45:00;08:50:00;105;17.88;299
E4S 56,780;20220422;08:50:00;08:55:00;106;17.57;288
E4S 56,780;20220422;08:55:00;09:00:00;107;18.30;278
E4S 56,780;20220422;09:00:00;09:05:00;108;17.81;310
E4S 56,780;20220422;09:05:00;09:10:00;109;17.35;348
E4S 56,780;20220422;09:10:00;09:15:00;110;18.28;295
E4S 56,780;20220422;09:15:00;09:20:00;111;18.06;318
E4S 56,780;20220422;09:20:00;09:25:00;112;16.76;303
E4S 56,780;20220422;09:25:00;09:30:00;113;17.09;369
E4S 56,780;20220422;09:30:00;09:35:00;114;17.57;339
E4S 56,780;20220422;09:35:00;09:40:00;115;17.57;327
E4S 56,780;20220422;09:40:00;09:45:00;116;17.78;299
E4S 56,780;20220422;09:45:00;09:50:00;117;18.01;317
E4S 56,780;20220422;09:50:00;09:55:00;118;18.09;314
E4S 56,780;20220422;09:55:00;10:00:00;119;17.89;310
E4S 56,780;20220422;10:00:00;10:05:00;120;17.56;322
E4S 56,780;20220422;10:05:00;10:10:00;121;17.70;334
E4S 56,780;20220422;10:10:00;10:15:00;122;17.44;341
E4S 56,780;20220422;10:15:00;10:20:00;123;17.27;350
E4S 56,780;20220422;10:20:00;10:25:00;124;17.19;361
E4S 56,780;20220422;10:25:00;10:30:00;125;17.44;353
E4S 56,780;20220422;10:30:00;10:35:00;126;15.80;362
E4S 56,780;20220422;10:35:00;10:40:00;127;16.90;338
E4S 56,780;20220422;10:40:00;10:45:00;128;17.26;314
E4S 56,780;20220422;10:45:00;10:50:00;129;17.23;338
E4S 56,780;20220422;10:50:00;10:55:00;130;17.52;330
E4S 56,780;20220422;10:55:00;11:00:00;131;17.58;310
E4S 56,780;20220422;11:00:00;11:05:00;132;17.50;280
E4S 56,780;20220422;11:05:00;11:10:00;133;17.70;333
E4S 56,780;20220422;11:10:00;11:15:00;134;17.27;361
E4S 56,780;20220422;11:15:00;11:20:00;135;16.64;348
E4S 56,780;20220422;11:20:00;11:25:00;136;17.63;303
E4S 56,780;20220422;11:25:00;11:30:00;137;17.20;346
E4S 56,780;20220422;11:30:00;11:35:00;138;17.10;352
E4S 56,780;20220422;11:35:00;11:40:00;139;16.50;396
E4S 56,780;20220422;11:40:00;11:45:00;140;13.25;320
E4S 56,780;20220422;11:45:00;11:50:00;141;9.47;283
E4S 56,780;20220422;11:50:00;11:55:00;142;9.00;282
E4S 56,780;20220422;11:55:00;12:00:00;143;8.56;263
E4S 56,780;20220422;12:00:00;12:05:00;144;9.17;267
E4S 56,780;20220422;12:05:00;12:10:00;145;7.52;225
E4S 56,780;20220422;12:10:00;12:15:00;146;7.15;199
E4S 56,780;20220422;12:15:00;12:20:00;147;7.94;237
E4S 56,780;20220422;12:20:00;12:25:00;148;7.95;271
E4S 56,780;20220422;12:25:00;12:30:00;149;7.38;228
E4S 56,780;20220422;12:30:00;12:35:00;150;8.38;279
E4S 56,780;20220422;12:35:00;12:40:00;151;7.60;241
E4S 56,780;20220422;12:40:00;12:45:00;152;6.98;196
E4S 56,780;20220422;12:45:00;12:50:00;153;9.10;297
E4S 56,780;20220422;12:50:00;12:55:00;154;7.94;229
E4S 56,780;20220422;12:55:00;13:00:00;155;8.68;303
E4S 56,780;20220422;13:00:00;13:05:00;156;6.98;240
E4S 56,780;20220422;13:05:00;13:10:00;157;8.80;306
E4S 56,780;20220422;13:10:00;13:15:00;158;8.55;266
E4S 56,780;20220422;13:15:00;13:20:00;159;9.47;312
E4S 56,780;20220422;13:20:00;13:25:00;160;9.29;330
E4S 56,780;20220422;13:25:00;13:30:00;161;9.27;321
E4S 56,780;20220422;13:30:00;13:35:00;162;9.23;314
E4S 56,780;20220422;13:35:00;13:40:00;163;10.54;350
E4S 56,780;20220422;13:40:00;13:45:00;164;8.56;317
E4S 56,780;20220422;13:45:00;13:50:00;165;8.77;310
E4S 56,780;20220422;13:50:00;13:55:00;166;8.20;314
E4S 56,780;20220422;13:55:00;14:00:00;167;7.60;278
E4S 56,780;20220422;14:00:00;14:05:00;168;5.69;201
E4S 56,780;20220422;14:05:00;14:10:00;169;4.75;153
E4S 56,780;20220422;14:10:00;14:15:00;170;4.21;114
E4S 56,780;20220422;14:15:00;14:20:00;171;3.99;147
E4S 56,780;20220422;14:20:00;14:25:00;172;6.30;214
E4S 56,780;20220422;14:25:00;14:30:00;173;8.69;337
E4S 56,780;20220422;14:30:00;14:35:00;174;8.64;343
E4S 56,780;20220422;14:35:00;14:40:00;175;6.66;206
E4S 56,780;20220422;14:40:00;14:45:00;176;4.73;187
E4S 56,780;20220422;14:45:00;14:50:00;177;7.99;338
E4S 56,780;20220422;14:50:00;14:55:00;178;11.14;369
E4S 56,780;20220422;14:55:00;15:00:00;179;8.49;313
E4S 56,780;20220422;15:00:00;15:05:00;180;8.41;318
E4S 56,780;20220422;15:05:00;15:10:00;181;8.43;347
E4S 56,780;20220422;15:10:00;15:15:00;182;6.58;275
E4S 56,780;20220422;15:15:00;15:20:00;183;8.11;333
E4S 56,780;20220422;15:20:00;15:25:00;184;9.71;345
E4S 56,780;20220422;15:25:00;15:30:00;185;9.53;311
E4S 56,780;20220422;15:30:00;15:35:00;186;10.15;322
E4S 56,780;20220422;15:35:00;15:40:00;187;6.05;229
E4S 56,780;20220422;15:40:00;15:45:00;188;10.81;349
E4S 56,780;20220422;15:45:00;15:50:00;189;11.85;346
E4S 56,780;20220422;15:50:00;15:55:00;190;16.38;227
E4S 56,780;20220422;15:55:00;16:00:00;191;15.84;230
E4S 56,780;20220422;16:00:00;16:05:00;192;15.82;253
E4S 56,780;20220422;16:05:00;16:10:00;193;16.73;232
E4S 56,780;20220422;16:10:00;16:15:00;194;15.91;259
E4S 56,780;20220422;16:15:00;16:20:00;195;16.66;234
E4S 56,780;20220422;16:20:00;16:25:00;196;16.82;218
E4S 56,780;20220422;16:25:00;16:30:00;197;15.91;262
E4S 56,780;20220422;16:30:00;16:35:00;198;16.14;289
E4S 56,780;20220422;16:35:00;16:40:00;199;16.18;256
E4S 56,780;20220422;16:40:00;16:45:00;200;16.39;240
E4S 56,780;20220422;16:45:00;16:50:00;201;16.74;247
E4S 56,780;20220422;16:50:00;16:55:00;202;17.62;239
E4S 56,780;20220422;16:55:00;17:00:00;203;17.61;229
E4S 56,780;20220422;17:00:00;17:05:00;204;16.62;247
E4S 56,780;20220422;17:05:00;17:10:00;205;17.44;247
E4S 56,780;20220422;17:10:00;17:15:00;206;16.59;196
E4S 56,780;20220422;17:15:00;17:20:00;207;17.25;220
E4S 56,780;20220422;17:20:00;17:25:00;208;18.18;227
E4S 56,780;20220422;17:25:00;17:30:00;209;17.91;207
E4S 56,780;20220422;17:30:00;17:35:00;210;18.02;214
E4S 56,780;20220422;17:35:00;17:40:00;211;17.20;192
E4S 56,780;20220422;17:40:00;17:45:00;212;18.35;205
E4S 56,780;20220422;17:45:00;17:50:00;213;18.73;191
E4S 56,780;20220422;17:50:00;17:55:00;214;19.52;199
E4S 56,780;20220422;17:55:00;18:00:00;215;19.15;190
E4S 56,780;20220422;18:00:00;18:05:00;216;19.27;160
E4S 56,780;20220422;18:05:00;18:10:00;217;19.47;175
E4S 56,780;20220422;18:10:00;18:15:00;218;19.14;180
E4S 56,780;20220422;18:15:00;18:20:00;219;19.59;171
E4S 56,780;20220422;18:20:00;18:25:00;220;18.96;172
E4S 56,780;20220422;18:25:00;18:30:00;221;19.24;158
E4S 56,780;20220422;18:30:00;18:35:00;222;19.56;154
E4S 56,780;20220422;18:35:00;18:40:00;223;19.59;155
E4S 56,780;20220422;18:40:00;18:45:00;224;19.93;123
E4S 56,780;20220422;18:45:00;18:50:00;225;19.01;161
E4S 56,780;20220422;18:50:00;18:55:00;226;18.90;143
E4S 56,780;20220422;18:55:00;19:00:00;227;19.04;128
E4S 56,780;20220422;19:00:00;19:05:00;228;19.72;117
E4S 56,780;20220422;19:05:00;19:10:00;229;19.95;138
E4S 56,780;20220422;19:10:00;19:15:00;230;19.26;146
E4S 56,780;20220422;19:15:00;19:20:00;231;20.00;160
E4S 56,780;20220422;19:20:00;19:25:00;232;18.57;163
E4S 56,780;20220422;19:25:00;19:30:00;233;19.69;124
E4S 56,780;20220422;19:30:00;19:35:00;234;19.35;141
E4S 56,780;20220422;19:35:00;19:40:00;235;19.42;121
E4S 56,780;20220422;19:40:00;19:45:00;236;19.70;108
E4S 56,780;20220422;19:45:00;19:50:00;237;19.63;120
E4S 56,780;20220422;19:50:00;19:55:00;238;19.42;131
E4S 56,780;20220422;19:55:00;20:00:00;239;18.97;128
E4S 56,780;20220422;20:00:00;20:05:00;240;19.63;120
E4S 56,780;20220422;20:05:00;20:10:00;241;19.73;105
E4S 56,780;20220422;20:10:00;20:15:00;242;19.39;131
E4S 56,780;20220422;20:15:00;20:20:00;243;19.00;101
E4S 56,780;20220422;20:20:00;20:25:00;244;19.75;127
E4S 56,780;20220422;20:25:00;20:30:00;245;19.67;105
E4S 56,780;20220422;20:30:00;20:35:00;246;19.07;103
E4S 56,780;20220422;20:35:00;20:40:00;247;19.56;107
E4S 56,780;20220422;20:40:00;20:45:00;248;19.47;94
E4S 56,780;20220422;20:45:00;20:50:00;249;19.99;98
E4S 56,780;20220422;20:50:00;20:55:00;250;19.62;93
E4S 56,780;20220422;20:55:00;21:00:00;251;19.61;106
E4S 56,780;20220422;21:00:00;21:05:00;252;19.94;98
E4S 56,780;20220422;21:05:00;21:10:00;253;20.15;77
E4S 56,780;20220422;21:10:00;21:15:00;254;18.91;94
E4S 56,780;20220422;21:15:00;21:20:00;255;19.85;98
E4S 56,780;20220422;21:20:00;21:25:00;256;19.63;95
E4S 56,780;20220422;21:25:00;21:30:00;257;19.04;90
E4S 56,780;20220422;21:30:00;21:35:00;258;20.46;79
E4S 56,780;20220422;21:35:00;21:40:00;259;20.33;84
E4S 56,780;20220422;21:40:00;21:45:00;260;19.07;78
E4S 56,780;20220422;21:45:00;21:50:00;261;19.77;82
E4S 56,780;20220422;21:50:00;21:55:00;262;20.66;87
E4S 56,780;20220422;21:55:00;22:00:00;263;20.73;86
E4S 56,780;20220422;22:00:00;22:05:00;264;19.55;86
E4S 56,780;20220422;22:05:00;22:10:00;265;19.21;56
E4S 56,780;20220422;22:10:00;22:15:00;266;20.61;87
E4S 56,780;20220422;22:15:00;22:20:00;267;19.60;77
E4S 56,780;20220422;22:20:00;22:25:00;268;19.91;84
E4S 56,780;20220422;22:25:00;22:30:00;269;21.97;72
E4S 56,780;20220422;22:30:00;22:35:00;270;21.49;55
E4S 56,780;20220422;22:35:00;22:40:00;271;20.36;69
E4S 56,780;20220422;22:40:00;22:45:00;272;20.21;59
E4S 56,780;20220422;22:45:00;22:50:00;273;19.43;55
E4S 56,780;20220422;22:50:00;22:55:00;274;20.64;72
E4S 56,780;20220422;22:55:00;23:00:00;275;20.63;64
E4S 56,780;20220422;23:00:00;23:05:00;276;19.73;65
E4S 56,780;20220422;23:05:00;23:10:00;277;19.94;43
E4S 56,780;20220422;23:10:00;23:15:00;278;20.52;53
E4S 56,780;20220422;23:15:00;23:20:00;279;20.11;60
E4S 56,780;20220422;23:20:00;23:25:00;280;19.89;53
E4S 56,780;20220422;23:25:00;23:30:00;281;19.20;57
E4S 56,780;20220422;23:30:00;23:35:00;282;20.94;33
E4S 56,780;20220422;23:35:00;23:40:00;283;19.67;52
E4S 56,780;20220422;23:40:00;23:45:00;284;19.47;32
E4S 56,780;20220422;23:45:00;23:50:00;285;20.25;42
E4S 56,780;20220422;23:50:00;23:55:00;286;20.64;41
E4S 56,780;20220422;23:55:00;24:00:00;287;20.48;38
E4S 56,780;20220425;00:00:00;00:05:00;0;20.92;23
E4S 56,780;20220425;00:05:00;00:10:00;1;22.22;16
E4S 56,780;20220425;00:10:00;00:15:00;2;21.75;33
E4S 56,780;20220425;00:15:00;00:20:00;3;21.11;11
E4S 56,780;20220425;00:20:00;00:25:00;4;20.00;25
E4S 56,780;20220425;00:25:00;00:30:00;5;20.59;16
E4S 56,780;20220425;00:30:00;00:35:00;6;19.92;13
E4S 56,780;20220425;00:35:00;00:40:00;7;19.27;21
E4S 56,780;20220425;00:40:00;00:45:00;8;20.50;17
E4S 56,780;20220425;00:45:00;00:50:00;9;19.90;24
E4S 56,780;20220425;00:50:00;00:55:00;10;22.05;8
E4S 56,780;20220425;00:55:00;01:00:00;11;22.10;14
E4S 56,780;20220425;01:00:00;01:05:00;12;20.81;19
E4S 56,780;20220425;01:05:00;01:10:00;13;21.46;8
E4S 56,780;20220425;01:10:00;01:15:00;14;19.93;13
E4S 56,780;20220425;01:15:00;01:20:00;15;21.17;11
E4S 56,780;20220425;01:20:00;01:25:00;16;19.86;22
E4S 56,780;20220425;01:25:00;01:30:00;17;20.02;19
E4S 56,780;20220425;01:30:00;01:35:00;18;19.96;18
E4S 56,780;20220425;01:35:00;01:40:00;19;20.88;17
E4S 56,780;20220425;01:40:00;01:45:00;20;19.97;9
E4S 56,780;20220425;01:45:00;01:50:00;21;22.28;16
E4S 56,780;20220425;01:50:00;01:55:00;22;20.39;17
E4S 56,780;20220425;01:55:00;02:00:00;23;20.42;19
E4S 56,780;20220425;02:00:00;02:05:00;24;20.85;20
E4S 56,780;20220425;02:05:00;02:10:00;25;20.84;16
E4S 56,780;20220425;02:10:00;02:15:00;26;21.26;21
E4S 56,780;20220425;02:15:00;02:20:00;27;20.94;27
E4S 56,780;20220425;02:20:00;02:25:00;28;20.76;33
E4S 56,780;20220425;02:25:00;02:30:00;29;22.01;43
E4S 56,780;20220425;02:30:00;02:35:00;30;21.01;34
E4S 56,780;20220425;02:35:00;02:40:00;31;20.09;26
E4S 56,780;20220425;02:40:00;02:45:00;32;21.44;37
E4S 56,780;20220425;02:45:00;02:50:00;33;21.06;35
E4S 56,780;20220425;02:50:00;02:55:00;34;21.45;31
E4S 56,780;20220425;02:55:00;03:00:00;35;20.95;43
E4S 56,780;20220425;03:00:00;03:05:00;36;20.58;38
E4S 56,780;20220425;03:05:00;03:10:00;37;20.54;54
E4S 56,780;20220425;03:10:00;03:15:00;38;21.84;58
E4S 56,780;20220425;03:15:00;03:20:00;39;20.89;61
E4S 56,780;20220425;03:20:00;03:25:00;40;21.47;84
E4S 56,780;20220425;03:25:00;03:30:00;41;20.33;93
E4S 56,780;20220425;03:30:00;03:35:00;42;21.70;118
E4S 56,780;20220425;03:35:00;03:40:00;43;21.25;123
E4S 56,780;20220425;03:40:00;03:45:00;44;20.57;164
E4S 56,780;20220425;03:45:00;03:50:00;45;20.62;177
E4S 56,780;20220425;03:50:00;03:55:00;46;20.32;219
E4S 56,780;20220425;03:55:00;04:00:00;47;20.73;211
E4S 56,780;20220425;04:00:00;04:05:00;48;21.09;188
E4S 56,780;20220425;04:05:00;04:10:00;49;20.30;197
E4S 56,780;20220425;04:10:00;04:15:00;50;20.82;199
E4S 56,780;20220425;04:15:00;04:20:00;51;19.92;275
E4S 56,780;20220425;04:20:00;04:25:00;52;19.51;274
E4S 56,780;20220425;04:25:00;04:30:00;53;19.40;307
E4S 56,780;20220425;04:30:00;04:35:00;54;19.20;290
E4S 56,780;20220425;04:35:00;04:40:00;55;19.37;304
E4S 56,780;20220425;04:40:00;04:45:00;56;18.54;348
E4S 56,780;20220425;04:45:00;04:50:00;57;19.31;294
E4S 56,780;20220425;04:50:00;04:55:00;58;18.91;287
E4S 56,780;20220425;04:55:00;05:00:00;59;19.62;296
E4S 56,780;20220425;05:00:00;05:05:00;60;18.92;307
E4S 56,780;20220425;05:05:00;05:10:00;61;18.93;333
E4S 56,780;20220425;05:10:00;05:15:00;62;18.99;316
E4S 56,780;20220425;05:15:00;05:20:00;63;18.81;298
E4S 56,780;20220425;05:20:00;05:25:00;64;19.63;299
E4S 56,780;20220425;05:25:00;05:30:00;65;18.73;302
E4S 56,780;20220425;05:30:00;05:35:00;66;18.34;332
E4S 56,780;20220425;05:35:00;05:40:00;67;18.23;342
E4S 56,780;20220425;05:40:00;05:45:00;68;19.04;303
E4S 56,780;20220425;05:45:00;05:50:00;69;18.54;308
E4S 56,780;20220425;05:50:00;05:55:00;70;18.21;316
E4S 56,780;20220425;05:55:00;06:00:00;71;18.37;291
E4S 56,780;20220425;06:00:00;06:05:00;72;18.84;328
E4S 56,780;20220425;06:05:00;06:10:00;73;18.48;324
E4S 56,780;20220425;06:10:00;06:15:00;74;19.04;278
E4S 56,780;20220425;06:15:00;06:20:00;75;17.89;286
E4S 56,780;20220425;06:20:00;06:25:00;76;17.63;299
E4S 56,780;20220425;06:25:00;06:30:00;77;17.81;339
E4S 56,780;20220425;06:30:00;06:35:00;78;17.67;315
E4S 56,780;20220425;06:35:00;06:40:00;79;17.59;355
E4S 56,780;20220425;06:40:00;06:45:00;80;17.40;335
E4S 56,780;20220425;06:45:00;06:50:00;81;17.91;329
E4S 56,780;20220425;06:50:00;06:55:00;82;18.15;323
E4S 56,780;20220425;06:55:00;07:00:00;83;18.38;305
E4S 56,780;20220425;07:00:00;07:05:00;84;18.20;287
E4S 56,780;20220425;07:05:00;07:10:00;85;17.86;328
E4S 56,780;20220425;07:10:00;07:15:00;86;16.99;351
E4S 56,780;20220425;07:15:00;07:20:00;87;17.57;363
E4S 56,780;20220425;07:20:00;07:25:00;88;17.95;280
E4S 56,780;20220425;07:25:00;07:30:00;89;18.17;312
E4S 56,780;20220425;07:30:00;07:35:00;90;17.14;344
E4S 56,780;20220425;07:35:00;07:40:00;91;17.64;337
E4S 56,780;20220425;07:40:00;07:45:00;92;18.03;346
E4S 56,780;20220425;07:45:00;07:50:00;93;18.77;296
E4S 56,780;20220425;07:50:00;07:55:00;94;18.15;288
E4S 56,780;20220425;07:55:00;08:00:00;95;17.86;327
E4S 56,780;20220425;08:00:00;08:05:00;96;18.37;298
E4S 56,780;20220425;08:05:00;08:10:00;97;18.32;269
E4S 56,780;20220425;08:10:00;08:15:00;98;18.30;302
E4S 56,780;20220425;08:15:00;08:20:00;99;18.12;307
E4S 56,780;20220425;08:20:00;08:25:00;100;17.72;306
E4S 56,780;20220425;08:25:00;08:30:00;101;18.00;315
E4S 56,780;20220425;08:30:00;08:35:00;102;18.30;297
E4S 56,780;20220425;08:35:00;08:40:00;103;17.60;323
E4S 56,780;20220425;08:40:00;08:45:00;104;18.52;293
E4S 56,780;20220425;08:45:00;08:50:00;105;18.25;280
E4S 56,780;20220425;08:50:00;08:55:00;106;18.58;247
E4S 56,780;20220425;08:55:00;09:00:00;107;18.72;256
E4S 56,780;20220425;09:00:00;09:05:00;108;18.25;268
E4S 56,780;20220425;09:05:00;09:10:00;109;18.38;296
E4S 56,780;20220425;09:10:00;09:15:00;110;18.50;270
E4S 56,780;20220425;09:15:00;09:20:00;111;18.38;266
E4S 56,780;20220425;09:20:00;09:25:00;112;18.67;260
E4S 56,780;20220425;09:25:00;09:30:00;113;17.69;315
E4S 56,780;20220425;09:30:00;09:35:00;114;17.99;299
E4S 56,780;20220425;09:35:00;09:40:00;115;18.02;271
E4S 56,780;20220425;09:40:00;09:45:00;116;18.05;301
E4S 56,780;20220425;09:45:00;09:50:00;117;18.32;297
E4S 56,780;20220425;09:50:00;09:55:00;118;17.65;309
E4S 56,780;20220425;09:55:00;10:00:00;119;18.32;313
E4S 56,780;20220425;10:00:00;10:05:00;120;18.04;285
E4S 56,780;20220425;10:05:00;10:10:00;121;17.84;336
E4S 56,780;20220425;10:10:00;10:15:00;122;17.87;320
E4S 56,780;20220425;10:15:00;10:20:00;123;18.24;302
E4S 56,780;20220425;10:20:00;10:25:00;124;18.08;282
E4S 56,780;20220425;10:25:00;10:30:00;125;17.80;314
E4S 56,780;20220425;10:30:00;10:35:00;126;17.61;346
E4S 56,780;20220425;10:35:00;10:40:00;127;17.19;315
E4S 56,780;20220425;10:40:00;10:45:00;128;17.88;310
E4S 56,780;20220425;10:45:00;10:50:00;129;17.86;316
E4S 56,780;20220425;10:50:00;10:55:00;130;18.64;282
E4S 56,780;20220425;10:55:00;11:00:00;131;18.09;317
E4S 56,780;20220425;11:00:00;11:05:00;132;18.33;308
E4S 56,780;20220425;11:05:00;11:10:00;133;17.98;277
E4S 56,780;20220425;11:10:00;11:15:00;134;18.56;288
E4S 56,780;20220425;11:15:00;11:20:00;135;17.83;309
E4S 56,780;20220425;11:20:00;11:25:00;136;17.96;312
E4S 56,780;20220425;11:25:00;11:30:00;137;18.07;313
E4S 56,780;20220425;11:30:00;11:35:00;138;18.17;317
E4S 56,780;20220425;11:35:00;11:40:00;139;17.66;339
E4S 56,780;20220425;11:40:00;11:45:00;140;17.99;305
E4S 56,780;20220425;11:45:00;11:50:00;141;18.22;278
E4S 56,780;20220425;11:50:00;11:55:00;142;17.69;327
E4S 56,780;20220425;11:55:00;12:00:00;143;17.80;319
E4S 56,780;20220425;12:00:00;12:05:00;144;17.96;311
E4S 56,780;20220425;12:05:00;12:10:00;145;17.51;315
E4S 56,780;20220425;12:10:00;12:15:00;146;18.08;320
E4S 56,780;20220425;12:15:00;12:20:00;147;17.03;372
E4S 56,780;20220425;12:20:00;12:25:00;148;17.18;348
E4S 56,780;20220425;12:25:00;12:30:00;149;17.56;363
E4S 56,780;20220425;12:30:00;12:35:00;150;17.55;352
E4S 56,780;20220425;12:35:00;12:40:00;151;17.04;342
E4S 56,780;20220425;12:40:00;12:45:00;152;16.94;378
E4S 56,780;20220425;12:45:00;12:50:00;153;17.42;368
E4S 56,780;20220425;12:50:00;12:55:00;154;17.13;378
E4S 56,780;20220425;12:55:00;13:00:00;155;17.20;377
E4S 56,780;20220425;13:00:00;13:05:00;156;17.07;413
E4S 56,780;20220425;13:05:00;13:10:00;157;16.21;353
E4S 56,780;20220425;13:10:00;13:15:00;158;9.50;323
E4S 56,780;20220425;13:15:00;13:20:00;159;11.12;331
E4S 56,780;20220425;13:20:00;13:25:00;160;9.65;354
E4S 56,780;20220425;13:25:00;13:30:00;161;11.93;335
E4S 56,780;20220425;13:30:00;13:35:00;162;10.25;374
E4S 56,780;20220425;13:35:00;13:40:00;163;9.14;250
E4S 56,780;20220425;13:40:00;13:45:00;164;9.88;304
E4S 56,780;20220425;13:45:00;13:50:00;165;10.51;350
E4S 56,780;20220425;13:50:00;13:55:00;166;10.93;332
E4S 56,780;20220425;13:55:00;14:00:00;167;9.35;328
E4S 56,780;20220425;14:00:00;14:05:00;168;10.85;358
E4S 56,780;20220425;14:05:00;14:10:00;169;9.89;317
E4S 56,780;20220425;14:10:00;14:15:00;170;9.27;326
E4S 56,780;20220425;14:15:00;14:20:00;171;11.53;377
E4S 56,780;20220425;14:20:00;14:25:00;172;8.91;287
E4S 56,780;20220425;14:25:00;14:30:00;173;12.28;341
E4S 56,780;20220425;14:30:00;14:35:00;174;11.35;385
E4S 56,780;20220425;14:35:00;14:40:00;175;10.21;333
E4S 56,780;20220425;14:40:00;14:45:00;176;8.94;274
E4S 56,780;20220425;14:45:00;14:50:00;177;8.31;264
E4S 56,780;20220425;14:50:00;14:55:00;178;11.19;343
E4S 56,780;20220425;14:55:00;15:00:00;179;9.72;296
E4S 56,780;20220425;15:00:00;15:05:00;180;10.96;326
E4S 56,780;20220425;15:05:00;15:10:00;181;11.52;360
E4S 56,780;20220425;15:10:00;15:15:00;182;7.92;227
E4S 56,780;20220425;15:15:00;15:20:00;183;10.30;327
E4S 56,780;20220425;15:20:00;15:25:00;184;10.95;304
E4S 56,780;20220425;15:25:00;15:30:00;185;8.95;279
E4S 56,780;20220425;15:30:00;15:35:00;186;9.45;289
E4S 56,780;20220425;15:35:00;15:40:00;187;7.29;260
E4S 56,780;20220425;15:40:00;15:45:00;188;14.17;271
E4S 56,780;20220425;15:45:00;15:50:00;189;16.38;278
E4S 56,780;20220425;15:50:00;15:55:00;190;17.22;216
E4S 56,780;20220425;15:55:00;16:00:00;191;15.86;245
E4S 56,780;20220425;16:00:00;16:05:00;192;17.78;215
E4S 56,780;20220425;16:05:00;16:10:00;193;17.27;233
E4S 56,780;20220425;16:10:00;16:15:00;194;16.94;227
E4S 56,780;20220425;16:15:00;16:20:00;195;17.37;263
E4S 56,780;20220425;16:20:00;16:25:00;196;17.28;196
E4S 56,780;20220425;16:25:00;16:30:00;197;17.14;249
E4S 56,780;20220425;16:30:00;16:35:00;198;16.41;287
E4S 56,780;20220425;16:35:00;16:40:00;199;17.25;280
E4S 56,780;20220425;16:40:00;16:45:00;200;17.65;258
E4S 56,780;20220425;16:45:00;16:50:00;201;15.99;277
E4S 56,780;20220425;16:50:00;16:55:00;202;16.92;278
E4S 56,780;20220425;16:55:00;17:00:00;203;17.42;208
E4S 56,780;20220425;17:00:00;17:05:00;204;17.86;218
E4S 56,780;20220425;17:05:00;17:10:00;205;17.77;225
E4S 56,780;20220425;17:10:00;17:15:00;206;17.51;230
E4S 56,780;20220425;17:15:00;17:20:00;207;17.80;239
E4S 56,780;20220425;17:20:00;17:25:00;208;17.64;224
E4S 56,780;20220425;17:25:00;17:30:00;209;16.96;231
E4S 56,780;20220425;17:30:00;17:35:00;210;17.20;207
E4S 56,780;20220425;17:35:00;17:40:00;211;17.78;209
E4S 56,780;20220425;17:40:00;17:45:00;212;18.26;197
E4S 56,780;20220425;17:45:00;17:50:00;213;18.64;205
E4S 56,780;20220425;17:50:00;17:55:00;214;19.05;191
E4S 56,780;20220425;17:55:00;18:00:00;215;18.38;197
E4S 56,780;20220425;18:00:00;18:05:00;216;19.39;206
E4S 56,780;20220425;18:05:00;18:10:00;217;18.97;195
E4S 56,780;20220425;18:10:00;18:15:00;218;19.31;199
E4S 56,780;20220425;18:15:00;18:20:00;219;19.48;174
E4S 56,780;20220425;18:20:00;18:25:00;220;18.83;201
E4S 56,780;20220425;18:25:00;18:30:00;221;18.81;178
E4S 56,780;20220425;18:30:00;18:35:00;222;18.83;178
E4S 56,780;20220425;18:35:00;18:40:00;223;19.08;156
E4S 56,780;20220425;18:40:00;18:45:00;224;18.83;152
E4S 56,780;20220425;18:45:00;18:50:00;225;19.40;168
E4S 56,780;20220425;18:50:00;18:55:00;226;18.97;145
E4S 56,780;20220425;18:55:00;19:00:00;227;18.94;166
E4S 56,780;20220425;19:00:00;19:05:00;228;19.61;159
E4S 56,780;20220425;19:05:00;19:10:00;229;19.07;134
E4S 56,780;20220425;19:10:00;19:15:00;230;19.21;182
E4S 56,780;20220425;19:15:00;19:20:00;231;19.26;175
E4S 56,780;20220425;19:20:00;19:25:00;232;19.01;165
E4S 56,780;20220425;19:25:00;19:30:00;233;19.21;147
E4S 56,780;20220425;19:30:00;19:35:00;234;19.78;142
E4S 56,780;20220425;19:35:00;19:40:00;235;19.37;168
E4S 56,780;20220425;19:40:00;19:45:00;236;18.94;136
E4S 56,780;20220425;19:45:00;19:50:00;237;19.95;140
E4S 56,780;20220425;19:50:00;19:55:00;238;19.41;139
E4S 56,780;20220425;19:55:00;20:00:00;239;19.08;133
E4S 56,780;20220425;20:00:00;20:05:00;240;19.03;136
E4S 56,780;20220425;20:05:00;20:10:00;241;19.21;138
E4S 56,780;20220425;20:10:00;20:15:00;242;18.81;157
E4S 56,780;20220425;20:15:00;20:20:00;243;19.07;164
E4S 56,780;20220425;20:20:00;20:25:00;244;19.58;131
E4S 56,780;20220425;20:25:00;20:30:00;245;19.19;140
E4S 56,780;20220425;20:30:00;20:35:00;246;19.18;124
E4S 56,780;20220425;20:35:00;20:40:00;247;19.30;98
E4S 56,780;20220425;20:40:00;20:45:00;248;19.82;82
E4S 56,780;20220425;20:45:00;20:50:00;249;19.81;82
E4S 56,780;20220425;20:50:00;20:55:00;250;20.37;68
E4S 56,780;20220425;20:55:00;21:00:00;251;19.90;66
E4S 56,780;20220425;21:00:00;21:05:00;252;20.03;69
E4S 56,780;20220425;21:05:00;21:10:00;253;18.45;60
E4S 56,780;20220425;21:10:00;21:15:00;254;19.91;70
E4S 56,780;20220425;21:15:00;21:20:00;255;19.66;68
E4S 56,780;20220425;21:20:00;21:25:00;256;19.64;71
E4S 56,780;20220425;21:25:00;21:30:00;257;19.67;47
E4S 56,780;20220425;21:30:00;21:35:00;258;20.15;54
E4S 56,780;20220425;21:35:00;21:40:00;259;20.08;65
E4S 56,780;20220425;21:40:00;21:45:00;260;18.89;46
E4S 56,780;20220425;21:45:00;21:50:00;261;19.04;51
E4S 56,780;20220425;21:50:00;21:55:00;262;20.11;47
E4S 56,780;20220425;21:55:00;22:00:00;263;20.18;37
E4S 56,780;20220425;22:00:00;22:05:00;264;19.49;32
E4S 56,780;20220425;22:05:00;22:10:00;265;20.06;44
E4S 56,780;20220425;22:10:00;22:15:00;266;19.84;46
E4S 56,780;20220425;22:15:00;22:20:00;267;20.50;36
E4S 56,780;20220425;22:20:00;22:25:00;268;19.51;52
E4S 56,780;20220425;22:25:00;22:30:00;269;19.65;42
E4S 56,780;20220425;22:30:00;22:35:00;270;19.87;53
E4S 56,780;20220425;22:35:00;22:40:00;271;20.28;39
E4S 56,780;20220425;22:40:00;22:45:00;272;20.01;36
E4S 56,780;20220425;22:45:00;22:50:00;273;20.84;41
E4S 56,780;20220425;22:50:00;22:55:00;274;20.03;54
E4S 56,780;20220425;22:55:00;23:00:00;275;20.64;31
E4S 56,780;20220425;23:00:00;23:05:00;276;20.50;41
E4S 56,780;20220425;23:05:00;23:10:00;277;19.79;34
E4S 56,780;20220425;23:10:00;23:15:00;278;20.69;41
E4S 56,780;20220425;23:15:00;23:20:00;279;20.26;27
E4S 56,780;20220425;23:20:00;23:25:00;280;20.08;28
E4S 56,780;20220425;23:25:00;23:30:00;281;19.47;21
E4S 56,780;20220425;23:30:00;23:35:00;282;18.82;28
E4S 56,780;20220425;23:35:00;23:40:00;283;20.07;15
E4S 56,780;20220425;23:40:00;23:45:00;284;22.05;26
E4S 56,780;20220425;23:45:00;23:50:00;285;21.23;17
E4S 56,780;20220425;23:50:00;23:55:00;286;20.41;20
E4S 56,780;20220425;23:55:00;24:00:00;287;19.72;22
E4S 56,780;20220427;00:00:00;00:05:00;0;19.12;16
E4S 56,780;20220427;00:05:00;00:10:00;1;20.86;16
E4S 56,780;20220427;00:10:00;00:15:00;2;20.17;29
E4S 56,780;20220427;00:15:00;00:20:00;3;20.65;21
E4S 56,780;20220427;00:20:00;00:25:00;4;21.61;27
E4S 56,780;20220427;00:25:00;00:30:00;5;20.61;21
E4S 56,780;20220427;00:30:00;00:35:00;6;20.99;16
E4S 56,780;20220427;00:35:00;00:40:00;7;18.74;17
E4S 56,780;20220427;00:40:00;00:45:00;8;19.80;23
E4S 56,780;20220427;00:45:00;00:50:00;9;19.86;13
E4S 56,780;20220427;00:50:00;00:55:00;10;19.84;12
E4S 56,780;20220427;00:55:00;01:00:00;11;20.27;17
E4S 56,780;20220427;01:00:00;01:05:00;12;19.84;7
E4S 56,780;20220427;01:05:00;01:10:00;13;21.25;12
E4S 56,780;20220427;01:10:00;01:15:00;14;21.21;16
E4S 56,780;20220427;01:15:00;01:20:00;15;19.71;18
E4S 56,780;20220427;01:20:00;01:25:00;16;19.39;23
E4S 56,780;20220427;01:25:00;01:30:00;17;19.55;18
E4S 56,780;20220427;01:30:00;01:35:00;18;20.48;16
E4S 56,780;20220427;01:35:00;01:40:00;19;18.97;20
E4S 56,780;20220427;01:40:00;01:45:00;20;20.69;25
E4S 56,780;20220427;01:45:00;01:50:00;21;20.45;14
E4S 56,780;20220427;01:50:00;01:55:00;22;21.20;17
E4S 56,780;20220427;01:55:00;02:00:00;23;19.92;20
E4S 56,780;20220427;02:00:00;02:05:00;24;22.00;18
E4S 56,780;20220427;02:05:00;02:10:00;25;19.42;29
E4S 56,780;20220427;02:10:00;02:15:00;26;19.78;24
E4S 56,780;20220427;02:15:00;02:20:00;27;20.89;31
E4S 56,780;20220427;02:20:00;02:25:00;28;20.08;39
E4S 56,780;20220427;02:25:00;02:30:00;29;19.48;27
E4S 56,780;20220427;02:30:00;02:35:00;30;21.24;34
E4S 56,780;20220427;02:35:00;02:40:00;31;20.56;33
E4S 56,780;20220427;02:40:00;02:45:00;32;20.71;26
E4S 56,780;20220427;02:45:00;02:50:00;33;20.90;32
E4S 56,780;20220427;02:50:00;02:55:00;34;21.86;33
E4S 56,780;20220427;02:55:00;03:00:00;35;21.17;36
E4S 56,780;20220427;03:00:00;03:05:00;36;22.00;48
E4S 56,780;20220427;03:05:00;03:10:00;37;21.13;70
E4S 56,780;20220427;03:10:00;03:15:00;38;20.51;47
E4S 56,780;20220427;03:15:00;03:20:00;39;21.45;75
E4S 56,780;20220427;03:20:00;03:25:00;40;21.24;81
E4S 56,780;20220427;03:25:00;03:30:00;41;21.33;98
E4S 56,780;20220427;03:30:00;03:35:00;42;21.68;99
E4S 56,780;20220427;03:35:00;03:40:00;43;21.40;124
E4S 56,780;20220427;03:40:00;03:45:00;44;21.13;160
E4S 56,780;20220427;03:45:00;03:50:00;45;21.20;174
E4S 56,780;20220427;03:50:00;03:55:00;46;21.03;212
E4S 56,780;20220427;03:55:00;04:00:00;47;20.42;230
E4S 56,780;20220427;04:00:00;04:05:00;48;21.05;183
E4S 56,780;20220427;04:05:00;04:10:00;49;20.81;164
E4S 56,780;20220427;04:10:00;04:15:00;50;20.89;220
E4S 56,780;20220427;04:15:00;04:20:00;51;20.06;251
E4S 56,780;20220427;04:20:00;04:25:00;52;19.55;301
E4S 56,780;20220427;04:25:00;04:30:00;53;19.52;278
E4S 56,780;20220427;04:30:00;04:35:00;54;19.88;269
E4S 56,780;20220427;04:35:00;04:40:00;55;18.93;329
E4S 56,780;20220427;04:40:00;04:45:00;56;19.61;331
E4S 56,780;20220427;04:45:00;04:50:00;57;20.64;318
E4S 56,780;20220427;04:50:00;04:55:00;58;19.66;269
E4S 56,780;20220427;04:55:00;05:00:00;59;19.20;307
E4S 56,780;20220427;05:00:00;05:05:00;60;19.53;296
E4S 56,780;20220427;05:05:00;05:10:00;61;19.11;272
E4S 56,780;20220427;05:10:00;05:15:00;62;19.11;299
E4S 56,780;20220427;05:15:00;05:20:00;63;19.00;315
E4S 56,780;20220427;05:20:00;05:25:00;64;18.51;315
E4S 56,780;20220427;05:25:00;05:30:00;65;18.91;314
E4S 56,780;20220427;05:30:00;05:35:00;66;18.52;348
E4S 56,780;20220427;05:35:00;05:40:00;67;17.96;346
E4S 56,780;20220427;05:40:00;05:45:00;68;18.22;315
E4S 56,780;20220427;05:45:00;05:50:00;69;17.99;327
E4S 56,780;20220427;05:50:00;05:55:00;70;18.23;317
E4S 56,780;20220427;05:55:00;06:00:00;71;18.61;309
E4S 56,780;20220427;06:00:00;06:05:00;72;18.09;319
E4S 56,780;20220427;06:05:00;06:10:00;73;18.35;309
E4S 56,780;20220427;06:10:00;06:15:00;74;18.98;279
E4S 56,780;20220427;06:15:00;06:20:00;75;18.62;323
E4S 56,780;20220427;06:20:00;06:25:00;76;18.11;328
E4S 56,780;20220427;06:25:00;06:30:00;77;17.75;310
E4S 56,780;20220427;06:30:00;06:35:00;78;17.65;305
E4S 56,780;20220427;06:35:00;06:40:00;79;17.90;341
E4S 56,780;20220427;06:40:00;06:45:00;80;17.76;357
E4S 56,780;20220427;06:45:00;06:50:00;81;17.95;349
E4S 56,780;20220427;06:50:00;06:55:00;82;18.15;361
E4S 56,780;20220427;06:55:00;07:00:00;83;17.58;342
E4S 56,780;20220427;07:00:00;07:05:00;84;17.67;341
E4S 56,780;20220427;07:05:00;07:10:00;85;17.55;367
E4S 56,780;20220427;07:10:00;07:15:00;86;16.54;370
E4S 56,780;20220427;07:15:00;07:20:00;87;16.25;385
E4S 56,780;20220427;07:20:00;07:25:00;88;16.62;351
E4S 56,780;20220427;07:25:00;07:30:00;89;16.56;369
E4S 56,780;20220427;07:30:00;07:35:00;90;17.26;358
E4S 56,780;20220427;07:35:00;07:40:00;91;17.12;363
E4S 56,780;20220427;07:40:00;07:45:00;92;16.53;380
E4S 56,780;20220427;07:45:00;07:50:00;93;16.43;331
E4S 56,780;20220427;07:50:00;07:55:00;94;15.18;320
E4S 56,780;20220427;07:55:00;08:00:00;95;17.99;324
E4S 56,780;20220427;08:00:00;08:05:00;96;18.79;237
E4S 56,780;20220427;08:05:00;08:10:00;97;18.04;318
E4S 56,780;20220427;08:10:00;08:15:00;98;17.80;309
E4S 56,780;20220427;08:15:00;08:20:00;99;17.30;306
E4S 56,780;20220427;08:20:00;08:25:00;100;17.94;260
E4S 56,780;20220427;08:25:00;08:30:00;101;18.34;308
E4S 56,780;20220427;08:30:00;08:35:00;102;17.77;304
E4S 56,780;20220427;08:35:00;08:40:00;103;17.92;296
E4S 56,780;20220427;08:40:00;08:45:00;104;18.20;288
E4S 56,780;20220427;08:45:00;08:50:00;105;18.09;315
E4S 56,780;20220427;08:50:00;08:55:00;106;18.32;279
E4S 56,780;20220427;08:55:00;09:00:00;107;17.66;297
E4S 56,780;20220427;09:00:00;09:05:00;108;17.87;297
E4S 56,780;20220427;09:05:00;09:10:00;109;17.50;275
E4S 56,780;20220427;09:10:00;09:15:00;110;17.26;324
E4S 56,780;20220427;09:15:00;09:20:00;111;18.07;274
E4S 56,780;20220427;09:20:00;09:25:00;112;17.51;316
E4S 56,780;20220427;09:25:00;09:30:00;113;17.61;302
E4S 56,780;20220427;09:30:00;09:35:00;114;17.78;298
E4S 56,780;20220427;09:35:00;09:40:00;115;17.61;302
E4S 56,780;20220427;09:40:00;09:45:00;116;17.48;290
E4S 56,780;20220427;09:45:00;09:50:00;117;17.68;341
E4S 56,780;20220427;09:50:00;09:55:00;118;17.40;324
E4S 56,780;20220427;09:55:00;10:00:00;119;18.22;307
E4S 56,780;20220427;10:00:00;10:05:00;120;18.14;324
E4S 56,780;20220427;10:05:00;10:10:00;121;17.93;313
E4S 56,780;20220427;10:10:00;10:15:00;122;17.58;354
E4S 56,780;20220427;10:15:00;10:20:00;123;17.75;317
E4S 56,780;20220427;10:20:00;10:25:00;124;17.18;342
E4S 56,780;20220427;10:25:00;10:30:00;125;17.83;347
E4S 56,780;20220427;10:30:00;10:35:00;126;17.45;307
E4S 56,780;20220427;10:35:00;10:40:00;127;17.62;311
E4S 56,780;20220427;10:40:00;10:45:00;128;17.98;303
E4S 56,780;20220427;10:45:00;10:50:00;129;18.07;301
E4S 56,780;20220427;10:50:00;10:55:00;130;18.53;297
E4S 56,780;20220427;10:55:00;11:00:00;131;17.39;315
E4S 56,780;20220427;11:00:00;11:05:00;132;17.17;317
E4S 56,780;20220427;11:05:00;11:10:00;133;18.03;308
E4S 56,780;20220427;11:10:00;11:15:00;134;17.85;326
E4S 56,780;20220427;11:15:00;11:20:00;135;17.67;324
E4S 56,780;20220427;11:20:00;11:25:00;136;17.37;336
E4S 56,780;20220427;11:25:00;11:30:00;137;17.92;338
E4S 56,780;20220427;11:30:00;11:35:00;138;17.81;337
E4S 56,780;20220427;11:35:00;11:40:00;139;17.53;334
E4S 56,780;20220427;11:40:00;11:45:00;140;17.55;259
E4S 56,780;20220427;11:45:00;11:50:00;141;17.30;325
E4S 56,780;20220427;11:50:00;11:55:00;142;17.42;309
E4S 56,780;20220427;11:55:00;12:00:00;143;17.64;295
E4S 56,780;20220427;12:00:00;12:05:00;144;16.91;334
E4S 56,780;20220427;12:05:00;12:10:00;145;17.40;333
E4S 56,780;20220427;12:10:00;12:15:00;146;17.49;312
E4S 56,780;20220427;12:15:00;12:20:00;147;16.46;386
E4S 56,780;20220427;12:20:00;12:25:00;148;16.91;351
E4S 56,780;20220427;12:25:00;12:30:00;149;16.27;370
E4S 56,780;20220427;12:30:00;12:35:00;150;17.36;361
E4S 56,780;20220427;12:35:00;12:40:00;151;15.48;350
E4S 56,780;20220427;12:40:00;12:45:00;152;14.98;364
E4S 56,780;20220427;12:45:00;12:50:00;153;12.52;303
E4S 56,780;20220427;12:50:00;12:55:00;154;10.58;313
E4S 56,780;20220427;12:55:00;13:00:00;155;8.14;246
E4S 56,780;20220427;13:00:00;13:05:00;156;12.36;350
E4S 56,780;20220427;13:05:00;13:10:00;157;12.90;374
E4S 56,780;20220427;13:10:00;13:15:00;158;8.56;225
E4S 56,780;20220427;13:15:00;13:20:00;159;9.63;313
E4S 56,780;20220427;13:20:00;13:25:00;160;11.10;307
E4S 56,780;20220427;13:25:00;13:30:00;161;10.62;298
E4S 56,780;20220427;13:30:00;13:35:00;162;11.20;330
E4S 56,780;20220427;13:35:00;13:40:00;163;9.19;295
E4S 56,780;20220427;13:40:00;13:45:00;164;9.88;334
E4S 56,780;20220427;13:45:00;13:50:00;165;9.17;302
E4S 56,780;20220427;13:50:00;13:55:00;166;9.37;323
E4S 56,780;20220427;13:55:00;14:00:00;167;8.93;290
E4S 56,780;20220427;14:00:00;14:05:00;168;9.82;334
E4S 56,780;20220427;14:05:00;14:10:00;169;8.64;293
E4S 56,780;20220427;14:10:00;14:15:00;170;8.67;341
E4S 56,780;20220427;14:15:00;14:20:00;171;9.03;315
E4S 56,780;20220427;14:20:00;14:25:00;172;8.24;267
E4S 56,780;20220427;14:25:00;14:30:00;173;8.68;318
E4S 56,780;20220427;14:30:00;14:35:00;174;10.51;319
E4S 56,780;20220427;14:35:00;14:40:00;175;10.87;343
E4S 56,780;20220427;14:40:00;14:45:00;176;9.33;297
E4S 56,780;20220427;14:45:00;14:50:00;177;7.35;260
E4S 56,780;20220427;14:50:00;14:55:00;178;8.04;267
E4S 56,780;20220427;14:55:00;15:00:00;179;8.05;295
E4S 56,780;20220427;15:00:00;15:05:00;180;8.24;271
E4S 56,780;20220427;15:05:00;15:10:00;181;9.80;325
E4S 56,780;20220427;15:10:00;15:15:00;182;6.37;193
E4S 56,780;20220427;15:15:00;15:20:00;183;6.62;279
E4S 56,780;20220427;15:20:00;15:25:00;184;7.24;288
E4S 56,780;20220427;15:25:00;15:30:00;185;8.14;289
E4S 56,780;20220427;15:30:00;15:35:00;186;9.82;352
E4S 56,780;20220427;15:35:00;15:40:00;187;9.37;339
E4S 56,780;20220427;15:40:00;15:45:00;188;8.18;317
E4S 56,780;20220427;15:45:00;15:50:00;189;9.20;330
E4S 56,780;20220427;15:50:00;15:55:00;190;7.63;283
E4S 56,780;20220427;15:55:00;16:00:00;191;7.22;245
E4S 56,780;20220427;16:00:00;16:05:00;192;7.27;224
E4S 56,780;20220427;16:05:00;16:10:00;193;11.09;316
E4S 56,780;20220427;16:10:00;16:15:00;194;8.71;309
E4S 56,780;20220427;16:15:00;16:20:00;195;9.02;331
E4S 56,780;20220427;16:20:00;16:25:00;196;7.26;293
E4S 56,780;20220427;16:25:00;16:30:00;197;14.25;221
E4S 56,780;20220427;16:30:00;16:35:00;198;16.06;280
E4S 56,780;20220427;16:35:00;16:40:00;199;16.82;303
E4S 56,780;20220427;16:40:00;16:45:00;200;15.43;282
E4S 56,780;20220427;16:45:00;16:50:00;201;15.07;251
E4S 56,780;20220427;16:50:00;16:55:00;202;16.27;248
E4S 56,780;20220427;16:55:00;17:00:00;203;15.44;254
E4S 56,780;20220427;17:00:00;17:05:00;204;15.76;235
E4S 56,780;20220427;17:05:00;17:10:00;205;16.34;269
E4S 56,780;20220427;17:10:00;17:15:00;206;16.17;222
E4S 56,780;20220427;17:15:00;17:20:00;207;17.14;215
E4S 56,780;20220427;17:20:00;17:25:00;208;16.17;223
E4S 56,780;20220427;17:25:00;17:30:00;209;16.68;231
E4S 56,780;20220427;17:30:00;17:35:00;210;17.75;214
E4S 56,780;20220427;17:35:00;17:40:00;211;17.33;227
E4S 56,780;20220427;17:40:00;17:45:00;212;17.53;197
E4S 56,780;20220427;17:45:00;17:50:00;213;17.64;195
E4S 56,780;20220427;17:50:00;17:55:00;214;17.23;233
E4S 56,780;20220427;17:55:00;18:00:00;215;17.79;191
E4S 56,780;20220427;18:00:00;18:05:00;216;16.93;181
E4S 56,780;20220427;18:05:00;18:10:00;217;17.87;164
E4S 56,780;20220427;18:10:00;18:15:00;218;17.71;223
E4S 56,780;20220427;18:15:00;18:20:00;219;18.20;177
E4S 56,780;20220427;18:20:00;18:25:00;220;18.00;221
E4S 56,780;20220427;18:25:00;18:30:00;221;18.92;191
E4S 56,780;20220427;18:30:00;18:35:00;222;18.99;199
E4S 56,780;20220427;18:35:00;18:40:00;223;18.72;176
E4S 56,780;20220427;18:40:00;18:45:00;224;18.60;202
E4S 56,780;20220427;18:45:00;18:50:00;225;19.75;173
E4S 56,780;20220427;18:50:00;18:55:00;226;19.09;177
E4S 56,780;20220427;18:55:00;19:00:00;227;18.97;136
E4S 56,780;20220427;19:00:00;19:05:00;228;18.59;163
E4S 56,780;20220427;19:05:00;19:10:00;229;18.94;150
E4S 56,780;20220427;19:10:00;19:15:00;230;19.05;169
E4S 56,780;20220427;19:15:00;19:20:00;231;18.67;175
E4S 56,780;20220427;19:20:00;19:25:00;232;19.00;166
E4S 56,780;20220427;19:25:00;19:30:00;233;18.77;155
E4S 56,780;20220427;19:30:00;19:35:00;234;18.88;143
E4S 56,780;20220427;19:35:00;19:40:00;235;19.15;148
E4S 56,780;20220427;19:40:00;19:45:00;236;18.91;181
E4S 56,780;20220427;19:45:00;19:50:00;237;19.49;153
E4S 56,780;20220427;19:50:00;19:55:00;238;19.15;128
E4S 56,780;20220427;19:55:00;20:00:00;239;19.91;113
E4S 56,780;20220427;20:00:00;20:05:00;240;19.76;121
E4S 56,780;20220427;20:05:00;20:10:00;241;19.42;106
E4S 56,780;20220427;20:10:00;20:15:00;242;19.14;102
E4S 56,780;20220427;20:15:00;20:20:00;243;19.98;105
E4S 56,780;20220427;20:20:00;20:25:00;244;19.45;94
E4S 56,780;20220427;20:25:00;20:30:00;245;19.35;117
E4S 56,780;20220427;20:30:00;20:35:00;246;19.66;79
E4S 56,780;20220427;20:35:00;20:40:00;247;19.67;91
E4S 56,780;20220427;20:40:00;20:45:00;248;19.70;71
E4S 56,780;20220427;20:45:00;20:50:00;249;19.86;83
E4S 56,780;20220427;20:50:00;20:55:00;250;18.98;76
E4S 56,780;20220427;20:55:00;21:00:00;251;20.53;75
E4S 56,780;20220427;21:00:00;21:05:00;252;19.62;75
E4S 56,780;20220427;21:05:00;21:10:00;253;19.42;82
E4S 56,780;20220427;21:10:00;21:15:00;254;19.52;55
E4S 56,780;20220427;21:15:00;21:20:00;255;19.85;70
E4S 56,780;20220427;21:20:00;21:25:00;256;19.59;69
E4S 56,780;20220427;21:25:00;21:30:00;257;20.13;60
E4S 56,780;20220427;21:30:00;21:35:00;258;19.55;74
E4S 56,780;20220427;21:35:00;21:40:00;259;19.85;55
E4S 56,780;20220427;21:40:00;21:45:00;260;19.66;65
E4S 56,780;20220427;21:45:00;21:50:00;261;19.23;61
E4S 56,780;20220427;21:50:00;21:55:00;262;19.19;48
E4S 56,780;20220427;21:55:00;22:00:00;263;19.80;34
E4S 56,780;20220427;22:00:00;22:05:00;264;20.58;44
E4S 56,780;20220427;22:05:00;22:10:00;265;19.00;38
E4S 56,780;20220427;22:10:00;22:15:00;266;20.27;43
E4S 56,780;20220427;22:15:00;22:20:00;267;19.61;44
E4S 56,780;20220427;22:20:00;22:25:00;268;19.91;36
E4S 56,780;20220427;22:25:00;22:30:00;269;19.20;43
E4S 56,780;20220427;22:30:00;22:35:00;270;19.17;38
E4S 56,780;20220427;22:35:00;22:40:00;271;19.18;39
E4S 56,780;20220427;22:40:00;22:45:00;272;21.08;42
E4S 56,780;20220427;22:45:00;22:50:00;273;20.83;30
E4S 56,780;20220427;22:50:00;22:55:00;274;19.24;33
E4S 56,780;20220427;22:55:00;23:00:00;275;20.80;25
E4S 56,780;20220427;23:00:00;23:05:00;276;19.00;34
E4S 56,780;20220427;23:05:00;23:10:00;277;19.98;23
E4S 56,780;20220427;23:10:00;23:15:00;278;19.65;35
E4S 56,780;20220427;23:15:00;23:20:00;279;18.90;36
E4S 56,780;20220427;23:20:00;23:25:00;280;20.71;27
E4S 56,780;20220427;23:25:00;23:30:00;281;20.50;29
E4S 56,780;20220427;23:30:00;23:35:00;282;20.09;23
E4S 56,780;20220427;23:35:00;23:40:00;283;19.64;30
E4S 56,780;20220427;23:40:00;23:45:00;284;19.54;20
E4S 56,780;20220427;23:45:00;23:50:00;285;19.72;24
E4S 56,780;20220427;23:50:00;23:55:00;286;20.78;23
E4S 56,780;20220427;23:55:00;24:00:00;287;20.69;22
E4S 56,780;20220428;00:00:00;00:05:00;0;18.08;14
E4S 56,780;20220428;00:05:00;00:10:00;1;20.47;30
E4S 56,780;20220428;00:10:00;00:15:00;2;18.91;22
E4S 56,780;20220428;00:15:00;00:20:00;3;20.13;21
E4S 56,780;20220428;00:20:00;00:25:00;4;20.24;30
E4S 56,780;20220428;00:25:00;00:30:00;5;19.90;14
E4S 56,780;20220428;00:30:00;00:35:00;6;19.97;22
E4S 56,780;20220428;00:35:00;00:40:00;7;20.08;20
E4S 56,780;20220428;00:40:00;00:45:00;8;19.79;21
E4S 56,780;20220428;00:45:00;00:50:00;9;19.82;12
E4S 56,780;20220428;00:50:00;00:55:00;10;20.70;19
E4S 56,780;20220428;00:55:00;01:00:00;11;20.21;27
E4S 56,780;20220428;01:00:00;01:05:00;12;21.21;22
E4S 56,780;20220428;01:05:00;01:10:00;13;19.98;24
E4S 56,780;20220428;01:10:00;01:15:00;14;19.06;17
E4S 56,780;20220428;01:15:00;01:20:00;15;19.38;14
E4S 56,780;20220428;01:20:00;01:25:00;16;20.77;16
E4S 56,780;20220428;01:25:00;01:30:00;17;19.07;21
E4S 56,780;20220428;01:30:00;01:35:00;18;19.60;15
E4S 56,780;20220428;01:35:00;01:40:00;19;19.73;22
E4S 56,780;20220428;01:40:00;01:45:00;20;20.64;24
E4S 56,780;20220428;01:45:00;01:50:00;21;18.85;31
E4S 56,780;20220428;01:50:00;01:55:00;22;20.06;23
E4S 56,780;20220428;01:55:00;02:00:00;23;20.59;20
E4S 56,780;20220428;02:00:00;02:05:00;24;20.62;24
E4S 56,780;20220428;02:05:00;02:10:00;25;19.47;25
E4S 56,780;20220428;02:10:00;02:15:00;26;21.07;30
E4S 56,780;20220428;02:15:00;02:20:00;27;19.97;28
E4S 56,780;20220428;02:20:00;02:25:00;28;21.00;30
E4S 56,780;20220428;02:25:00;02:30:00;29;20.01;47
E4S 56,780;20220428;02:30:00;02:35:00;30;20.60;32
E4S 56,780;20220428;02:35:00;02:40:00;31;20.56;30
E4S 56,780;20220428;02:40:00;02:45:00;32;20.31;36
E4S 56,780;20220428;02:45:00;02:50:00;33;20.48;30
E4S 56,780;20220428;02:50:00;02:55:00;34;21.34;33
E4S 56,780;20220428;02:55:00;03:00:00;35;21.75;32
E4S 56,780;20220428;03:00:00;03:05:00;36;20.42;52
E4S 56,780;20220428;03:05:00;03:10:00;37;20.45;39
E4S 56,780;20220428;03:10:00;03:15:00;38;20.95;66
E4S 56,780;20220428;03:15:00;03:20:00;39;20.28;66
E4S 56,780;20220428;03:20:00;03:25:00;40;21.68;70
E4S 56,780;20220428;03:25:00;03:30:00;41;20.76;87
E4S 56,780;20220428;03:30:00;03:35:00;42;21.15;104
E4S 56,780;20220428;03:35:00;03:40:00;43;21.51;112
E4S 56,780;20220428;03:40:00;03:45:00;44;21.74;144
E4S 56,780;20220428;03:45:00;03:50:00;45;20.65;186
E4S 56,780;20220428;03:50:00;03:55:00;46;20.63;204
E4S 56,780;20220428;03:55:00;04:00:00;47;21.51;200
E4S 56,780;20220428;04:00:00;04:05:00;48;21.55;158
E4S 56,780;20220428;04:05:00;04:10:00;49;20.88;186
E4S 56,780;20220428;04:10:00;04:15:00;50;20.35;223
E4S 56,780;20220428;04:15:00;04:20:00;51;19.84;244
E4S 56,780;20220428;04:20:00;04:25:00;52;19.51;274
E4S 56,780;20220428;04:25:00;04:30:00;53;19.48;290
E4S 56,780;20220428;04:30:00;04:35:00;54;19.09;304
E4S 56,780;20220428;04:35:00;04:40:00;55;20.00;267
E4S 56,780;20220428;04:40:00;04:45:00;56;19.19;322
E4S 56,780;20220428;04:45:00;04:50:00;57;19.29;301
E4S 56,780;20220428;04:50:00;04:55:00;58;19.77;315
E4S 56,780;20220428;04:55:00;05:00:00;59;19.94;283
E4S 56,780;20220428;05:00:00;05:05:00;60;19.26;291
E4S 56,780;20220428;05:05:00;05:10:00;61;19.24;239
E4S 56,780;20220428;05:10:00;05:15:00;62;19.26;273
E4S 56,780;20220428;05:15:00;05:20:00;63;18.56;315
E4S 56,780;20220428;05:20:00;05:25:00;64;18.93;337
E4S 56,780;20220428;05:25:00;05:30:00;65;18.76;332
E4S 56,780;20220428;05:30:00;05:35:00;66;18.40;338
E4S 56,780;20220428;05:35:00;05:40:00;67;18.20;333
E4S 56,780;20220428;05:40:00;05:45:00;68;18.24;354
E4S 56,780;20220428;05:45:00;05:50:00;69;18.08;355
E4S 56,780;20220428;05:50:00;05:55:00;70;17.81;337
E4S 56,780;20220428;05:55:00;06:00:00;71;18.60;314
E4S 56,780;20220428;06:00:00;06:05:00;72;18.53;296
E4S 56,780;20220428;06:05:00;06:10:00;73;18.26;296
E4S 56,780;20220428;06:10:00;06:15:00;74;18.45;338
E4S 56,780;20220428;06:15:00;06:20:00;75;18.09;327
E4S 56,780;20220428;06:20:00;06:25:00;76;17.33;359
E4S 56,780;20220428;06:25:00;06:30:00;77;17.51;329
E4S 56,780;20220428;06:30:00;06:35:00;78;17.38;350
E4S 56,780;20220428;06:35:00;06:40:00;79;17.62;386
E4S 56,780;20220428;06:40:00;06:45:00;80;17.57;386
E4S 56,780;20220428;06:45:00;06:50:00;81;17.16;366
E4S 56,780;20220428;06:50:00;06:55:00;82;17.34;342
E4S 56,780;20220428;06:55:00;07:00:00;83;16.80;371
E4S 56,780;20220428;07:00:00;07:05:00;84;17.35;344
E4S 56,780;20220428;07:05:00;07:10:00;85;16.69;356
E4S 56,780;20220428;07:10:00;07:15:00;86;13.49;320
E4S 56,780;20220428;07:15:00;07:20:00;87;11.00;255
E4S 56,780;20220428;07:20:00;07:25:00;88;12.96;335
E4S 56,780;20220428;07:25:00;07:30:00;89;12.74;339
E4S 56,780;20220428;07:30:00;07:35:00;90;10.03;301
E4S 56,780;20220428;07:35:00;07:40:00;91;11.62;305
E4S 56,780;20220428;07:40:00;07:45:00;92;13.66;337
E4S 56,780;20220428;07:45:00;07:50:00;93;10.99;310
E4S 56,780;20220428;07:50:00;07:55:00;94;12.79;349
E4S 56,780;20220428;07:55:00;08:00:00;95;16.73;275
E4S 56,780;20220428;08:00:00;08:05:00;96;17.57;281
E4S 56,780;20220428;08:05:00;08:10:00;97;18.19;285
E4S 56,780;20220428;08:10:00;08:15:00;98;18.35;279
E4S 56,780;20220428;08:15:00;08:20:00;99;17.60;225
E4S 56,780;20220428;08:20:00;08:25:00;100;17.97;302
E4S 56,780;20220428;08:25:00;08:30:00;101;17.06;345
E4S 56,780;20220428;08:30:00;08:35:00;102;17.09;316
E4S 56,780;20220428;08:35:00;08:40:00;103;17.63;301
E4S 56,780;20220428;08:40:00;08:45:00;104;17.79;309
E4S 56,780;20220428;08:45:00;08:50:00;105;17.58;284
E4S 56,780;20220428;08:50:00;08:55:00;106;17.84;304
E4S 56,780;20220428;08:55:00;09:00:00;107;17.87;308
E4S 56,780;20220428;09:00:00;09:05:00;108;17.72;290
E4S 56,780;20220428;09:05:00;09:10:00;109;17.39;292
E4S 56,780;20220428;09:10:00;09:15:00;110;17.03;309
E4S 56,780;20220428;09:15:00;09:20:00;111;16.15;332
E4S 56,780;20220428;09:20:00;09:25:00;112;17.16;291
E4S 56,780;20220428;09:25:00;09:30:00;113;17.12;305
E4S 56,780;20220428;09:30:00;09:35:00;114;16.25;334
E4S 56,780;20220428;09:35:00;09:40:00;115;16.89;322
E4S 56,780;20220428;09:40:00;09:45:00;116;17.13;295
E4S 56,780;20220428;09:45:00;09:50:00;117;17.05;295
E4S 56,780;20220428;09:50:00;09:55:00;118;16.89;324
E4S 56,780;20220428;09:55:00;10:00:00;119;17.81;301
E4S 56,780;20220428;10:00:00;10:05:00;120;17.40;304
E4S 56,780;20220428;10:05:00;10:10:00;121;17.90;302
E4S 56,780;20220428;10:10:00;10:15:00;122;17.40;317
E4S 56,780;20220428;10:15:00;10:20:00;123;17.32;325
E4S 56,780;20220428;10:20:00;10:25:00;124;17.48;320
E4S 56,780;20220428;10:25:00;10:30:00;125;17.09;316
E4S 56,780;20220428;10:30:00;10:35:00;126;17.57;334
E4S 56,780;20220428;10:35:00;10:40:00;127;17.24;354
E4S 56,780;20220428;10:40:00;10:45:00;128;17.42;275
E4S 56,780;20220428;10:45:00;10:50:00;129;17.24;254
E4S 56,780;20220428;10:50:00;10:55:00;130;17.61;303
E4S 56,780;20220428;10:55:00;11:00:00;131;17.00;348
E4S 56,780;20220428;11:00:00;11:05:00;132;17.57;290
E4S 56,780;20220428;11:05:00;11:10:00;133;17.20;349
E4S 56,780;20220428;11:10:00;11:15:00;134;17.01;337
E4S 56,780;20220428;11:15:00;11:20:00;135;17.21;294
E4S 56,780;20220428;11:20:00;11:25:00;136;17.66;254
E4S 56,780;20220428;11:25:00;11:30:00;137;17.67;260
E4S 56,780;20220428;11:30:00;11:35:00;138;16.61;275
E4S 56,780;20220428;11:35:00;11:40:00;139;15.91;307
E4S 56,780;20220428;11:40:00;11:45:00;140;16.67;317
E4S 56,780;20220428;11:45:00;11:50:00;141;17.54;306
E4S 56,780;20220428;11:50:00;11:55:00;142;16.95;308
E4S 56,780;20220428;11:55:00;12:00:00;143;15.09;317
E4S 56,780;20220428;12:00:00;12:05:00;144;16.39;298
E4S 56,780;20220428;12:05:00;12:10:00;145;16.83;352
E4S 56,780;20220428;12:10:00;12:15:00;146;15.80;366
E4S 56,780;20220428;12:15:00;12:20:00;147;16.30;323
E4S 56,780;20220428;12:20:00;12:25:00;148;16.84;325
E4S 56,780;20220428;12:25:00;12:30:00;149;16.85;353
E4S 56,780;20220428;12:30:00;12:35:00;150;17.34;344
E4S 56,780;20220428;12:35:00;12:40:00;151;14.29;342
E4S 56,780;20220428;12:40:00;12:45:00;152;12.07;266
E4S 56,780;20220428;12:45:00;12:50:00;153;12.15;300
E4S 56,780;20220428;12:50:00;12:55:00;154;9.39;274
E4S 56,780;20220428;12:55:00;13:00:00;155;7.07;162
E4S 56,780;20220428;13:00:00;13:05:00;156;11.62;273
E4S 56,780;20220428;13:05:00;13:10:00;157;12.34;356
E4S 56,780;20220428;13:10:00;13:15:00;158;10.19;303
E4S 56,780;20220428;13:15:00;13:20:00;159;9.06;275
E4S 56,780;20220428;13:20:00;13:25:00;160;8.61;242
E4S 56,780;20220428;13:25:00;13:30:00;161;15.21;199
E4S 56,780;20220428;13:30:00;13:35:00;162;17.07;264
E4S 56,780;20220428;13:35:00;13:40:00;163;15.02;293
E4S 56,780;20220428;13:40:00;13:45:00;164;9.16;245
E4S 56,780;20220428;13:45:00;13:50:00;165;8.90;315
E4S 56,780;20220428;13:50:00;13:55:00;166;7.66;170
E4S 56,780;20220428;13:55:00;14:00:00;167;6.74;232
E4S 56,780;20220428;14:00:00;14:05:00;168;10.50;345
E4S 56,780;20220428;14:05:00;14:10:00;169;9.04;306
E4S 56,780;20220428;14:10:00;14:15:00;170;10.58;341
E4S 56,780;20220428;14:15:00;14:20:00;171;9.28;312
E4S 56,780;20220428;14:20:00;14:25:00;172;9.33;260
E4S 56,780;20220428;14:25:00;14:30:00;173;10.05;298
E4S 56,780;20220428;14:30:00;14:35:00;174;9.17;230
E4S 56,780;20220428;14:35:00;14:40:00;175;11.74;298
E4S 56,780;20220428;14:40:00;14:45:00;176;9.34;244
E4S 56,780;20220428;14:45:00;14:50:00;177;7.47;203
E4S 56,780;20220428;14:50:00;14:55:00;178;5.93;172
E4S 56,780;20220428;14:55:00;15:00:00;179;6.20;207
E4S 56,780;20220428;15:00:00;15:05:00;180;6.53;208
E4S 56,780;20220428;15:05:00;15:10:00;181;7.13;199
E4S 56,780;20220428;15:10:00;15:15:00;182;6.45;184
E4S 56,780;20220428;15:15:00;15:20:00;183;6.57;271
E4S 56,780;20220428;15:20:00;15:25:00;184;7.35;190
E4S 56,780;20220428;15:25:00;15:30:00;185;8.90;324
E4S 56,780;20220428;15:30:00;15:35:00;186;8.55;268
E4S 56,780;20220428;15:35:00;15:40:00;187;8.07;279
E4S 56,780;20220428;15:40:00;15:45:00;188;6.97;290
E4S 56,780;20220428;15:45:00;15:50:00;189;5.16;192
E4S 56,780;20220428;15:50:00;15:55:00;190;4.11;209
E4S 56,780;20220428;15:55:00;16:00:00;191;3.47;89
E4S 56,780;20220428;16:00:00;16:05:00;192;5.21;257
E4S 56,780;20220428;16:05:00;16:10:00;193;9.93;362
E4S 56,780;20220428;16:10:00;16:15:00;194;10.05;308
E4S 56,780;20220428;16:15:00;16:20:00;195;8.10;308
E4S 56,780;20220428;16:20:00;16:25:00;196;9.20;318
E4S 56,780;20220428;16:25:00;16:30:00;197;11.40;344
E4S 56,780;20220428;16:30:00;16:35:00;198;10.59;319
E4S 56,780;20220428;16:35:00;16:40:00;199;10.72;323
E4S 56,780;20220428;16:40:00;16:45:00;200;6.10;233
E4S 56,780;20220428;16:45:00;16:50:00;201;4.46;154
E4S 56,780;20220428;16:50:00;16:55:00;202;4.79;179
E4S 56,780;20220428;16:55:00;17:00:00;203;6.68;200
E4S 56,780;20220428;17:00:00;17:05:00;204;4.58;160
E4S 56,780;20220428;17:05:00;17:10:00;205;10.17;323
E4S 56,780;20220428;17:10:00;17:15:00;206;12.22;354
E4S 56,780;20220428;17:15:00;17:20:00;207;17.74;220
E4S 56,780;20220428;17:20:00;17:25:00;208;17.83;244
E4S 56,780;20220428;17:25:00;17:30:00;209;17.13;252
E4S 56,780;20220428;17:30:00;17:35:00;210;17.34;209
E4S 56,780;20220428;17:35:00;17:40:00;211;17.29;223
E4S 56,780;20220428;17:40:00;17:45:00;212;16.73;225
E4S 56,780;20220428;17:45:00;17:50:00;213;16.22;222
E4S 56,780;20220428;17:50:00;17:55:00;214;16.71;211
E4S 56,780;20220428;17:55:00;18:00:00;215;17.55;196
E4S 56,780;20220428;18:00:00;18:05:00;216;16.72;187
E4S 56,780;20220428;18:05:00;18:10:00;217;17.63;216
E4S 56,780;20220428;18:10:00;18:15:00;218;18.31;239
E4S 56,780;20220428;18:15:00;18:20:00;219;17.37;230
E4S 56,780;20220428;18:20:00;18:25:00;220;18.16;211
E4S 56,780;20220428;18:25:00;18:30:00;221;18.55;231
E4S 56,780;20220428;18:30:00;18:35:00;222;18.09;174
E4S 56,780;20220428;18:35:00;18:40:00;223;18.25;186
E4S 56,780;20220428;18:40:00;18:45:00;224;17.65;176
E4S 56,780;20220428;18:45:00;18:50:00;225;18.14;151
E4S 56,780;20220428;18:50:00;18:55:00;226;18.06;186
E4S 56,780;20220428;18:55:00;19:00:00;227;17.20;186
E4S 56,780;20220428;19:00:00;19:05:00;228;17.51;159
E4S 56,780;20220428;19:05:00;19:10:00;229;18.41;149
E4S 56,780;20220428;19:10:00;19:15:00;230;18.11;174
E4S 56,780;20220428;19:15:00;19:20:00;231;19.11;179
E4S 56,780;20220428;19:20:00;19:25:00;232;19.19;146
E4S 56,780;20220428;19:25:00;19:30:00;233;18.74;166
E4S 56,780;20220428;19:30:00;19:35:00;234;19.62;152
E4S 56,780;20220428;19:35:00;19:40:00;235;18.74;169
E4S 56,780;20220428;19:40:00;19:45:00;236;18.59;141
E4S 56,780;20220428;19:45:00;19:50:00;237;19.01;152
E4S 56,780;20220428;19:50:00;19:55:00;238;19.20;148
E4S 56,780;20220428;19:55:00;20:00:00;239;20.13;118
E4S 56,780;20220428;20:00:00;20:05:00;240;19.67;119
E4S 56,780;20220428;20:05:00;20:10:00;241;19.41;107
E4S 56,780;20220428;20:10:00;20:15:00;242;18.91;110
E4S 56,780;20220428;20:15:00;20:20:00;243;19.36;115
E4S 56,780;20220428;20:20:00;20:25:00;244;19.62;116
E4S 56,780;20220428;20:25:00;20:30:00;245;19.27;100
E4S 56,780;20220428;20:30:00;20:35:00;246;19.89;84
E4S 56,780;20220428;20:35:00;20:40:00;247;19.43;93
E4S 56,780;20220428;20:40:00;20:45:00;248;18.77;92
E4S 56,780;20220428;20:45:00;20:50:00;249;20.39;71
E4S 56,780;20220428;20:50:00;20:55:00;250;19.40;82
E4S 56,780;20220428;20:55:00;21:00:00;251;19.07;79
E4S 56,780;20220428;21:00:00;21:05:00;252;19.74;92
E4S 56,780;20220428;21:05:00;21:10:00;253;19.16;64
E4S 56,780;20220428;21:10:00;21:15:00;254;19.35;70
E4S 56,780;20220428;21:15:00;21:20:00;255;20.32;49
E4S 56,780;20220428;21:20:00;21:25:00;256;19.21;51
E4S 56,780;20220428;21:25:00;21:30:00;257;19.32;57
E4S 56,780;20220428;21:30:00;21:35:00;258;19.15;61
E4S 56,780;20220428;21:35:00;21:40:00;259;20.21;60
E4S 56,780;20220428;21:40:00;21:45:00;260;19.52;48
E4S 56,780;20220428;21:45:00;21:50:00;261;19.65;38
E4S 56,780;20220428;21:50:00;21:55:00;262;19.43;40
E4S 56,780;20220428;21:55:00;22:00:00;263;19.20;38
E4S 56,780;20220428;22:00:00;22:05:00;264;20.47;46
E4S 56,780;20220428;22:05:00;22:10:00;265;18.73;50
E4S 56,780;20220428;22:10:00;22:15:00;266;17.96;33
E4S 56,780;20220428;22:15:00;22:20:00;267;19.67;48
E4S 56,780;20220428;22:20:00;22:25:00;268;19.78;39
E4S 56,780;20220428;22:25:00;22:30:00;269;18.57;46
E4S 56,780;20220428;22:30:00;22:35:00;270;19.98;32
E4S 56,780;20220428;22:35:00;22:40:00;271;20.12;24
E4S 56,780;20220428;22:40:00;22:45:00;272;20.89;33
E4S 56,780;20220428;22:45:00;22:50:00;273;18.54;30
E4S 56,780;20220428;22:50:00;22:55:00;274;19.74;32
E4S 56,780;20220428;22:55:00;23:00:00;275;18.98;39
E4S 56,780;20220428;23:00:00;23:05:00;276;19.90;20
E4S 56,780;20220428;23:05:00;23:10:00;277;20.16;21
E4S 56,780;20220428;23:10:00;23:15:00;278;20.41;28
E4S 56,780;20220428;23:15:00;23:20:00;279;20.16;23
E4S 56,780;20220428;23:20:00;23:25:00;280;20.46;25
E4S 56,780;20220428;23:25:00;23:30:00;281;19.64;33
E4S 56,780;20220428;23:30:00;23:35:00;282;20.32;39
E4S 56,780;20220428;23:35:00;23:40:00;283;19.88;32
E4S 56,780;20220428;23:40:00;23:45:00;284;20.59;24
E4S 56,780;20220428;23:45:00;23:50:00;285;19.49;24
E4S 56,780;20220428;23:50:00;23:55:00;286;20.08;23
E4S 56,780;20220428;23:55:00;24:00:00;287;19.73;22
E4S 56,780;20220503;00:00:00;00:05:00;0;20.51;16
E4S 56,780;20220503;00:05:00;00:10:00;1;19.81;22
E4S 56,780;20220503;00:10:00;00:15:00;2;19.90;22
E4S 56,780;20220503;00:15:00;00:20:00;3;21.60;25
E4S 56,780;20220503;00:20:00;00:25:00;4;21.32;12
E4S 56,780;20220503;00:25:00;00:30:00;5;21.89;18
E4S 56,780;20220503;00:30:00;00:35:00;6;21.18;22
E4S 56,780;20220503;00:35:00;00:40:00;7;18.95;7
E4S 56,780;20220503;00:40:00;00:45:00;8;21.55;9
E4S 56,780;20220503;00:45:00;00:50:00;9;21.17;5
E4S 56,780;20220503;00:50:00;00:55:00;10;20.59;5
E4S 56,780;20220503;00:55:00;01:00:00;11;20.62;8
E4S 56,780;20220503;01:00:00;01:05:00;12;21.20;21
E4S 56,780;20220503;01:05:00;01:10:00;13;21.21;16
E4S 56,780;20220503;01:10:00;01:15:00;14;20.88;14
E4S 56,780;20220503;01:15:00;01:20:00;15;19.97;19
E4S 56,780;20220503;01:20:00;01:25:00;16;20.33;11
E4S 56,780;20220503;01:25:00;01:30:00;17;21.79;15
E4S 56,780;20220503;01:30:00;01:35:00;18;22.55;24
E4S 56,780;20220503;01:35:00;01:40:00;19;20.29;11
E4S 56,780;20220503;01:40:00;01:45:00;20;21.88;19
E4S 56,780;20220503;01:45:00;01:50:00;21;20.95;20
E4S 56,780;20220503;01:50:00;01:55:00;22;21.21;20
E4S 56,780;20220503;01:55:00;02:00:00;23;21.09;18
E4S 56,780;20220503;02:00:00;02:05:00;24;21.71;20
E4S 56,780;20220503;02:05:00;02:10:00;25;21.15;22
E4S 56,780;20220503;02:10:00;02:15:00;26;21.75;32
E4S 56,780;20220503;02:15:00;02:20:00;27;21.80;27
E4S 56,780;20220503;02:20:00;02:25:00;28;22.33;27
E4S 56,780;20220503;02:25:00;02:30:00;29;21.78;23
E4S 56,780;20220503;02:30:00;02:35:00;30;21.77;38
E4S 56,780;20220503;02:35:00;02:40:00;31;21.45;32
E4S 56,780;20220503;02:40:00;02:45:00;32;22.00;29
E4S 56,780;20220503;02:45:00;02:50:00;33;21.27;36
E4S 56,780;20220503;02:50:00;02:55:00;34;22.25;46
E4S 56,780;20220503;02:55:00;03:00:00;35;21.52;34
E4S 56,780;20220503;03:00:00;03:05:00;36;20.81;32
E4S 56,780;20220503;03:05:00;03:10:00;37;21.64;57
E4S 56,780;20220503;03:10:00;03:15:00;38;21.76;63
E4S 56,780;20220503;03:15:00;03:20:00;39;21.39;72
E4S 56,780;20220503;03:20:00;03:25:00;40;20.98;79
E4S 56,780;20220503;03:25:00;03:30:00;41;21.33;75
E4S 56,780;20220503;03:30:00;03:35:00;42;21.17;117
E4S 56,780;20220503;03:35:00;03:40:00;43;21.14;135
E4S 56,780;20220503;03:40:00;03:45:00;44;21.09;164
E4S 56,780;20220503;03:45:00;03:50:00;45;20.41;189
E4S 56,780;20220503;03:50:00;03:55:00;46;20.54;214
E4S 56,780;20220503;03:55:00;04:00:00;47;21.27;198
E4S 56,780;20220503;04:00:00;04:05:00;48;21.05;175
E4S 56,780;20220503;04:05:00;04:10:00;49;20.70;185
E4S 56,780;20220503;04:10:00;04:15:00;50;20.43;225
E4S 56,780;20220503;04:15:00;04:20:00;51;19.97;275
E4S 56,780;20220503;04:20:00;04:25:00;52;19.91;280
E4S 56,780;20220503;04:25:00;04:30:00;53;19.49;307
E4S 56,780;20220503;04:30:00;04:35:00;54;19.00;288
E4S 56,780;20220503;04:35:00;04:40:00;55;20.06;281
E4S 56,780;20220503;04:40:00;04:45:00;56;19.66;306
E4S 56,780;20220503;04:45:00;04:50:00;57;19.12;341
E4S 56,780;20220503;04:50:00;04:55:00;58;19.73;268
E4S 56,780;20220503;04:55:00;05:00:00;59;19.72;294
E4S 56,780;20220503;05:00:00;05:05:00;60;18.58;301
E4S 56,780;20220503;05:05:00;05:10:00;61;19.27;283
E4S 56,780;20220503;05:10:00;05:15:00;62;18.60;306
E4S 56,780;20220503;05:15:00;05:20:00;63;19.63;282
E4S 56,780;20220503;05:20:00;05:25:00;64;18.80;300
E4S 56,780;20220503;05:25:00;05:30:00;65;18.62;339
E4S 56,780;20220503;05:30:00;05:35:00;66;19.10;304
E4S 56,780;20220503;05:35:00;05:40:00;67;18.43;349
E4S 56,780;20220503;05:40:00;05:45:00;68;19.06;287
E4S 56,780;20220503;05:45:00;05:50:00;69;18.13;314
E4S 56,780;20220503;05:50:00;05:55:00;70;18.34;282
E4S 56,780;20220503;05:55:00;06:00:00;71;18.70;272
E4S 56,780;20220503;06:00:00;06:05:00;72;19.41;246
E4S 56,780;20220503;06:05:00;06:10:00;73;19.00;274
E4S 56,780;20220503;06:10:00;06:15:00;74;18.44;290
E4S 56,780;20220503;06:15:00;06:20:00;75;18.37;296
E4S 56,780;20220503;06:20:00;06:25:00;76;18.53;281
E4S 56,780;20220503;06:25:00;06:30:00;77;18.90;239
E4S 56,780;20220503;06:30:00;06:35:00;78;19.49;130
E4S 56,780;20220503;06:35:00;06:40:00;79;20.41;129
E4S 56,780;20220503;06:40:00;06:45:00;80;17.61;354
E4S 56,780;20220503;06:45:00;06:50:00;81;17.98;323
E4S 56,780;20220503;06:50:00;06:55:00;82;18.25;310
E4S 56,780;20220503;06:55:00;07:00:00;83;18.46;286
E4S 56,780;20220503;07:00:00;07:05:00;84;18.13;315
E4S 56,780;20220503;07:05:00;07:10:00;85;18.08;305
E4S 56,780;20220503;07:10:00;07:15:00;86;17.48;318
E4S 56,780;20220503;07:15:00;07:20:00;87;17.75;303
E4S 56,780;20220503;07:20:00;07:25:00;88;17.40;295
E4S 56,780;20220503;07:25:00;07:30:00;89;17.88;331
E4S 56,780;20220503;07:30:00;07:35:00;90;17.58;359
E4S 56,780;20220503;07:35:00;07:40:00;91;16.70;379
E4S 56,780;20220503;07:40:00;07:45:00;92;17.49;340
E4S 56,780;20220503;07:45:00;07:50:00;93;16.69;279
E4S 56,780;20220503;07:50:00;07:55:00;94;17.81;321
E4S 56,780;20220503;07:55:00;08:00:00;95;18.15;273
E4S 56,780;20220503;08:00:00;08:05:00;96;18.82;262
E4S 56,780;20220503;08:05:00;08:10:00;97;18.33;319
E4S 56,780;20220503;08:10:00;08:15:00;98;17.96;275
E4S 56,780;20220503;08:15:00;08:20:00;99;17.94;284
E4S 56,780;20220503;08:20:00;08:25:00;100;18.51;275
E4S 56,780;20220503;08:25:00;08:30:00;101;17.91;288
E4S 56,780;20220503;08:30:00;08:35:00;102;18.55;282
E4S 56,780;20220503;08:35:00;08:40:00;103;18.85;280
E4S 56,780;20220503;08:40:00;08:45:00;104;17.87;298
E4S 56,780;20220503;08:45:00;08:50:00;105;18.16;309
E4S 56,780;20220503;08:50:00;08:55:00;106;18.58;288
E4S 56,780;20220503;08:55:00;09:00:00;107;18.43;266
E4S 56,780;20220503;09:00:00;09:05:00;108;18.39;280
E4S 56,780;20220503;09:05:00;09:10:00;109;18.15;252
E4S 56,780;20220503;09:10:00;09:15:00;110;17.69;281
E4S 56,780;20220503;09:15:00;09:20:00;111;17.69;295
E4S 56,780;20220503;09:20:00;09:25:00;112;18.14;302
E4S 56,780;20220503;09:25:00;09:30:00;113;18.15;275
E4S 56,780;20220503;09:30:00;09:35:00;114;17.69;287
E4S 56,780;20220503;09:35:00;09:40:00;115;17.69;295
E4S 56,780;20220503;09:40:00;09:45:00;116;18.33;253
E4S 56,780;20220503;09:45:00;09:50:00;117;17.94;261
E4S 56,780;20220503;09:50:00;09:55:00;118;16.96;305
E4S 56,780;20220503;09:55:00;10:00:00;119;18.11;269
E4S 56,780;20220503;10:00:00;10:05:00;120;17.59;332
E4S 56,780;20220503;10:05:00;10:10:00;121;17.90;313
E4S 56,780;20220503;10:10:00;10:15:00;122;18.16;287
E4S 56,780;20220503;10:15:00;10:20:00;123;17.62;299
E4S 56,780;20220503;10:20:00;10:25:00;124;17.64;346
E4S 56,780;20220503;10:25:00;10:30:00;125;17.51;334
E4S 56,780;20220503;10:30:00;10:35:00;126;17.91;265
E4S 56,780;20220503;10:35:00;10:40:00;127;17.66;317
E4S 56,780;20220503;10:40:00;10:45:00;128;17.63;300
E4S 56,780;20220503;10:45:00;10:50:00;129;18.33;312
E4S 56,780;20220503;10:50:00;10:55:00;130;18.52;274
E4S 56,780;20220503;10:55:00;11:00:00;131;17.81;276
E4S 56,780;20220503;11:00:00;11:05:00;132;18.31;297
E4S 56,780;20220503;11:05:00;11:10:00;133;18.37;287
E4S 56,780;20220503;11:10:00;11:15:00;134;18.12;302
E4S 56,780;20220503;11:15:00;11:20:00;135;17.78;344
E4S 56,780;20220503;11:20:00;11:25:00;136;18.00;293
E4S 56,780;20220503;11:25:00;11:30:00;137;17.69;321
E4S 56,780;20220503;11:30:00;11:35:00;138;17.51;331
E4S 56,780;20220503;11:35:00;11:40:00;139;18.16;303
E4S 56,780;20220503;11:40:00;11:45:00;140;18.10;313
E4S 56,780;20220503;11:45:00;11:50:00;141;17.80;350
E4S 56,780;20220503;11:50:00;11:55:00;142;17.20;357
E4S 56,780;20220503;11:55:00;12:00:00;143;18.18;328
E4S 56,780;20220503;12:00:00;12:05:00;144;17.89;280
E4S 56,780;20220503;12:05:00;12:10:00;145;17.46;334
E4S 56,780;20220503;12:10:00;12:15:00;146;17.41;340
E4S 56,780;20220503;12:15:00;12:20:00;147;17.58;372
E4S 56,780;20220503;12:20:00;12:25:00;148;17.24;327
E4S 56,780;20220503;12:25:00;12:30:00;149;17.30;340
E4S 56,780;20220503;12:30:00;12:35:00;150;17.62;348
E4S 56,780;20220503;12:35:00;12:40:00;151;17.15;372
E4S 56,780;20220503;12:40:00;12:45:00;152;17.11;387
E4S 56,780;20220503;12:45:00;12:50:00;153;16.46;397
E4S 56,780;20220503;12:50:00;12:55:00;154;16.94;369
E4S 56,780;20220503;12:55:00;13:00:00;155;17.41;369
E4S 56,780;20220503;13:00:00;13:05:00;156;16.06;367
E4S 56,780;20220503;13:05:00;13:10:00;157;12.06;309
E4S 56,780;20220503;13:10:00;13:15:00;158;12.05;315
E4S 56,780;20220503;13:15:00;13:20:00;159;11.71;370
E4S 56,780;20220503;13:20:00;13:25:00;160;10.99;364
E4S 56,780;20220503;13:25:00;13:30:00;161;8.73;311
E4S 56,780;20220503;13:30:00;13:35:00;162;10.85;345
E4S 56,780;20220503;13:35:00;13:40:00;163;8.03;267
E4S 56,780;20220503;13:40:00;13:45:00;164;10.82;270
E4S 56,780;20220503;13:45:00;13:50:00;165;10.02;309
E4S 56,780;20220503;13:50:00;13:55:00;166;9.08;254
E4S 56,780;20220503;13:55:00;14:00:00;167;11.14;329
E4S 56,780;20220503;14:00:00;14:05:00;168;10.85;315
E4S 56,780;20220503;14:05:00;14:10:00;169;10.44;327
E4S 56,780;20220503;14:10:00;14:15:00;170;8.10;274
E4S 56,780;20220503;14:15:00;14:20:00;171;9.42;303
E4S 56,780;20220503;14:20:00;14:25:00;172;8.52;278
E4S 56,780;20220503;14:25:00;14:30:00;173;9.96;298
E4S 56,780;20220503;14:30:00;14:35:00;174;9.78;289
E4S 56,780;20220503;14:35:00;14:40:00;175;9.51;237
E4S 56,780;20220503;14:40:00;14:45:00;176;9.85;267
E4S 56,780;20220503;14:45:00;14:50:00;177;8.89;253
E4S 56,780;20220503;14:50:00;14:55:00;178;8.02;227
E4S 56,780;20220503;14:55:00;15:00:00;179;8.76;280
E4S 56,780;20220503;15:00:00;15:05:00;180;7.74;185
E4S 56,780;20220503;15:05:00;15:10:00;181;6.83;176
E4S 56,780;20220503;15:10:00;15:15:00;182;7.57;207
E4S 56,780;20220503;15:15:00;15:20:00;183;7.64;265
E4S 56,780;20220503;15:20:00;15:25:00;184;7.61;248
E4S 56,780;20220503;15:25:00;15:30:00;185;6.80;231
E4S 56,780;20220503;15:30:00;15:35:00;186;8.03;256
E4S 56,780;20220503;15:35:00;15:40:00;187;7.36;242
E4S 56,780;20220503;15:40:00;15:45:00;188;8.28;268
E4S 56,780;20220503;15:45:00;15:50:00;189;8.64;279
E4S 56,780;20220503;15:50:00;15:55:00;190;8.39;317
E4S 56,780;20220503;15:55:00;16:00:00;191;9.33;307
E4S 56,780;20220503;16:00:00;16:05:00;192;10.72;365
E4S 56,780;20220503;16:05:00;16:10:00;193;8.88;318
E4S 56,780;20220503;16:10:00;16:15:00;194;4.98;200
E4S 56,780;20220503;16:15:00;16:20:00;195;10.59;351
E4S 56,780;20220503;16:20:00;16:25:00;196;10.94;342
E4S 56,780;20220503;16:25:00;16:30:00;197;8.62;345
E4S 56,780;20220503;16:30:00;16:35:00;198;9.33;367
E4S 56,780;20220503;16:35:00;16:40:00;199;13.36;377
E4S 56,780;20220503;16:40:00;16:45:00;200;15.84;327
E4S 56,780;20220503;16:45:00;16:50:00;201;16.41;249
E4S 56,780;20220503;16:50:00;16:55:00;202;16.64;243
E4S 56,780;20220503;16:55:00;17:00:00;203;15.69;289
E4S 56,780;20220503;17:00:00;17:05:00;204;15.60;236
E4S 56,780;20220503;17:05:00;17:10:00;205;16.13;248
E4S 56,780;20220503;17:10:00;17:15:00;206;16.61;214
E4S 56,780;20220503;17:15:00;17:20:00;207;16.85;224
E4S 56,780;20220503;17:20:00;17:25:00;208;17.38;257
E4S 56,780;20220503;17:25:00;17:30:00;209;15.57;229
E4S 56,780;20220503;17:30:00;17:35:00;210;17.00;203
E4S 56,780;20220503;17:35:00;17:40:00;211;17.39;211
E4S 56,780;20220503;17:40:00;17:45:00;212;17.27;215
E4S 56,780;20220503;17:45:00;17:50:00;213;17.05;189
E4S 56,780;20220503;17:50:00;17:55:00;214;17.62;218
E4S 56,780;20220503;17:55:00;18:00:00;215;18.01;196
E4S 56,780;20220503;18:00:00;18:05:00;216;17.80;214
E4S 56,780;20220503;18:05:00;18:10:00;217;17.67;213
E4S 56,780;20220503;18:10:00;18:15:00;218;17.17;173
E4S 56,780;20220503;18:15:00;18:20:00;219;17.90;216
E4S 56,780;20220503;18:20:00;18:25:00;220;18.26;214
E4S 56,780;20220503;18:25:00;18:30:00;221;17.60;218
E4S 56,780;20220503;18:30:00;18:35:00;222;18.33;186
E4S 56,780;20220503;18:35:00;18:40:00;223;18.95;199
E4S 56,780;20220503;18:40:00;18:45:00;224;19.05;190
E4S 56,780;20220503;18:45:00;18:50:00;225;19.17;192
E4S 56,780;20220503;18:50:00;18:55:00;226;19.04;199
E4S 56,780;20220503;18:55:00;19:00:00;227;18.93;187
E4S 56,780;20220503;19:00:00;19:05:00;228;19.26;174
E4S 56,780;20220503;19:05:00;19:10:00;229;19.31;192
E4S 56,780;20220503;19:10:00;19:15:00;230;19.11;162
E4S 56,780;20220503;19:15:00;19:20:00;231;18.92;197
E4S 56,780;20220503;19:20:00;19:25:00;232;19.57;188
E4S 56,780;20220503;19:25:00;19:30:00;233;18.86;165
E4S 56,780;20220503;19:30:00;19:35:00;234;19.21;165
E4S 56,780;20220503;19:35:00;19:40:00;235;19.27;135
E4S 56,780;20220503;19:40:00;19:45:00;236;19.23;153
E4S 56,780;20220503;19:45:00;19:50:00;237;18.85;155
E4S 56,780;20220503;19:50:00;19:55:00;238;19.05;138
E4S 56,780;20220503;19:55:00;20:00:00;239;19.70;128
E4S 56,780;20220503;20:00:00;20:05:00;240;19.86;117
E4S 56,780;20220503;20:05:00;20:10:00;241;18.71;131
E4S 56,780;20220503;20:10:00;20:15:00;242;19.58;122
E4S 56,780;20220503;20:15:00;20:20:00;243;19.14;142
E4S 56,780;20220503;20:20:00;20:25:00;244;19.38;100
E4S 56,780;20220503;20:25:00;20:30:00;245;20.00;108
E4S 56,780;20220503;20:30:00;20:35:00;246;20.11;79
E4S 56,780;20220503;20:35:00;20:40:00;247;20.14;76
E4S 56,780;20220503;20:40:00;20:45:00;248;20.01;68
E4S 56,780;20220503;20:45:00;20:50:00;249;19.27;94
E4S 56,780;20220503;20:50:00;20:55:00;250;20.15;75
E4S 56,780;20220503;20:55:00;21:00:00;251;19.82;68
E4S 56,780;20220503;21:00:00;21:05:00;252;20.39;69
E4S 56,780;20220503;21:05:00;21:10:00;253;20.30;64
E4S 56,780;20220503;21:10:00;21:15:00;254;19.73;81
E4S 56,780;20220503;21:15:00;21:20:00;255;19.72;79
E4S 56,780;20220503;21:20:00;21:25:00;256;19.99;76
E4S 56,780;20220503;21:25:00;21:30:00;257;18.44;52
E4S 56,780;20220503;21:30:00;21:35:00;258;19.65;58
E4S 56,780;20220503;21:35:00;21:40:00;259;19.80;60
E4S 56,780;20220503;21:40:00;21:45:00;260;20.08;57
E4S 56,780;20220503;21:45:00;21:50:00;261;20.11;55
E4S 56,780;20220503;21:50:00;21:55:00;262;18.92;52
E4S 56,780;20220503;21:55:00;22:00:00;263;20.85;48
E4S 56,780;20220503;22:00:00;22:05:00;264;20.26;52
E4S 56,780;20220503;22:05:00;22:10:00;265;20.54;38
E4S 56,780;20220503;22:10:00;22:15:00;266;20.17;45
E4S 56,780;20220503;22:15:00;22:20:00;267;20.22;46
E4S 56,780;20220503;22:20:00;22:25:00;268;20.14;43
E4S 56,780;20220503;22:25:00;22:30:00;269;20.13;31
E4S 56,780;20220503;22:30:00;22:35:00;270;19.69;47
E4S 56,780;20220503;22:35:00;22:40:00;271;20.80;34
E4S 56,780;20220503;22:40:00;22:45:00;272;20.09;49
E4S 56,780;20220503;22:45:00;22:50:00;273;19.96;34
E4S 56,780;20220503;22:50:00;22:55:00;274;19.99;34
E4S 56,780;20220503;22:55:00;23:00:00;275;19.62;25
E4S 56,780;20220503;23:00:00;23:05:00;276;20.12;27
E4S 56,780;20220503;23:05:00;23:10:00;277;18.94;26
E4S 56,780;20220503;23:10:00;23:15:00;278;20.74;32
E4S 56,780;20220503;23:15:00;23:20:00;279;20.14;25
E4S 56,780;20220503;23:20:00;23:25:00;280;19.01;29
E4S 56,780;20220503;23:25:00;23:30:00;281;19.53;26
E4S 56,780;20220503;23:30:00;23:35:00;282;20.81;23
E4S 56,780;20220503;23:35:00;23:40:00;283;20.65;20
E4S 56,780;20220503;23:40:00;23:45:00;284;20.28;27
E4S 56,780;20220503;23:45:00;23:50:00;285;20.69;22
E4S 56,780;20220503;23:50:00;23:55:00;286;20.76;12
E4S 56,780;20220503;23:55:00;24:00:00;287;21.04;26
E4S 56,780;20220505;00:00:00;00:05:00;0;19.63;30
E4S 56,780;20220505;00:05:00;00:10:00;1;20.53;15
E4S 56,780;20220505;00:10:00;00:15:00;2;19.74;21
E4S 56,780;20220505;00:15:00;00:20:00;3;19.16;31
E4S 56,780;20220505;00:20:00;00:25:00;4;20.71;20
E4S 56,780;20220505;00:25:00;00:30:00;5;19.58;26
E4S 56,780;20220505;00:30:00;00:35:00;6;20.13;14
E4S 56,780;20220505;00:35:00;00:40:00;7;20.45;24
E4S 56,780;20220505;00:40:00;00:45:00;8;20.46;18
E4S 56,780;20220505;00:45:00;00:50:00;9;20.54;21
E4S 56,780;20220505;00:50:00;00:55:00;10;23.77;20
E4S 56,780;20220505;00:55:00;01:00:00;11;21.81;14
E4S 56,780;20220505;01:00:00;01:05:00;12;19.44;21
E4S 56,780;20220505;01:05:00;01:10:00;13;18.88;15
E4S 56,780;20220505;01:10:00;01:15:00;14;21.56;21
E4S 56,780;20220505;01:15:00;01:20:00;15;20.16;19
E4S 56,780;20220505;01:20:00;01:25:00;16;20.65;29
E4S 56,780;20220505;01:25:00;01:30:00;17;20.34;20
E4S 56,780;20220505;01:30:00;01:35:00;18;21.16;24
E4S 56,780;20220505;01:35:00;01:40:00;19;20.61;23
E4S 56,780;20220505;01:40:00;01:45:00;20;19.45;33
E4S 56,780;20220505;01:45:00;01:50:00;21;21.93;21
E4S 56,780;20220505;01:50:00;01:55:00;22;21.01;27
E4S 56,780;20220505;01:55:00;02:00:00;23;20.68;27
E4S 56,780;20220505;02:00:00;02:05:00;24;21.72;26
E4S 56,780;20220505;02:05:00;02:10:00;25;21.41;21
E4S 56,780;20220505;02:10:00;02:15:00;26;21.37;37
E4S 56,780;20220505;02:15:00;02:20:00;27;20.49;32
E4S 56,780;20220505;02:20:00;02:25:00;28;21.08;27
E4S 56,780;20220505;02:25:00;02:30:00;29;20.83;29
E4S 56,780;20220505;02:30:00;02:35:00;30;21.56;35
E4S 56,780;20220505;02:35:00;02:40:00;31;20.01;35
E4S 56,780;20220505;02:40:00;02:45:00;32;20.72;25
E4S 56,780;20220505;02:45:00;02:50:00;33;21.23;34
E4S 56,780;20220505;02:50:00;02:55:00;34;22.05;46
E4S 56,780;20220505;02:55:00;03:00:00;35;21.76;32
E4S 56,780;20220505;03:00:00;03:05:00;36;21.46;46
E4S 56,780;20220505;03:05:00;03:10:00;37;20.60;67
E4S 56,780;20220505;03:10:00;03:15:00;38;21.34;57
E4S 56,780;20220505;03:15:00;03:20:00;39;21.31;73
E4S 56,780;20220505;03:20:00;03:25:00;40;21.30;70
E4S 56,780;20220505;03:25:00;03:30:00;41;21.57;95
E4S 56,780;20220505;03:30:00;03:35:00;42;21.94;103
E4S 56,780;20220505;03:35:00;03:40:00;43;21.11;120
E4S 56,780;20220505;03:40:00;03:45:00;44;21.00;152
E4S 56,780;20220505;03:45:00;03:50:00;45;21.09;188
E4S 56,780;20220505;03:50:00;03:55:00;46;20.73;208
E4S 56,780;20220505;03:55:00;04:00:00;47;21.16;231
E4S 56,780;20220505;04:00:00;04:05:00;48;21.86;151
E4S 56,780;20220505;04:05:00;04:10:00;49;20.75;196
E4S 56,780;20220505;04:10:00;04:15:00;50;20.51;216
E4S 56,780;20220505;04:15:00;04:20:00;51;20.10;228
E4S 56,780;20220505;04:20:00;04:25:00;52;19.93;287
E4S 56,780;20220505;04:25:00;04:30:00;53;19.07;303
E4S 56,780;20220505;04:30:00;04:35:00;54;20.35;291
E4S 56,780;20220505;04:35:00;04:40:00;55;19.70;270
E4S 56,780;20220505;04:40:00;04:45:00;56;20.06;292
E4S 56,780;20220505;04:45:00;04:50:00;57;19.06;378
E4S 56,780;20220505;04:50:00;04:55:00;58;19.34;320
E4S 56,780;20220505;04:55:00;05:00:00;59;20.11;290
E4S 56,780;20220505;05:00:00;05:05:00;60;19.38;273
E4S 56,780;20220505;05:05:00;05:10:00;61;18.84;301
E4S 56,780;20220505;05:10:00;05:15:00;62;18.78;271
E4S 56,780;20220505;05:15:00;05:20:00;63;19.12;345
E4S 56,780;20220505;05:20:00;05:25:00;64;19.28;330
E4S 56,780;20220505;05:25:00;05:30:00;65;18.66;349
E4S 56,780;20220505;05:30:00;05:35:00;66;19.04;353
E4S 56,780;20220505;05:35:00;05:40:00;67;17.84;335
E4S 56,780;20220505;05:40:00;05:45:00;68;19.35;314
E4S 56,780;20220505;05:45:00;05:50:00;69;18.63;298
E4S 56,780;20220505;05:50:00;05:55:00;70;18.61;338
E4S 56,780;20220505;05:55:00;06:00:00;71;19.27;302
E4S 56,780;20220505;06:00:00;06:05:00;72;18.89;280
E4S 56,780;20220505;06:05:00;06:10:00;73;18.74;301
E4S 56,780;20220505;06:10:00;06:15:00;74;18.93;304
E4S 56,780;20220505;06:15:00;06:20:00;75;18.81;286
E4S 56,780;20220505;06:20:00;06:25:00;76;18.41;318
E4S 56,780;20220505;06:25:00;06:30:00;77;17.42;368
E4S 56,780;20220505;06:30:00;06:35:00;78;17.90;355
E4S 56,780;20220505;06:35:00;06:40:00;79;18.13;320
E4S 56,780;20220505;06:40:00;06:45:00;80;17.69;356
E4S 56,780;20220505;06:45:00;06:50:00;81;17.93;323
E4S 56,780;20220505;06:50:00;06:55:00;82;18.13;322
E4S 56,780;20220505;06:55:00;07:00:00;83;18.10;321
E4S 56,780;20220505;07:00:00;07:05:00;84;17.27;344
E4S 56,780;20220505;07:05:00;07:10:00;85;17.89;314
E4S 56,780;20220505;07:10:00;07:15:00;86;17.51;355
E4S 56,780;20220505;07:15:00;07:20:00;87;16.74;365
E4S 56,780;20220505;07:20:00;07:25:00;88;17.21;332
E4S 56,780;20220505;07:25:00;07:30:00;89;17.99;291
E4S 56,780;20220505;07:30:00;07:35:00;90;17.97;303
E4S 56,780;20220505;07:35:00;07:40:00;91;17.59;295
E4S 56,780;20220505;07:40:00;07:45:00;92;18.29;285
E4S 56,780;20220505;07:45:00;07:50:00;93;18.42;301
E4S 56,780;20220505;07:50:00;07:55:00;94;18.26;296
E4S 56,780;20220505;07:55:00;08:00:00;95;17.72;349
E4S 56,780;20220505;08:00:00;08:05:00;96;17.96;287
E4S 56,780;20220505;08:05:00;08:10:00;97;18.52;296
E4S 56,780;20220505;08:10:00;08:15:00;98;19.00;283
E4S 56,780;20220505;08:15:00;08:20:00;99;18.41;296
E4S 56,780;20220505;08:20:00;08:25:00;100;17.49;320
E4S 56,780;20220505;08:25:00;08:30:00;101;17.89;293
E4S 56,780;20220505;08:30:00;08:35:00;102;17.68;288
E4S 56,780;20220505;08:35:00;08:40:00;103;17.79;294
E4S 56,780;20220505;08:40:00;08:45:00;104;17.99;300
E4S 56,780;20220505;08:45:00;08:50:00;105;17.70;357
E4S 56,780;20220505;08:50:00;08:55:00;106;18.21;275
E4S 56,780;20220505;08:55:00;09:00:00;107;17.65;301
E4S 56,780;20220505;09:00:00;09:05:00;108;17.92;270
E4S 56,780;20220505;09:05:00;09:10:00;109;17.99;295
E4S 56,780;20220505;09:10:00;09:15:00;110;18.22;296
E4S 56,780;20220505;09:15:00;09:20:00;111;17.45;313
E4S 56,780;20220505;09:20:00;09:25:00;112;17.38;292
E4S 56,780;20220505;09:25:00;09:30:00;113;17.99;334
E4S 56,780;20220505;09:30:00;09:35:00;114;18.48;289
E4S 56,780;20220505;09:35:00;09:40:00;115;17.78;303
E4S 56,780;20220505;09:40:00;09:45:00;116;17.81;338
E4S 56,780;20220505;09:45:00;09:50:00;117;18.20;278
E4S 56,780;20220505;09:50:00;09:55:00;118;18.10;304
E4S 56,780;20220505;09:55:00;10:00:00;119;17.48;323
E4S 56,780;20220505;10:00:00;10:05:00;120;17.51;295
E4S 56,780;20220505;10:05:00;10:10:00;121;17.83;316
E4S 56,780;20220505;10:10:00;10:15:00;122;18.09;315
E4S 56,780;20220505;10:15:00;10:20:00;123;17.82;314
E4S 56,780;20220505;10:20:00;10:25:00;124;16.95;350
E4S 56,780;20220505;10:25:00;10:30:00;125;18.21;319
E4S 56,780;20220505;10:30:00;10:35:00;126;17.87;334
E4S 56,780;20220505;10:35:00;10:40:00;127;17.48;345
E4S 56,780;20220505;10:40:00;10:45:00;128;18.01;343
E4S 56,780;20220505;10:45:00;10:50:00;129;18.14;354
E4S 56,780;20220505;10:50:00;10:55:00;130;17.70;335
E4S 56,780;20220505;10:55:00;11:00:00;131;17.65;331
E4S 56,780;20220505;11:00:00;11:05:00;132;18.11;317
E4S 56,780;20220505;11:05:00;11:10:00;133;18.20;299
E4S 56,780;20220505;11:10:00;11:15:00;134;18.03;343
E4S 56,780;20220505;11:15:00;11:20:00;135;17.40;349
E4S 56,780;20220505;11:20:00;11:25:00;136;17.64;327
E4S 56,780;20220505;11:25:00;11:30:00;137;17.83;359
E4S 56,780;20220505;11:30:00;11:35:00;138;17.26;344
E4S 56,780;20220505;11:35:00;11:40:00;139;17.44;360
E4S 56,780;20220505;11:40:00;11:45:00;140;17.85;332
E4S 56,780;20220505;11:45:00;11:50:00;141;18.31;306
E4S 56,780;20220505;11:50:00;11:55:00;142;17.29;359
E4S 56,780;20220505;11:55:00;12:00:00;143;17.77;338
E4S 56,780;20220505;12:00:00;12:05:00;144;17.06;328
E4S 56,780;20220505;12:05:00;12:10:00;145;17.83;331
E4S 56,780;20220505;12:10:00;12:15:00;146;16.76;419
E4S 56,780;20220505;12:15:00;12:20:00;147;17.08;371
E4S 56,780;20220505;12:20:00;12:25:00;148;16.81;399
E4S 56,780;20220505;12:25:00;12:30:00;149;17.05;364
E4S 56,780;20220505;12:30:00;12:35:00;150;15.68;406
E4S 56,780;20220505;12:35:00;12:40:00;151;16.26;394
E4S 56,780;20220505;12:40:00;12:45:00;152;11.06;283
E4S 56,780;20220505;12:45:00;12:50:00;153;6.69;172
E4S 56,780;20220505;12:50:00;12:55:00;154;8.74;265
E4S 56,780;20220505;12:55:00;13:00:00;155;13.98;382
E4S 56,780;20220505;13:00:00;13:05:00;156;14.12;368
E4S 56,780;20220505;13:05:00;13:10:00;157;13.18;390
E4S 56,780;20220505;13:10:00;13:15:00;158;12.80;373
E4S 56,780;20220505;13:15:00;13:20:00;159;13.71;378
E4S 56,780;20220505;13:20:00;13:25:00;160;9.71;302
E4S 56,780;20220505;13:25:00;13:30:00;161;9.19;296
E4S 56,780;20220505;13:30:00;13:35:00;162;9.97;352
E4S 56,780;20220505;13:35:00;13:40:00;163;10.92;357
E4S 56,780;20220505;13:40:00;13:45:00;164;8.76;322
E4S 56,780;20220505;13:45:00;13:50:00;165;9.23;308
E4S 56,780;20220505;13:50:00;13:55:00;166;9.15;317
E4S 56,780;20220505;13:55:00;14:00:00;167;9.66;320
E4S 56,780;20220505;14:00:00;14:05:00;168;8.57;260
E4S 56,780;20220505;14:05:00;14:10:00;169;14.45;248
E4S 56,780;20220505;14:10:00;14:15:00;170;14.81;234
E4S 56,780;20220505;14:15:00;14:20:00;171;14.78;286
E4S 56,780;20220505;14:20:00;14:25:00;172;13.90;343
E4S 56,780;20220505;14:25:00;14:30:00;173;14.48;325
E4S 56,780;20220505;14:30:00;14:35:00;174;14.74;290
E4S 56,780;20220505;14:35:00;14:40:00;175;13.91;320
E4S 56,780;20220505;14:40:00;14:45:00;176;11.49;382
E4S 56,780;20220505;14:45:00;14:50:00;177;8.86;348
E4S 56,780;20220505;14:50:00;14:55:00;178;6.80;258
E4S 56,780;20220505;14:55:00;15:00:00;179;9.57;354
E4S 56,780;20220505;15:00:00;15:05:00;180;10.26;353
E4S 56,780;20220505;15:05:00;15:10:00;181;9.40;305
E4S 56,780;20220505;15:10:00;15:15:00;182;8.95;352
E4S 56,780;20220505;15:15:00;15:20:00;183;8.21;342
E4S 56,780;20220505;15:20:00;15:25:00;184;8.16;337
E4S 56,780;20220505;15:25:00;15:30:00;185;6.41;308
E4S 56,780;20220505;15:30:00;15:35:00;186;6.25;256
E4S 56,780;20220505;15:35:00;15:40:00;187;8.09;312
E4S 56,780;20220505;15:40:00;15:45:00;188;6.03;229
E4S 56,780;20220505;15:45:00;15:50:00;189;5.68;274
E4S 56,780;20220505;15:50:00;15:55:00;190;5.93;254
E4S 56,780;20220505;15:55:00;16:00:00;191;7.09;284
E4S 56,780;20220505;16:00:00;16:05:00;192;6.57;311
E4S 56,780;20220505;16:05:00;16:10:00;193;7.68;263
E4S 56,780;20220505;16:10:00;16:15:00;194;10.61;402
E4S 56,780;20220505;16:15:00;16:20:00;195;10.48;325
E4S 56,780;20220505;16:20:00;16:25:00;196;8.78;287
E4S 56,780;20220505;16:25:00;16:30:00;197;11.19;310
E4S 56,780;20220505;16:30:00;16:35:00;198;12.30;355
E4S 56,780;20220505;16:35:00;16:40:00;199;10.95;377
E4S 56,780;20220505;16:40:00;16:45:00;200;9.71;361
E4S 56,780;20220505;16:45:00;16:50:00;201;10.47;318
E4S 56,780;20220505;16:50:00;16:55:00;202;9.85;329
E4S 56,780;20220505;16:55:00;17:00:00;203;9.35;337
E4S 56,780;20220505;17:00:00;17:05:00;204;15.56;226
E4S 56,780;20220505;17:05:00;17:10:00;205;17.62;230
E4S 56,780;20220505;17:10:00;17:15:00;206;17.27;213
E4S 56,780;20220505;17:15:00;17:20:00;207;16.66;272
E4S 56,780;20220505;17:20:00;17:25:00;208;17.71;211
E4S 56,780;20220505;17:25:00;17:30:00;209;17.40;190
E4S 56,780;20220505;17:30:00;17:35:00;210;18.37;190
E4S 56,780;20220505;17:35:00;17:40:00;211;17.36;215
E4S 56,780;20220505;17:40:00;17:45:00;212;16.86;216
E4S 56,780;20220505;17:45:00;17:50:00;213;17.62;198
E4S 56,780;20220505;17:50:00;17:55:00;214;17.32;186
E4S 56,780;20220505;17:55:00;18:00:00;215;16.94;204
E4S 56,780;20220505;18:00:00;18:05:00;216;17.79;212
E4S 56,780;20220505;18:05:00;18:10:00;217;17.50;161
E4S 56,780;20220505;18:10:00;18:15:00;218;17.94;199
E4S 56,780;20220505;18:15:00;18:20:00;219;18.01;180
E4S 56,780;20220505;18:20:00;18:25:00;220;17.33;217
E4S 56,780;20220505;18:25:00;18:30:00;221;18.34;179
E4S 56,780;20220505;18:30:00;18:35:00;222;18.47;210
E4S 56,780;20220505;18:35:00;18:40:00;223;18.79;176
E4S 56,780;20220505;18:40:00;18:45:00;224;18.15;172
E4S 56,780;20220505;18:45:00;18:50:00;225;18.09;192
E4S 56,780;20220505;18:50:00;18:55:00;226;18.29;150
E4S 56,780;20220505;18:55:00;19:00:00;227;18.53;156
E4S 56,780;20220505;19:00:00;19:05:00;228;19.79;146
E4S 56,780;20220505;19:05:00;19:10:00;229;19.07;185
E4S 56,780;20220505;19:10:00;19:15:00;230;19.11;151
E4S 56,780;20220505;19:15:00;19:20:00;231;18.73;177
E4S 56,780;20220505;19:20:00;19:25:00;232;19.59;187
E4S 56,780;20220505;19:25:00;19:30:00;233;18.94;162
E4S 56,780;20220505;19:30:00;19:35:00;234;19.16;179
E4S 56,780;20220505;19:35:00;19:40:00;235;19.27;166
E4S 56,780;20220505;19:40:00;19:45:00;236;19.54;161
E4S 56,780;20220505;19:45:00;19:50:00;237;19.41;148
E4S 56,780;20220505;19:50:00;19:55:00;238;19.20;140
E4S 56,780;20220505;19:55:00;20:00:00;239;19.36;140
E4S 56,780;20220505;20:00:00;20:05:00;240;19.86;123
E4S 56,780;20220505;20:05:00;20:10:00;241;19.56;148
E4S 56,780;20220505;20:10:00;20:15:00;242;20.00;117
E4S 56,780;20220505;20:15:00;20:20:00;243;19.18;139
E4S 56,780;20220505;20:20:00;20:25:00;244;19.21;135
E4S 56,780;20220505;20:25:00;20:30:00;245;19.35;103
E4S 56,780;20220505;20:30:00;20:35:00;246;19.69;95
E4S 56,780;20220505;20:35:00;20:40:00;247;19.99;86
E4S 56,780;20220505;20:40:00;20:45:00;248;20.03;104
E4S 56,780;20220505;20:45:00;20:50:00;249;20.05;101
E4S 56,780;20220505;20:50:00;20:55:00;250;19.46;97
E4S 56,780;20220505;20:55:00;21:00:00;251;19.61;82
E4S 56,780;20220505;21:00:00;21:05:00;252;19.68;95
E4S 56,780;20220505;21:05:00;21:10:00;253;21.05;71
E4S 56,780;20220505;21:10:00;21:15:00;254;19.86;81
E4S 56,780;20220505;21:15:00;21:20:00;255;19.63;92
E4S 56,780;20220505;21:20:00;21:25:00;256;20.15;83
E4S 56,780;20220505;21:25:00;21:30:00;257;19.54;53
E4S 56,780;20220505;21:30:00;21:35:00;258;19.83;46
E4S 56,780;20220505;21:35:00;21:40:00;259;19.34;64
E4S 56,780;20220505;21:40:00;21:45:00;260;20.94;56
E4S 56,780;20220505;21:45:00;21:50:00;261;19.95;48
E4S 56,780;20220505;21:50:00;21:55:00;262;20.16;58
E4S 56,780;20220505;21:55:00;22:00:00;263;21.23;53
E4S 56,780;20220505;22:00:00;22:05:00;264;21.02;61
E4S 56,780;20220505;22:05:00;22:10:00;265;20.13;52
E4S 56,780;20220505;22:10:00;22:15:00;266;16.29;34
E4S 56,780;20220505;22:15:00;22:20:00;267;19.77;53
E4S 56,780;20220505;22:20:00;22:25:00;268;19.60;42
E4S 56,780;20220505;22:25:00;22:30:00;269;20.28;45
E4S 56,780;20220505;22:30:00;22:35:00;270;20.34;45
E4S 56,780;20220505;22:35:00;22:40:00;271;20.07;31
E4S 56,780;20220505;22:40:00;22:45:00;272;20.29;47
E4S 56,780;20220505;22:45:00;22:50:00;273;20.48;31
E4S 56,780;20220505;22:50:00;22:55:00;274;20.59;31
E4S 56,780;20220505;22:55:00;23:00:00;275;20.87;39
E4S 56,780;20220505;23:00:00;23:05:00;276;19.99;33
E4S 56,780;20220505;23:05:00;23:10:00;277;19.60;26
E4S 56,780;20220505;23:10:00;23:15:00;278;20.48;31
E4S 56,780;20220505;23:15:00;23:20:00;279;20.68;37
E4S 56,780;20220505;23:20:00;23:25:00;280;21.28;21
E4S 56,780;20220505;23:25:00;23:30:00;281;21.59;42
E4S 56,780;20220505;23:30:00;23:35:00;282;19.99;24
E4S 56,780;20220505;23:35:00;23:40:00;283;21.34;34
E4S 56,780;20220505;23:40:00;23:45:00;284;19.41;15
E4S 56,780;20220505;23:45:00;23:50:00;285;20.60;30
E4S 56,780;20220505;23:50:00;23:55:00;286;20.48;23
E4S 56,780;20220505;23:55:00;24:00:00;287;20.18;15
E4S 56,780;20220514;00:00:00;00:05:00;0;20.65;31
E4S 56,780;20220514;00:05:00;00:10:00;1;18.35;24
E4S 56,780;20220514;00:10:00;00:15:00;2;19.59;30
E4S 56,780;20220514;00:15:00;00:20:00;3;20.08;31
E4S 56,780;20220514;00:20:00;00:25:00;4;19.46;32
E4S 56,780;20220514;00:25:00;00:30:00;5;20.17;28
E4S 56,780;20220514;00:30:00;00:35:00;6;18.96;21
E4S 56,780;20220514;00:35:00;00:40:00;7;20.41;38
E4S 56,780;20220514;00:40:00;00:45:00;8;18.91;33
E4S 56,780;20220514;00:45:00;00:50:00;9;19.08;43
E4S 56,780;20220514;00:50:00;00:55:00;10;18.66;16
E4S 56,780;20220514;00:55:00;01:00:00;11;19.43;40
E4S 56,780;20220514;01:00:00;01:05:00;12;19.57;30
E4S 56,780;20220514;01:05:00;01:10:00;13;20.10;30
E4S 56,780;20220514;01:10:00;01:15:00;14;19.00;29
E4S 56,780;20220514;01:15:00;01:20:00;15;20.41;20
E4S 56,780;20220514;01:20:00;01:25:00;16;21.06;26
E4S 56,780;20220514;01:25:00;01:30:00;17;20.31;26
E4S 56,780;20220514;01:30:00;01:35:00;18;20.48;29
E4S 56,780;20220514;01:35:00;01:40:00;19;19.97;36
E4S 56,780;20220514;01:40:00;01:45:00;20;21.10;24
E4S 56,780;20220514;01:45:00;01:50:00;21;18.98;29
E4S 56,780;20220514;01:50:00;01:55:00;22;20.07;19
E4S 56,780;20220514;01:55:00;02:00:00;23;20.21;21
E4S 56,780;20220514;02:00:00;02:05:00;24;20.39;36
E4S 56,780;20220514;02:05:00;02:10:00;25;20.61;39
E4S 56,780;20220514;02:10:00;02:15:00;26;19.83;22
E4S 56,780;20220514;02:15:00;02:20:00;27;20.16;26
E4S 56,780;20220514;02:20:00;02:25:00;28;19.98;21
E4S 56,780;20220514;02:25:00;02:30:00;29;20.57;33
E4S 56,780;20220514;02:30:00;02:35:00;30;21.66;26
E4S 56,780;20220514;02:35:00;02:40:00;31;20.85;15
E4S 56,780;20220514;02:40:00;02:45:00;32;20.79;40
E4S 56,780;20220514;02:45:00;02:50:00;33;21.08;37
E4S 56,780;20220514;02:50:00;02:55:00;34;21.52;22
E4S 56,780;20220514;02:55:00;03:00:00;35;20.43;26
E4S 56,780;20220514;03:00:00;03:05:00;36;21.72;37
E4S 56,780;20220514;03:05:00;03:10:00;37;20.58;33
E4S 56,780;20220514;03:10:00;03:15:00;38;20.78;39
E4S 56,780;20220514;03:15:00;03:20:00;39;21.14;48
E4S 56,780;20220514;03:20:00;03:25:00;40;21.21;36
E4S 56,780;20220514;03:25:00;03:30:00;41;21.82;49
E4S 56,780;20220514;03:30:00;03:35:00;42;21.16;29
E4S 56,780;20220514;03:35:00;03:40:00;43;20.87;44
E4S 56,780;20220514;03:40:00;03:45:00;44;21.19;42
E4S 56,780;20220514;03:45:00;03:50:00;45;20.61;52
E4S 56,780;20220514;03:50:00;03:55:00;46;21.16;38
E4S 56,780;20220514;03:55:00;04:00:00;47;22.93;53
E4S 56,780;20220514;04:00:00;04:05:00;48;21.40;44
E4S 56,780;20220514;04:05:00;04:10:00;49;21.86;38
E4S 56,780;20220514;04:10:00;04:15:00;50;22.14;43
E4S 56,780;20220514;04:15:00;04:20:00;51;21.35;68
E4S 56,780;20220514;04:20:00;04:25:00;52;21.47;79
E4S 56,780;20220514;04:25:00;04:30:00;53;20.91;71
E4S 56,780;20220514;04:30:00;04:35:00;54;20.93;55
E4S 56,780;20220514;04:35:00;04:40:00;55;22.20;59
E4S 56,780;20220514;04:40:00;04:45:00;56;21.13;88
E4S 56,780;20220514;04:45:00;04:50:00;57;21.53;69
E4S 56,780;20220514;04:50:00;04:55:00;58;22.11;84
E4S 56,780;20220514;04:55:00;05:00:00;59;21.71;66
E4S 56,780;20220514;05:00:00;05:05:00;60;20.37;71
E4S 56,780;20220514;05:05:00;05:10:00;61;21.21;76
E4S 56,780;20220514;05:10:00;05:15:00;62;20.94;83
E4S 56,780;20220514;05:15:00;05:20:00;63;21.99;72
E4S 56,780;20220514;05:20:00;05:25:00;64;20.61;102
E4S 56,780;20220514;05:25:00;05:30:00;65;20.83;102
E4S 56,780;20220514;05:30:00;05:35:00;66;20.82;92
E4S 56,780;20220514;05:35:00;05:40:00;67;21.06;113
E4S 56,780;20220514;05:40:00;05:45:00;68;21.22;125
E4S 56,780;20220514;05:45:00;05:50:00;69;21.24;110
E4S 56,780;20220514;05:50:00;05:55:00;70;20.85;116
E4S 56,780;20220514;05:55:00;06:00:00;71;20.93;116
E4S 56,780;20220514;06:00:00;06:05:00;72;20.23;129
E4S 56,780;20220514;06:05:00;06:10:00;73;20.98;105
E4S 56,780;20220514;06:10:00;06:15:00;74;20.97;103
E4S 56,780;20220514;06:15:00;06:20:00;75;20.46;162
E4S 56,780;20220514;06:20:00;06:25:00;76;20.03;152
E4S 56,780;20220514;06:25:00;06:30:00;77;20.72;161
E4S 56,780;20220514;06:30:00;06:35:00;78;20.10;146
E4S 56,780;20220514;06:35:00;06:40:00;79;19.98;153
E4S 56,780;20220514;06:40:00;06:45:00;80;20.41;178
E4S 56,780;20220514;06:45:00;06:50:00;81;20.58;201
E4S 56,780;20220514;06:50:00;06:55:00;82;20.47;162
E4S 56,780;20220514;06:55:00;07:00:00;83;20.27;158
E4S 56,780;20220514;07:00:00;07:05:00;84;20.15;157
E4S 56,780;20220514;07:05:00;07:10:00;85;20.63;180
E4S 56,780;20220514;07:10:00;07:15:00;86;20.04;167
E4S 56,780;20220514;07:15:00;07:20:00;87;20.08;194
E4S 56,780;20220514;07:20:00;07:25:00;88;19.89;181
E4S 56,780;20220514;07:25:00;07:30:00;89;19.26;196
E4S 56,780;20220514;07:30:00;07:35:00;90;18.91;208
E4S 56,780;20220514;07:35:00;07:40:00;91;19.80;231
E4S 56,780;20220514;07:40:00;07:45:00;92;19.57;222
E4S 56,780;20220514;07:45:00;07:50:00;93;19.48;217
E4S 56,780;20220514;07:50:00;07:55:00;94;20.15;224
E4S 56,780;20220514;07:55:00;08:00:00;95;19.10;220
E4S 56,780;20220514;08:00:00;08:05:00;96;19.35;226
E4S 56,780;20220514;08:05:00;08:10:00;97;19.54;233
E4S 56,780;20220514;08:10:00;08:15:00;98;19.18;218
E4S 56,780;20220514;08:15:00;08:20:00;99;18.65;239
E4S 56,780;20220514;08:20:00;08:25:00;100;18.48;278
E4S 56,780;20220514;08:25:00;08:30:00;101;19.09;219
E4S 56,780;20220514;08:30:00;08:35:00;102;18.54;240
E4S 56,780;20220514;08:35:00;08:40:00;103;18.88;213
E4S 56,780;20220514;08:40:00;08:45:00;104;18.46;239
E4S 56,780;20220514;08:45:00;08:50:00;105;18.94;250
E4S 56,780;20220514;08:50:00;08:55:00;106;18.69;257
E4S 56,780;20220514;08:55:00;09:00:00;107;18.38;262
E4S 56,780;20220514;09:00:00;09:05:00;108;18.49;257
E4S 56,780;20220514;09:05:00;09:10:00;109;18.37;252
E4S 56,780;20220514;09:10:00;09:15:00;110;18.07;284
E4S 56,780;20220514;09:15:00;09:20:00;111;17.86;275
E4S 56,780;20220514;09:20:00;09:25:00;112;18.50;254
E4S 56,780;20220514;09:25:00;09:30:00;113;18.71;273
E4S 56,780;20220514;09:30:00;09:35:00;114;18.09;278
E4S 56,780;20220514;09:35:00;09:40:00;115;18.37;242
E4S 56,780;20220514;09:40:00;09:45:00;116;18.08;304
E4S 56,780;20220514;09:45:00;09:50:00;117;18.22;265
E4S 56,780;20220514;09:50:00;09:55:00;118;18.50;288
E4S 56,780;20220514;09:55:00;10:00:00;119;18.55;240
E4S 56,780;20220514;10:00:00;10:05:00;120;18.45;272
E4S 56,780;20220514;10:05:00;10:10:00;121;18.35;299
E4S 56,780;20220514;10:10:00;10:15:00;122;17.80;303
E4S 56,780;20220514;10:15:00;10:20:00;123;17.97;297
E4S 56,780;20220514;10:20:00;10:25:00;124;17.44;330
E4S 56,780;20220514;10:25:00;10:30:00;125;17.76;308
E4S 56,780;20220514;10:30:00;10:35:00;126;17.17;327
E4S 56,780;20220514;10:35:00;10:40:00;127;17.91;294
E4S 56,780;20220514;10:40:00;10:45:00;128;17.16;320
E4S 56,780;20220514;10:45:00;10:50:00;129;17.60;301
E4S 56,780;20220514;10:50:00;10:55:00;130;17.47;317
E4S 56,780;20220514;10:55:00;11:00:00;131;17.46;313
E4S 56,780;20220514;11:00:00;11:05:00;132;18.47;293
E4S 56,780;20220514;11:05:00;11:10:00;133;18.43;297
E4S 56,780;20220514;11:10:00;11:15:00;134;17.88;287
E4S 56,780;20220514;11:15:00;11:20:00;135;17.40;341
E4S 56,780;20220514;11:20:00;11:25:00;136;16.40;327
E4S 56,780;20220514;11:25:00;11:30:00;137;18.29;296
E4S 56,780;20220514;11:30:00;11:35:00;138;17.99;283
E4S 56,780;20220514;11:35:00;11:40:00;139;17.58;330
E4S 56,780;20220514;11:40:00;11:45:00;140;17.66;309
E4S 56,780;20220514;11:45:00;11:50:00;141;17.49;306
E4S 56,780;20220514;11:50:00;11:55:00;142;17.71;299
E4S 56,780;20220514;11:55:00;12:00:00;143;17.78;307
E4S 56,780;20220514;12:00:00;12:05:00;144;17.95;298
E4S 56,780;20220514;12:05:00;12:10:00;145;17.90;316
E4S 56,780;20220514;12:10:00;12:15:00;146;17.66;310
E4S 56,780;20220514;12:15:00;12:20:00;147;17.57;339
E4S 56,780;20220514;12:20:00;12:25:00;148;17.79;355
E4S 56,780;20220514;12:25:00;12:30:00;149;17.08;357
E4S 56,780;20220514;12:30:00;12:35:00;150;17.08;309
E4S 56,780;20220514;12:35:00;12:40:00;151;17.41;341
E4S 56,780;20220514;12:40:00;12:45:00;152;17.29;334
E4S 56,780;20220514;12:45:00;12:50:00;153;17.37;355
E4S 56,780;20220514;12:50:00;12:55:00;154;16.42;333
E4S 56,780;20220514;12:55:00;13:00:00;155;16.90;317
E4S 56,780;20220514;13:00:00;13:05:00;156;17.41;342
E4S 56,780;20220514;13:05:00;13:10:00;157;17.00;372
E4S 56,780;20220514;13:10:00;13:15:00;158;18.17;336
E4S 56,780;20220514;13:15:00;13:20:00;159;17.17;377
E4S 56,780;20220514;13:20:00;13:25:00;160;16.64;366
E4S 56,780;20220514;13:25:00;13:30:00;161;17.60;351
E4S 56,780;20220514;13:30:00;13:35:00;162;17.59;361
E4S 56,780;20220514;13:35:00;13:40:00;163;17.75;339
E4S 56,780;20220514;13:40:00;13:45:00;164;17.94;361
E4S 56,780;20220514;13:45:00;13:50:00;165;17.94;361
E4S 56,780;20220514;13:50:00;13:55:00;166;18.09;336
E4S 56,780;20220514;13:55:00;14:00:00;167;18.42;322
E4S 56,780;20220514;14:00:00;14:05:00;168;18.26;331
E4S 56,780;20220514;14:05:00;14:10:00;169;17.69;342
E4S 56,780;20220514;14:10:00;14:15:00;170;18.03;342
E4S 56,780;20220514;14:15:00;14:20:00;171;17.21;358
E4S 56,780;20220514;14:20:00;14:25:00;172;18.76;324
E4S 56,780;20220514;14:25:00;14:30:00;173;17.63;370
E4S 56,780;20220514;14:30:00;14:35:00;174;17.72;344
E4S 56,780;20220514;14:35:00;14:40:00;175;17.52;362
E4S 56,780;20220514;14:40:00;14:45:00;176;18.27;321
E4S 56,780;20220514;14:45:00;14:50:00;177;17.92;334
E4S 56,780;20220514;14:50:00;14:55:00;178;17.36;329
E4S 56,780;20220514;14:55:00;15:00:00;179;18.45;290
E4S 56,780;20220514;15:00:00;15:05:00;180;17.16;296
E4S 56,780;20220514;15:05:00;15:10:00;181;16.11;366
E4S 56,780;20220514;15:10:00;15:15:00;182;15.74;375
E4S 56,780;20220514;15:15:00;15:20:00;183;17.67;345
E4S 56,780;20220514;15:20:00;15:25:00;184;17.95;353
E4S 56,780;20220514;15:25:00;15:30:00;185;17.96;349
E4S 56,780;20220514;15:30:00;15:35:00;186;17.87;326
E4S 56,780;20220514;15:35:00;15:40:00;187;18.61;285
E4S 56,780;20220514;15:40:00;15:45:00;188;18.34;310
E4S 56,780;20220514;15:45:00;15:50:00;189;18.39;313
E4S 56,780;20220514;15:50:00;15:55:00;190;18.40;321
E4S 56,780;20220514;15:55:00;16:00:00;191;18.84;284
E4S 56,780;20220514;16:00:00;16:05:00;192;18.30;308
E4S 56,780;20220514;16:05:00;16:10:00;193;19.36;275
E4S 56,780;20220514;16:10:00;16:15:00;194;18.65;304
E4S 56,780;20220514;16:15:00;16:20:00;195;18.17;278
E4S 56,780;20220514;16:20:00;16:25:00;196;19.27;277
E4S 56,780;20220514;16:25:00;16:30:00;197;18.78;289
E4S 56,780;20220514;16:30:00;16:35:00;198;18.76;267
E4S 56,780;20220514;16:35:00;16:40:00;199;18.79;292
E4S 56,780;20220514;16:40:00;16:45:00;200;18.46;288
E4S 56,780;20220514;16:45:00;16:50:00;201;18.55;277
E4S 56,780;20220514;16:50:00;16:55:00;202;18.88;263
E4S 56,780;20220514;16:55:00;17:00:00;203;18.44;258
E4S 56,780;20220514;17:00:00;17:05:00;204;18.76;252
E4S 56,780;20220514;17:05:00;17:10:00;205;18.45;219
E4S 56,780;20220514;17:10:00;17:15:00;206;17.71;204
E4S 56,780;20220514;17:15:00;17:20:00;207;18.52;191
E4S 56,780;20220514;17:20:00;17:25:00;208;18.26;219
E4S 56,780;20220514;17:25:00;17:30:00;209;18.37;201
E4S 56,780;20220514;17:30:00;17:35:00;210;18.53;222
E4S 56,780;20220514;17:35:00;17:40:00;211;18.98;220
E4S 56,780;20220514;17:40:00;17:45:00;212;19.06;203
E4S 56,780;20220514;17:45:00;17:50:00;213;18.94;188
E4S 56,780;20220514;17:50:00;17:55:00;214;18.89;167
E4S 56,780;20220514;17:55:00;18:00:00;215;18.40;201
E4S 56,780;20220514;18:00:00;18:05:00;216;19.45;200
E4S 56,780;20220514;18:05:00;18:10:00;217;19.17;200
E4S 56,780;20220514;18:10:00;18:15:00;218;19.24;203
E4S 56,780;20220514;18:15:00;18:20:00;219;19.12;222
E4S 56,780;20220514;18:20:00;18:25:00;220;20.63;158
E4S 56,780;20220514;18:25:00;18:30:00;221;19.35;171
E4S 56,780;20220514;18:30:00;18:35:00;222;19.79;158
E4S 56,780;20220514;18:35:00;18:40:00;223;19.48;161
E4S 56,780;20220514;18:40:00;18:45:00;224;19.82;165
E4S 56,780;20220514;18:45:00;18:50:00;225;19.61;164
E4S 56,780;20220514;18:50:00;18:55:00;226;19.12;167
E4S 56,780;20220514;18:55:00;19:00:00;227;19.71;160
E4S 56,780;20220514;19:00:00;19:05:00;228;19.27;183
E4S 56,780;20220514;19:05:00;19:10:00;229;20.14;136
E4S 56,780;20220514;19:10:00;19:15:00;230;19.23;154
E4S 56,780;20220514;19:15:00;19:20:00;231;19.65;169
E4S 56,780;20220514;19:20:00;19:25:00;232;19.20;180
E4S 56,780;20220514;19:25:00;19:30:00;233;20.19;119
E4S 56,780;20220514;19:30:00;19:35:00;234;19.32;136
E4S 56,780;20220514;19:35:00;19:40:00;235;19.57;129
E4S 56,780;20220514;19:40:00;19:45:00;236;19.01;153
E4S 56,780;20220514;19:45:00;19:50:00;237;18.45;145
E4S 56,780;20220514;19:50:00;19:55:00;238;19.53;126
E4S 56,780;20220514;19:55:00;20:00:00;239;19.08;109
E4S 56,780;20220514;20:00:00;20:05:00;240;19.68;135
E4S 56,780;20220514;20:05:00;20:10:00;241;19.62;114
E4S 56,780;20220514;20:10:00;20:15:00;242;19.51;103
E4S 56,780;20220514;20:15:00;20:20:00;243;19.43;130
E4S 56,780;20220514;20:20:00;20:25:00;244;19.21;133
E4S 56,780;20220514;20:25:00;20:30:00;245;19.15;103
E4S 56,780;20220514;20:30:00;20:35:00;246;19.17;127
E4S 56,780;20220514;20:35:00;20:40:00;247;19.09;108
E4S 56,780;20220514;20:40:00;20:45:00;248;18.99;121
E4S 56,780;20220514;20:45:00;20:50:00;249;19.51;86
E4S 56,780;20220514;20:50:00;20:55:00;250;19.22;102
E4S 56,780;20220514;20:55:00;21:00:00;251;19.68;105
E4S 56,780;20220514;21:00:00;21:05:00;252;19.40;107
E4S 56,780;20220514;21:05:00;21:10:00;253;19.47;118
E4S 56,780;20220514;21:10:00;21:15:00;254;19.15;115
E4S 56,780;20220514;21:15:00;21:20:00;255;19.07;98
E4S 56,780;20220514;21:20:00;21:25:00;256;19.49;107
E4S 56,780;20220514;21:25:00;21:30:00;257;18.99;98
E4S 56,780;20220514;21:30:00;21:35:00;258;18.83;111
E4S 56,780;20220514;21:35:00;21:40:00;259;19.33;110
E4S 56,780;20220514;21:40:00;21:45:00;260;20.36;118
E4S 56,780;20220514;21:45:00;21:50:00;261;19.12;100
E4S 56,780;20220514;21:50:00;21:55:00;262;19.26;107
E4S 56,780;20220514;21:55:00;22:00:00;263;19.60;90
E4S 56,780;20220514;22:00:00;22:05:00;264;19.25;107
E4S 56,780;20220514;22:05:00;22:10:00;265;19.95;92
E4S 56,780;20220514;22:10:00;22:15:00;266;18.89;95
E4S 56,780;20220514;22:15:00;22:20:00;267;19.03;73
E4S 56,780;20220514;22:20:00;22:25:00;268;20.44;85
E4S 56,780;20220514;22:25:00;22:30:00;269;19.22;89
E4S 56,780;20220514;22:30:00;22:35:00;270;19.47;63
E4S 56,780;20220514;22:35:00;22:40:00;271;19.43;75
E4S 56,780;20220514;22:40:00;22:45:00;272;20.35;75
E4S 56,780;20220514;22:45:00;22:50:00;273;19.15;59
E4S 56,780;20220514;22:50:00;22:55:00;274;18.99;74
E4S 56,780;20220514;22:55:00;23:00:00;275;20.81;65
E4S 56,780;20220514;23:00:00;23:05:00;276;19.57;65
E4S 56,780;20220514;23:05:00;23:10:00;277;20.20;69
E4S 56,780;20220514;23:10:00;23:15:00;278;20.07;57
E4S 56,780;20220514;23:15:00;23:20:00;279;19.72;57
E4S 56,780;20220514;23:20:00;23:25:00;280;20.18;76
E4S 56,780;20220514;23:25:00;23:30:00;281;19.48;82
E4S 56,780;20220514;23:30:00;23:35:00;282;20.23;96
E4S 56,780;20220514;23:35:00;23:40:00;283;19.66;93
E4S 56,780;20220514;23:40:00;23:45:00;284;19.48;59
E4S 56,780;20220514;23:45:00;23:50:00;285;19.96;86
E4S 56,780;20220514;23:50:00;23:55:00;286;20.43;76
E4S 56,780;20220514;23:55:00;24:00:00;287;19.47;63
E4S 56,780;20220519;00:00:00;00:05:00;0;20.00;18
E4S 56,780;20220519;00:05:00;00:10:00;1;19.87;24
E4S 56,780;20220519;00:10:00;00:15:00;2;20.15;24
E4S 56,780;20220519;00:15:00;00:20:00;3;21.94;18
E4S 56,780;20220519;00:20:00;00:25:00;4;20.45;22
E4S 56,780;20220519;00:25:00;00:30:00;5;19.73;15
E4S 56,780;20220519;00:30:00;00:35:00;6;20.44;17
E4S 56,780;20220519;00:35:00;00:40:00;7;20.07;17
E4S 56,780;20220519;00:40:00;00:45:00;8;19.83;19
E4S 56,780;20220519;00:45:00;00:50:00;9;20.73;16
E4S 56,780;20220519;00:50:00;00:55:00;10;20.92;17
E4S 56,780;20220519;00:55:00;01:00:00;11;20.98;17
E4S 56,780;20220519;01:00:00;01:05:00;12;21.10;19
E4S 56,780;20220519;01:05:00;01:10:00;13;20.49;24
E4S 56,780;20220519;01:10:00;01:15:00;14;19.68;16
E4S 56,780;20220519;01:15:00;01:20:00;15;20.02;24
E4S 56,780;20220519;01:20:00;01:25:00;16;19.46;17
E4S 56,780;20220519;01:25:00;01:30:00;17;20.22;18
E4S 56,780;20220519;01:30:00;01:35:00;18;19.35;17
E4S 56,780;20220519;01:35:00;01:40:00;19;21.96;19
E4S 56,780;20220519;01:40:00;01:45:00;20;20.73;16
E4S 56,780;20220519;01:45:00;01:50:00;21;20.17;33
E4S 56,780;20220519;01:50:00;01:55:00;22;21.52;21
E4S 56,780;20220519;01:55:00;02:00:00;23;23.46;26
E4S 56,780;20220519;02:00:00;02:05:00;24;20.73;14
E4S 56,780;20220519;02:05:00;02:10:00;25;20.20;29
E4S 56,780;20220519;02:10:00;02:15:00;26;18.90;30
E4S 56,780;20220519;02:15:00;02:20:00;27;22.27;21
E4S 56,780;20220519;02:20:00;02:25:00;28;21.34;46
E4S 56,780;20220519;02:25:00;02:30:00;29;20.62;32
E4S 56,780;20220519;02:30:00;02:35:00;30;20.90;38
E4S 56,780;20220519;02:35:00;02:40:00;31;21.07;31
E4S 56,780;20220519;02:40:00;02:45:00;32;21.59;36
E4S 56,780;20220519;02:45:00;02:50:00;33;21.52;46
E4S 56,780;20220519;02:50:00;02:55:00;34;22.20;39
E4S 56,780;20220519;02:55:00;03:00:00;35;20.08;45
E4S 56,780;20220519;03:00:00;03:05:00;36;21.77;47
E4S 56,780;20220519;03:05:00;03:10:00;37;20.84;49
E4S 56,780;20220519;03:10:00;03:15:00;38;21.62;56
E4S 56,780;20220519;03:15:00;03:20:00;39;21.88;67
E4S 56,780;20220519;03:20:00;03:25:00;40;21.13;77
E4S 56,780;20220519;03:25:00;03:30:00;41;21.25;96
E4S 56,780;20220519;03:30:00;03:35:00;42;21.23;104
E4S 56,780;20220519;03:35:00;03:40:00;43;21.43;124
E4S 56,780;20220519;03:40:00;03:45:00;44;21.24;145
E4S 56,780;20220519;03:45:00;03:50:00;45;21.02;147
E4S 56,780;20220519;03:50:00;03:55:00;46;20.53;188
E4S 56,780;20220519;03:55:00;04:00:00;47;21.12;191
E4S 56,780;20220519;04:00:00;04:05:00;48;21.43;151
E4S 56,780;20220519;04:05:00;04:10:00;49;21.02;193
E4S 56,780;20220519;04:10:00;04:15:00;50;18.99;165
E4S 56,780;20220519;04:15:00;04:20:00;51;6.74;166
E4S 56,780;20220519;04:20:00;04:25:00;52;14.13;300
E4S 56,780;20220519;04:25:00;04:30:00;53;17.51;297
E4S 56,780;20220519;04:30:00;04:35:00;54;17.99;275
E4S 56,780;20220519;04:35:00;04:40:00;55;18.66;266
E4S 56,780;20220519;04:40:00;04:45:00;56;17.42;311
E4S 56,780;20220519;04:45:00;04:50:00;57;17.86;264
E4S 56,780;20220519;04:50:00;04:55:00;58;17.84;294
E4S 56,780;20220519;04:55:00;05:00:00;59;19.51;266
E4S 56,780;20220519;05:00:00;05:05:00;60;19.31;283
E4S 56,780;20220519;05:05:00;05:10:00;61;19.37;261
E4S 56,780;20220519;05:10:00;05:15:00;62;19.38;266
E4S 56,780;20220519;05:15:00;05:20:00;63;18.09;287
E4S 56,780;20220519;05:20:00;05:25:00;64;19.10;324
E4S 56,780;20220519;05:25:00;05:30:00;65;18.74;343
E4S 56,780;20220519;05:30:00;05:35:00;66;19.11;312
E4S 56,780;20220519;05:35:00;05:40:00;67;18.73;307
E4S 56,780;20220519;05:40:00;05:45:00;68;18.66;330
E4S 56,780;20220519;05:45:00;05:50:00;69;18.52;301
E4S 56,780;20220519;05:50:00;05:55:00;70;18.82;305
E4S 56,780;20220519;05:55:00;06:00:00;71;18.17;260
E4S 56,780;20220519;06:00:00;06:05:00;72;18.42;281
E4S 56,780;20220519;06:05:00;06:10:00;73;18.82;301
E4S 56,780;20220519;06:10:00;06:15:00;74;18.32;327
E4S 56,780;20220519;06:15:00;06:20:00;75;17.01;273
E4S 56,780;20220519;06:20:00;06:25:00;76;17.38;304
E4S 56,780;20220519;06:25:00;06:30:00;77;17.80;312
E4S 56,780;20220519;06:30:00;06:35:00;78;18.17;307
E4S 56,780;20220519;06:35:00;06:40:00;79;17.90;314
E4S 56,780;20220519;06:40:00;06:45:00;80;17.70;330
E4S 56,780;20220519;06:45:00;06:50:00;81;17.13;333
E4S 56,780;20220519;06:50:00;06:55:00;82;17.29;338
E4S 56,780;20220519;06:55:00;07:00:00;83;18.18;312
E4S 56,780;20220519;07:00:00;07:05:00;84;18.20;305
E4S 56,780;20220519;07:05:00;07:10:00;85;17.20;380
E4S 56,780;20220519;07:10:00;07:15:00;86;17.56;339
E4S 56,780;20220519;07:15:00;07:20:00;87;17.67;358
E4S 56,780;20220519;07:20:00;07:25:00;88;16.78;356
E4S 56,780;20220519;07:25:00;07:30:00;89;17.09;351
E4S 56,780;20220519;07:30:00;07:35:00;90;17.60;346
E4S 56,780;20220519;07:35:00;07:40:00;91;18.06;342
E4S 56,780;20220519;07:40:00;07:45:00;92;18.09;322
E4S 56,780;20220519;07:45:00;07:50:00;93;17.12;305
E4S 56,780;20220519;07:50:00;07:55:00;94;13.83;340
E4S 56,780;20220519;07:55:00;08:00:00;95;18.57;293
E4S 56,780;20220519;08:00:00;08:05:00;96;18.39;304
E4S 56,780;20220519;08:05:00;08:10:00;97;18.27;306
E4S 56,780;20220519;08:10:00;08:15:00;98;18.29;323
E4S 56,780;20220519;08:15:00;08:20:00;99;18.25;300
E4S 56,780;20220519;08:20:00;08:25:00;100;18.36;293
E4S 56,780;20220519;08:25:00;08:30:00;101;17.62;339
E4S 56,780;20220519;08:30:00;08:35:00;102;17.82;311
E4S 56,780;20220519;08:35:00;08:40:00;103;17.98;313
E4S 56,780;20220519;08:40:00;08:45:00;104;17.90;294
E4S 56,780;20220519;08:45:00;08:50:00;105;18.21;296
E4S 56,780;20220519;08:50:00;08:55:00;106;17.83;324
E4S 56,780;20220519;08:55:00;09:00:00;107;18.19;297
E4S 56,780;20220519;09:00:00;09:05:00;108;17.42;304
E4S 56,780;20220519;09:05:00;09:10:00;109;18.24;278
E4S 56,780;20220519;09:10:00;09:15:00;110;17.89;330
E4S 56,780;20220519;09:15:00;09:20:00;111;17.30;352
E4S 56,780;20220519;09:20:00;09:25:00;112;17.52;301
E4S 56,780;20220519;09:25:00;09:30:00;113;17.61;276
E4S 56,780;20220519;09:30:00;09:35:00;114;17.88;219
E4S 56,780;20220519;09:35:00;09:40:00;115;16.37;352
E4S 56,780;20220519;09:40:00;09:45:00;116;16.95;288
E4S 56,780;20220519;09:45:00;09:50:00;117;16.59;368
E4S 56,780;20220519;09:50:00;09:55:00;118;16.28;327
E4S 56,780;20220519;09:55:00;10:00:00;119;18.16;296
E4S 56,780;20220519;10:00:00;10:05:00;120;18.41;314
E4S 56,780;20220519;10:05:00;10:10:00;121;17.80;306
E4S 56,780;20220519;10:10:00;10:15:00;122;17.82;271
E4S 56,780;20220519;10:15:00;10:20:00;123;17.18;337
E4S 56,780;20220519;10:20:00;10:25:00;124;17.93;317
E4S 56,780;20220519;10:25:00;10:30:00;125;17.48;361
E4S 56,780;20220519;10:30:00;10:35:00;126;18.14;323
E4S 56,780;20220519;10:35:00;10:40:00;127;17.42;368
E4S 56,780;20220519;10:40:00;10:45:00;128;17.96;322
E4S 56,780;20220519;10:45:00;10:50:00;129;17.74;306
E4S 56,780;20220519;10:50:00;10:55:00;130;16.84;356
E4S 56,780;20220519;10:55:00;11:00:00;131;18.12;315
E4S 56,780;20220519;11:00:00;11:05:00;132;18.07;332
E4S 56,780;20220519;11:05:00;11:10:00;133;17.45;321
E4S 56,780;20220519;11:10:00;11:15:00;134;17.37;348
E4S 56,780;20220519;11:15:00;11:20:00;135;17.93;363
E4S 56,780;20220519;11:20:00;11:25:00;136;17.55;315
E4S 56,780;20220519;11:25:00;11:30:00;137;17.06;332
E4S 56,780;20220519;11:30:00;11:35:00;138;17.20;367
E4S 56,780;20220519;11:35:00;11:40:00;139;16.88;370
E4S 56,780;20220519;11:40:00;11:45:00;140;17.56;327
E4S 56,780;20220519;11:45:00;11:50:00;141;17.81;323
E4S 56,780;20220519;11:50:00;11:55:00;142;17.05;352
E4S 56,780;20220519;11:55:00;12:00:00;143;17.17;332
E4S 56,780;20220519;12:00:00;12:05:00;144;16.55;403
E4S 56,780;20220519;12:05:00;12:10:00;145;17.89;305
E4S 56,780;20220519;12:10:00;12:15:00;146;17.39;328
E4S 56,780;20220519;12:15:00;12:20:00;147;17.10;361
E4S 56,780;20220519;12:20:00;12:25:00;148;16.45;361
E4S 56,780;20220519;12:25:00;12:30:00;149;16.88;328
E4S 56,780;20220519;12:30:00;12:35:00;150;16.85;361
E4S 56,780;20220519;12:35:00;12:40:00;151;16.42;354
E4S 56,780;20220519;12:40:00;12:45:00;152;16.49;363
E4S 56,780;20220519;12:45:00;12:50:00;153;12.49;312
E4S 56,780;20220519;12:50:00;12:55:00;154;10.11;254
E4S 56,780;20220519;12:55:00;13:00:00;155;9.60;267
E4S 56,780;20220519;13:00:00;13:05:00;156;11.85;333
E4S 56,780;20220519;13:05:00;13:10:00;157;14.82;340
E4S 56,780;20220519;13:10:00;13:15:00;158;10.30;286
E4S 56,780;20220519;13:15:00;13:20:00;159;8.45;260
E4S 56,780;20220519;13:20:00;13:25:00;160;10.38;290
E4S 56,780;20220519;13:25:00;13:30:00;161;9.31;290
E4S 56,780;20220519;13:30:00;13:35:00;162;9.62;297
E4S 56,780;20220519;13:35:00;13:40:00;163;9.49;288
E4S 56,780;20220519;13:40:00;13:45:00;164;8.60;288
E4S 56,780;20220519;13:45:00;13:50:00;165;8.58;266
E4S 56,780;20220519;13:50:00;13:55:00;166;7.61;154
E4S 56,780;20220519;13:55:00;14:00:00;167;7.45;155
E4S 56,780;20220519;14:00:00;14:05:00;168;10.43;288
E4S 56,780;20220519;14:05:00;14:10:00;169;11.13;307
E4S 56,780;20220519;14:10:00;14:15:00;170;9.20;247
E4S 56,780;20220519;14:15:00;14:20:00;171;9.70;277
E4S 56,780;20220519;14:20:00;14:25:00;172;9.18;279
E4S 56,780;20220519;14:25:00;14:30:00;173;10.28;317
E4S 56,780;20220519;14:30:00;14:35:00;174;9.54;273
E4S 56,780;20220519;14:35:00;14:40:00;175;8.58;271
E4S 56,780;20220519;14:40:00;14:45:00;176;8.38;313
E4S 56,780;20220519;14:45:00;14:50:00;177;9.04;312
E4S 56,780;20220519;14:50:00;14:55:00;178;9.59;301
E4S 56,780;20220519;14:55:00;15:00:00;179;7.30;250
E4S 56,780;20220519;15:00:00;15:05:00;180;7.82;293
E4S 56,780;20220519;15:05:00;15:10:00;181;7.94;271
E4S 56,780;20220519;15:10:00;15:15:00;182;8.95;311
E4S 56,780;20220519;15:15:00;15:20:00;183;7.29;296
E4S 56,780;20220519;15:20:00;15:25:00;184;10.10;296
E4S 56,780;20220519;15:25:00;15:30:00;185;8.98;307
E4S 56,780;20220519;15:30:00;15:35:00;186;7.05;309
E4S 56,780;20220519;15:35:00;15:40:00;187;8.56;296
E4S 56,780;20220519;15:40:00;15:45:00;188;9.59;297
E4S 56,780;20220519;15:45:00;15:50:00;189;9.03;257
E4S 56,780;20220519;15:50:00;15:55:00;190;10.56;305
E4S 56,780;20220519;15:55:00;16:00:00;191;11.93;359
E4S 56,780;20220519;16:00:00;16:05:00;192;12.49;303
E4S 56,780;20220519;16:05:00;16:10:00;193;15.94;284
E4S 56,780;20220519;16:10:00;16:15:00;194;16.67;243
E4S 56,780;20220519;16:15:00;16:20:00;195;16.50;283
E4S 56,780;20220519;16:20:00;16:25:00;196;16.87;244
E4S 56,780;20220519;16:25:00;16:30:00;197;16.39;245
E4S 56,780;20220519;16:30:00;16:35:00;198;16.08;309
E4S 56,780;20220519;16:35:00;16:40:00;199;16.36;308
E4S 56,780;20220519;16:40:00;16:45:00;200;16.04;299
E4S 56,780;20220519;16:45:00;16:50:00;201;16.54;294
E4S 56,780;20220519;16:50:00;16:55:00;202;17.37;263
E4S 56,780;20220519;16:55:00;17:00:00;203;16.12;280
E4S 56,780;20220519;17:00:00;17:05:00;204;17.32;228
E4S 56,780;20220519;17:05:00;17:10:00;205;16.94;258
E4S 56,780;20220519;17:10:00;17:15:00;206;17.34;243
E4S 56,780;20220519;17:15:00;17:20:00;207;17.05;206
E4S 56,780;20220519;17:20:00;17:25:00;208;17.37;237
E4S 56,780;20220519;17:25:00;17:30:00;209;17.43;231
E4S 56,780;20220519;17:30:00;17:35:00;210;16.67;229
E4S 56,780;20220519;17:35:00;17:40:00;211;16.45;277
E4S 56,780;20220519;17:40:00;17:45:00;212;17.48;213
E4S 56,780;20220519;17:45:00;17:50:00;213;17.89;235
E4S 56,780;20220519;17:50:00;17:55:00;214;17.82;224
E4S 56,780;20220519;17:55:00;18:00:00;215;17.69;209
E4S 56,780;20220519;18:00:00;18:05:00;216;18.24;235
E4S 56,780;20220519;18:05:00;18:10:00;217;19.23;202
E4S 56,780;20220519;18:10:00;18:15:00;218;19.08;218
E4S 56,780;20220519;18:15:00;18:20:00;219;18.44;220
E4S 56,780;20220519;18:20:00;18:25:00;220;19.34;177
E4S 56,780;20220519;18:25:00;18:30:00;221;19.45;180
E4S 56,780;20220519;18:30:00;18:35:00;222;19.08;234
E4S 56,780;20220519;18:35:00;18:40:00;223;18.86;148
E4S 56,780;20220519;18:40:00;18:45:00;224;19.09;179
E4S 56,780;20220519;18:45:00;18:50:00;225;18.70;187
E4S 56,780;20220519;18:50:00;18:55:00;226;19.40;179
E4S 56,780;20220519;18:55:00;19:00:00;227;18.47;179
E4S 56,780;20220519;19:00:00;19:05:00;228;18.32;202
E4S 56,780;20220519;19:05:00;19:10:00;229;19.20;199
E4S 56,780;20220519;19:10:00;19:15:00;230;19.10;180
E4S 56,780;20220519;19:15:00;19:20:00;231;19.04;174
E4S 56,780;20220519;19:20:00;19:25:00;232;18.47;191
E4S 56,780;20220519;19:25:00;19:30:00;233;19.04;152
E4S 56,780;20220519;19:30:00;19:35:00;234;19.12;153
E4S 56,780;20220519;19:35:00;19:40:00;235;18.52;165
E4S 56,780;20220519;19:40:00;19:45:00;236;18.48;180
E4S 56,780;20220519;19:45:00;19:50:00;237;19.28;157
E4S 56,780;20220519;19:50:00;19:55:00;238;18.96;134
E4S 56,780;20220519;19:55:00;20:00:00;239;18.32;143
E4S 56,780;20220519;20:00:00;20:05:00;240;18.07;138
E4S 56,780;20220519;20:05:00;20:10:00;241;19.31;122
E4S 56,780;20220519;20:10:00;20:15:00;242;18.03;125
E4S 56,780;20220519;20:15:00;20:20:00;243;18.07;148
E4S 56,780;20220519;20:20:00;20:25:00;244;19.64;123
E4S 56,780;20220519;20:25:00;20:30:00;245;19.32;105
E4S 56,780;20220519;20:30:00;20:35:00;246;18.71;80
E4S 56,780;20220519;20:35:00;20:40:00;247;19.16;102
E4S 56,780;20220519;20:40:00;20:45:00;248;19.21;101
E4S 56,780;20220519;20:45:00;20:50:00;249;19.30;99
E4S 56,780;20220519;20:50:00;20:55:00;250;19.95;63
E4S 56,780;20220519;20:55:00;21:00:00;251;19.57;88
E4S 56,780;20220519;21:00:00;21:05:00;252;19.71;70
E4S 56,780;20220519;21:05:00;21:10:00;253;19.21;63
E4S 56,780;20220519;21:10:00;21:15:00;254;19.58;76
E4S 56,780;20220519;21:15:00;21:20:00;255;19.34;83
E4S 56,780;20220519;21:20:00;21:25:00;256;19.00;79
E4S 56,780;20220519;21:25:00;21:30:00;257;19.55;74
E4S 56,780;20220519;21:30:00;21:35:00;258;19.67;54
E4S 56,780;20220519;21:35:00;21:40:00;259;19.07;60
E4S 56,780;20220519;21:40:00;21:45:00;260;19.58;69
E4S 56,780;20220519;21:45:00;21:50:00;261;19.13;53
E4S 56,780;20220519;21:50:00;21:55:00;262;19.15;36
E4S 56,780;20220519;21:55:00;22:00:00;263;20.04;41
E4S 56,780;20220519;22:00:00;22:05:00;264;20.14;41
E4S 56,780;20220519;22:05:00;22:10:00;265;19.98;45
E4S 56,780;20220519;22:10:00;22:15:00;266;19.56;45
E4S 56,780;20220519;22:15:00;22:20:00;267;20.88;40
E4S 56,780;20220519;22:20:00;22:25:00;268;20.61;34
E4S 56,780;20220519;22:25:00;22:30:00;269;19.02;37
E4S 56,780;20220519;22:30:00;22:35:00;270;18.66;43
E4S 56,780;20220519;22:35:00;22:40:00;271;19.86;63
E4S 56,780;20220519;22:40:00;22:45:00;272;20.66;38
E4S 56,780;20220519;22:45:00;22:50:00;273;19.77;51
E4S 56,780;20220519;22:50:00;22:55:00;274;19.48;28
E4S 56,780;20220519;22:55:00;23:00:00;275;19.33;26
E4S 56,780;20220519;23:00:00;23:05:00;276;19.73;23
E4S 56,780;20220519;23:05:00;23:10:00;277;18.15;21
E4S 56,780;20220519;23:10:00;23:15:00;278;19.29;26
E4S 56,780;20220519;23:15:00;23:20:00;279;19.64;26
E4S 56,780;20220519;23:20:00;23:25:00;280;20.23;30
E4S 56,780;20220519;23:25:00;23:30:00;281;18.02;25
E4S 56,780;20220519;23:30:00;23:35:00;282;19.09;23
E4S 56,780;20220519;23:35:00;23:40:00;283;19.12;18
E4S 56,780;20220519;23:40:00;23:45:00;284;18.05;17
E4S 56,780;20220519;23:45:00;23:50:00;285;18.51;28
E4S 56,780;20220519;23:50:00;23:55:00;286;19.32;30
E4S 56,780;20220519;23:55:00;24:00:00;287;18.40;31
E4S 56,780;20220521;00:00:00;00:05:00;0;20.31;42
E4S 56,780;20220521;00:05:00;00:10:00;1;20.75;37
E4S 56,780;20220521;00:10:00;00:15:00;2;20.33;38
E4S 56,780;20220521;00:15:00;00:20:00;3;21.13;31
E4S 56,780;20220521;00:20:00;00:25:00;4;20.79;25
E4S 56,780;20220521;00:25:00;00:30:00;5;21.10;20
E4S 56,780;20220521;00:30:00;00:35:00;6;19.76;32
E4S 56,780;20220521;00:35:00;00:40:00;7;21.13;37
E4S 56,780;20220521;00:40:00;00:45:00;8;20.73;35
E4S 56,780;20220521;00:45:00;00:50:00;9;20.92;17
E4S 56,780;20220521;00:50:00;00:55:00;10;21.07;31
E4S 56,780;20220521;00:55:00;01:00:00;11;20.77;25
E4S 56,780;20220521;01:00:00;01:05:00;12;21.07;25
E4S 56,780;20220521;01:05:00;01:10:00;13;20.79;27
E4S 56,780;20220521;01:10:00;01:15:00;14;19.95;36
E4S 56,780;20220521;01:15:00;01:20:00;15;21.61;31
E4S 56,780;20220521;01:20:00;01:25:00;16;21.66;30
E4S 56,780;20220521;01:25:00;01:30:00;17;20.31;45
E4S 56,780;20220521;01:30:00;01:35:00;18;21.40;37
E4S 56,780;20220521;01:35:00;01:40:00;19;20.02;39
E4S 56,780;20220521;01:40:00;01:45:00;20;20.20;34
E4S 56,780;20220521;01:45:00;01:50:00;21;20.28;34
E4S 56,780;20220521;01:50:00;01:55:00;22;20.92;32
E4S 56,780;20220521;01:55:00;02:00:00;23;21.58;37
E4S 56,780;20220521;02:00:00;02:05:00;24;21.90;39
E4S 56,780;20220521;02:05:00;02:10:00;25;21.45;41
E4S 56,780;20220521;02:10:00;02:15:00;26;20.76;47
E4S 56,780;20220521;02:15:00;02:20:00;27;21.69;37
E4S 56,780;20220521;02:20:00;02:25:00;28;21.50;36
E4S 56,780;20220521;02:25:00;02:30:00;29;21.21;41
E4S 56,780;20220521;02:30:00;02:35:00;30;20.78;48
E4S 56,780;20220521;02:35:00;02:40:00;31;21.04;44
E4S 56,780;20220521;02:40:00;02:45:00;32;21.09;38
E4S 56,780;20220521;02:45:00;02:50:00;33;22.79;32
E4S 56,780;20220521;02:50:00;02:55:00;34;22.61;32
E4S 56,780;20220521;02:55:00;03:00:00;35;22.42;38
E4S 56,780;20220521;03:00:00;03:05:00;36;21.17;32
E4S 56,780;20220521;03:05:00;03:10:00;37;22.02;33
E4S 56,780;20220521;03:10:00;03:15:00;38;22.46;34
E4S 56,780;20220521;03:15:00;03:20:00;39;21.87;23
E4S 56,780;20220521;03:20:00;03:25:00;40;21.00;38
E4S 56,780;20220521;03:25:00;03:30:00;41;21.21;47
E4S 56,780;20220521;03:30:00;03:35:00;42;20.61;29
E4S 56,780;20220521;03:35:00;03:40:00;43;21.78;47
E4S 56,780;20220521;03:40:00;03:45:00;44;21.11;32
E4S 56,780;20220521;03:45:00;03:50:00;45;20.91;40
E4S 56,780;20220521;03:50:00;03:55:00;46;22.08;56
E4S 56,780;20220521;03:55:00;04:00:00;47;21.80;44
E4S 56,780;20220521;04:00:00;04:05:00;48;21.82;37
E4S 56,780;20220521;04:05:00;04:10:00;49;22.25;51
E4S 56,780;20220521;04:10:00;04:15:00;50;21.82;59
E4S 56,780;20220521;04:15:00;04:20:00;51;21.75;75
E4S 56,780;20220521;04:20:00;04:25:00;52;21.71;79
E4S 56,780;20220521;04:25:00;04:30:00;53;21.41;66
E4S 56,780;20220521;04:30:00;04:35:00;54;21.70;68
E4S 56,780;20220521;04:35:00;04:40:00;55;21.38;76
E4S 56,780;20220521;04:40:00;04:45:00;56;21.37;74
E4S 56,780;20220521;04:45:00;04:50:00;57;21.84;74
E4S 56,780;20220521;04:50:00;04:55:00;58;21.22;65
E4S 56,780;20220521;04:55:00;05:00:00;59;21.36;72
E4S 56,780;20220521;05:00:00;05:05:00;60;21.41;61
E4S 56,780;20220521;05:05:00;05:10:00;61;21.10;73
E4S 56,780;20220521;05:10:00;05:15:00;62;21.90;86
E4S 56,780;20220521;05:15:00;05:20:00;63;20.87;87
E4S 56,780;20220521;05:20:00;05:25:00;64;20.45;103
E4S 56,780;20220521;05:25:00;05:30:00;65;20.51;128
E4S 56,780;20220521;05:30:00;05:35:00;66;20.78;124
E4S 56,780;20220521;05:35:00;05:40:00;67;20.84;112
E4S 56,780;20220521;05:40:00;05:45:00;68;21.08;118
E4S 56,780;20220521;05:45:00;05:50:00;69;21.13;122
E4S 56,780;20220521;05:50:00;05:55:00;70;20.51;120
E4S 56,780;20220521;05:55:00;06:00:00;71;20.57;125
E4S 56,780;20220521;06:00:00;06:05:00;72;21.14;104
E4S 56,780;20220521;06:05:00;06:10:00;73;20.93;98
E4S 56,780;20220521;06:10:00;06:15:00;74;21.20;100
E4S 56,780;20220521;06:15:00;06:20:00;75;20.75;125
E4S 56,780;20220521;06:20:00;06:25:00;76;20.50;146
E4S 56,780;20220521;06:25:00;06:30:00;77;19.66;160
E4S 56,780;20220521;06:30:00;06:35:00;78;20.07;148
E4S 56,780;20220521;06:35:00;06:40:00;79;20.07;161
E4S 56,780;20220521;06:40:00;06:45:00;80;20.29;167
E4S 56,780;20220521;06:45:00;06:50:00;81;20.19;161
E4S 56,780;20220521;06:50:00;06:55:00;82;20.15;183
E4S 56,780;20220521;06:55:00;07:00:00;83;20.40;146
E4S 56,780;20220521;07:00:00;07:05:00;84;19.87;174
E4S 56,780;20220521;07:05:00;07:10:00;85;19.89;183
E4S 56,780;20220521;07:10:00;07:15:00;86;20.05;175
E4S 56,780;20220521;07:15:00;07:20:00;87;19.64;205
E4S 56,780;20220521;07:20:00;07:25:00;88;19.61;217
E4S 56,780;20220521;07:25:00;07:30:00;89;19.38;227
E4S 56,780;20220521;07:30:00;07:35:00;90;19.03;248
E4S 56,780;20220521;07:35:00;07:40:00;91;19.54;241
E4S 56,780;20220521;07:40:00;07:45:00;92;18.83;237
E4S 56,780;20220521;07:45:00;07:50:00;93;19.01;254
E4S 56,780;20220521;07:50:00;07:55:00;94;19.71;216
E4S 56,780;20220521;07:55:00;08:00:00;95;19.05;240
E4S 56,780;20220521;08:00:00;08:05:00;96;19.81;226
E4S 56,780;20220521;08:05:00;08:10:00;97;18.53;265
E4S 56,780;20220521;08:10:00;08:15:00;98;19.42;240
E4S 56,780;20220521;08:15:00;08:20:00;99;19.62;237
E4S 56,780;20220521;08:20:00;08:25:00;100;18.95;219
E4S 56,780;20220521;08:25:00;08:30:00;101;19.62;245
E4S 56,780;20220521;08:30:00;08:35:00;102;18.52;266
E4S 56,780;20220521;08:35:00;08:40:00;103;18.64;265
E4S 56,780;20220521;08:40:00;08:45:00;104;19.17;266
E4S 56,780;20220521;08:45:00;08:50:00;105;18.22;244
E4S 56,780;20220521;08:50:00;08:55:00;106;18.83;259
E4S 56,780;20220521;08:55:00;09:00:00;107;19.40;257
E4S 56,780;20220521;09:00:00;09:05:00;108;18.57;246
E4S 56,780;20220521;09:05:00;09:10:00;109;18.60;272
E4S 56,780;20220521;09:10:00;09:15:00;110;19.04;263
E4S 56,780;20220521;09:15:00;09:20:00;111;19.39;237
E4S 56,780;20220521;09:20:00;09:25:00;112;18.50;276
E4S 56,780;20220521;09:25:00;09:30:00;113;18.49;280
E4S 56,780;20220521;09:30:00;09:35:00;114;18.96;235
E4S 56,780;20220521;09:35:00;09:40:00;115;19.04;248
E4S 56,780;20220521;09:40:00;09:45:00;116;18.91;272
E4S 56,780;20220521;09:45:00;09:50:00;117;18.63;245
E4S 56,780;20220521;09:50:00;09:55:00;118;17.99;283
E4S 56,780;20220521;09:55:00;10:00:00;119;18.23;267
E4S 56,780;20220521;10:00:00;10:05:00;120;18.78;261
E4S 56,780;20220521;10:05:00;10:10:00;121;18.48;265
E4S 56,780;20220521;10:10:00;10:15:00;122;18.25;293
E4S 56,780;20220521;10:15:00;10:20:00;123;18.55;262
E4S 56,780;20220521;10:20:00;10:25:00;124;18.01;305
E4S 56,780;20220521;10:25:00;10:30:00;125;18.61;291
E4S 56,780;20220521;10:30:00;10:35:00;126;17.91;305
E4S 56,780;20220521;10:35:00;10:40:00;127;18.40;321
E4S 56,780;20220521;10:40:00;10:45:00;128;18.08;314
E4S 56,780;20220521;10:45:00;10:50:00;129;18.30;285
E4S 56,780;20220521;10:50:00;10:55:00;130;18.87;301
E4S 56,780;20220521;10:55:00;11:00:00;131;18.85;275
E4S 56,780;20220521;11:00:00;11:05:00;132;18.59;297
E4S 56,780;20220521;11:05:00;11:10:00;133;18.29;315
E4S 56,780;20220521;11:10:00;11:15:00;134;18.62;273
E4S 56,780;20220521;11:15:00;11:20:00;135;18.38;326
E4S 56,780;20220521;11:20:00;11:25:00;136;18.44;304
E4S 56,780;20220521;11:25:00;11:30:00;137;17.77;335
E4S 56,780;20220521;11:30:00;11:35:00;138;17.64;349
E4S 56,780;20220521;11:35:00;11:40:00;139;17.96;329
E4S 56,780;20220521;11:40:00;11:45:00;140;17.94;336
E4S 56,780;20220521;11:45:00;11:50:00;141;18.08;351
E4S 56,780;20220521;11:50:00;11:55:00;142;18.06;324
E4S 56,780;20220521;11:55:00;12:00:00;143;17.31;379
E4S 56,780;20220521;12:00:00;12:05:00;144;18.00;306
E4S 56,780;20220521;12:05:00;12:10:00;145;18.27;323
E4S 56,780;20220521;12:10:00;12:15:00;146;18.00;334
E4S 56,780;20220521;12:15:00;12:20:00;147;18.08;350
E4S 56,780;20220521;12:20:00;12:25:00;148;17.41;360
E4S 56,780;20220521;12:25:00;12:30:00;149;17.91;321
E4S 56,780;20220521;12:30:00;12:35:00;150;17.85;346
E4S 56,780;20220521;12:35:00;12:40:00;151;16.39;368
E4S 56,780;20220521;12:40:00;12:45:00;152;17.36;346
E4S 56,780;20220521;12:45:00;12:50:00;153;17.27;347
E4S 56,780;20220521;12:50:00;12:55:00;154;17.08;361
E4S 56,780;20220521;12:55:00;13:00:00;155;17.44;362
E4S 56,780;20220521;13:00:00;13:05:00;156;17.86;325
E4S 56,780;20220521;13:05:00;13:10:00;157;18.29;306
E4S 56,780;20220521;13:10:00;13:15:00;158;17.38;322
E4S 56,780;20220521;13:15:00;13:20:00;159;17.39;343
E4S 56,780;20220521;13:20:00;13:25:00;160;17.46;352
E4S 56,780;20220521;13:25:00;13:30:00;161;17.10;371
E4S 56,780;20220521;13:30:00;13:35:00;162;16.91;351
E4S 56,780;20220521;13:35:00;13:40:00;163;18.11;326
E4S 56,780;20220521;13:40:00;13:45:00;164;17.57;351
E4S 56,780;20220521;13:45:00;13:50:00;165;17.73;330
E4S 56,780;20220521;13:50:00;13:55:00;166;18.33;319
E4S 56,780;20220521;13:55:00;14:00:00;167;17.73;360
E4S 56,780;20220521;14:00:00;14:05:00;168;17.80;321
E4S 56,780;20220521;14:05:00;14:10:00;169;18.28;319
E4S 56,780;20220521;14:10:00;14:15:00;170;18.07;328
E4S 56,780;20220521;14:15:00;14:20:00;171;17.77;340
E4S 56,780;20220521;14:20:00;14:25:00;172;18.12;344
E4S 56,780;20220521;14:25:00;14:30:00;173;18.72;314
E4S 56,780;20220521;14:30:00;14:35:00;174;17.62;368
E4S 56,780;20220521;14:35:00;14:40:00;175;17.81;339
E4S 56,780;20220521;14:40:00;14:45:00;176;18.27;292
E4S 56,780;20220521;14:45:00;14:50:00;177;18.59;304
E4S 56,780;20220521;14:50:00;14:55:00;178;17.96;332
E4S 56,780;20220521;14:55:00;15:00:00;179;18.11;340
E4S 56,780;20220521;15:00:00;15:05:00;180;18.10;363
E4S 56,780;20220521;15:05:00;15:10:00;181;18.46;322
E4S 56,780;20220521;15:10:00;15:15:00;182;17.75;371
E4S 56,780;20220521;15:15:00;15:20:00;183;18.08;329
E4S 56,780;20220521;15:20:00;15:25:00;184;17.10;412
E4S 56,780;20220521;15:25:00;15:30:00;185;17.67;409
E4S 56,780;20220521;15:30:00;15:35:00;186;17.68;376
E4S 56,780;20220521;15:35:00;15:40:00;187;16.87;363
E4S 56,780;20220521;15:40:00;15:45:00;188;17.15;371
E4S 56,780;20220521;15:45:00;15:50:00;189;18.19;353
E4S 56,780;20220521;15:50:00;15:55:00;190;17.72;344
E4S 56,780;20220521;15:55:00;16:00:00;191;17.81;365
E4S 56,780;20220521;16:00:00;16:05:00;192;17.45;342
E4S 56,780;20220521;16:05:00;16:10:00;193;17.68;338
E4S 56,780;20220521;16:10:00;16:15:00;194;17.51;364
E4S 56,780;20220521;16:15:00;16:20:00;195;17.53;350
E4S 56,780;20220521;16:20:00;16:25:00;196;18.32;317
E4S 56,780;20220521;16:25:00;16:30:00;197;18.52;306
E4S 56,780;20220521;16:30:00;16:35:00;198;18.74;286
E4S 56,780;20220521;16:35:00;16:40:00;199;18.46;300
E4S 56,780;20220521;16:40:00;16:45:00;200;18.63;309
E4S 56,780;20220521;16:45:00;16:50:00;201;19.12;245
E4S 56,780;20220521;16:50:00;16:55:00;202;18.40;286
E4S 56,780;20220521;16:55:00;17:00:00;203;19.08;254
E4S 56,780;20220521;17:00:00;17:05:00;204;19.08;232
E4S 56,780;20220521;17:05:00;17:10:00;205;18.96;237
E4S 56,780;20220521;17:10:00;17:15:00;206;19.15;246
E4S 56,780;20220521;17:15:00;17:20:00;207;19.36;213
E4S 56,780;20220521;17:20:00;17:25:00;208;18.92;279
E4S 56,780;20220521;17:25:00;17:30:00;209;19.34;216
E4S 56,780;20220521;17:30:00;17:35:00;210;19.25;234
E4S 56,780;20220521;17:35:00;17:40:00;211;19.94;206
E4S 56,780;20220521;17:40:00;17:45:00;212;18.75;234
E4S 56,780;20220521;17:45:00;17:50:00;213;19.44;192
E4S 56,780;20220521;17:50:00;17:55:00;214;19.31;210
E4S 56,780;20220521;17:55:00;18:00:00;215;19.45;226
E4S 56,780;20220521;18:00:00;18:05:00;216;19.48;214
E4S 56,780;20220521;18:05:00;18:10:00;217;19.77;180
E4S 56,780;20220521;18:10:00;18:15:00;218;19.33;196
E4S 56,780;20220521;18:15:00;18:20:00;219;19.41;182
E4S 56,780;20220521;18:20:00;18:25:00;220;19.74;148
E4S 56,780;20220521;18:25:00;18:30:00;221;19.48;151
E4S 56,780;20220521;18:30:00;18:35:00;222;19.68;178
E4S 56,780;20220521;18:35:00;18:40:00;223;20.01;179
E4S 56,780;20220521;18:40:00;18:45:00;224;19.62;189
E4S 56,780;20220521;18:45:00;18:50:00;225;19.91;131
E4S 56,780;20220521;18:50:00;18:55:00;226;19.43;159
E4S 56,780;20220521;18:55:00;19:00:00;227;19.59;155
E4S 56,780;20220521;19:00:00;19:05:00;228;20.10;143
E4S 56,780;20220521;19:05:00;19:10:00;229;19.49;154
E4S 56,780;20220521;19:10:00;19:15:00;230;19.96;179
E4S 56,780;20220521;19:15:00;19:20:00;231;19.33;190
E4S 56,780;20220521;19:20:00;19:25:00;232;19.64;171
E4S 56,780;20220521;19:25:00;19:30:00;233;19.38;174
E4S 56,780;20220521;19:30:00;19:35:00;234;19.00;165
E4S 56,780;20220521;19:35:00;19:40:00;235;19.70;148
E4S 56,780;20220521;19:40:00;19:45:00;236;20.04;153
E4S 56,780;20220521;19:45:00;19:50:00;237;19.46;137
E4S 56,780;20220521;19:50:00;19:55:00;238;19.31;143
E4S 56,780;20220521;19:55:00;20:00:00;239;18.97;135
E4S 56,780;20220521;20:00:00;20:05:00;240;20.36;101
E4S 56,780;20220521;20:05:00;20:10:00;241;19.77;111
E4S 56,780;20220521;20:10:00;20:15:00;242;20.09;154
E4S 56,780;20220521;20:15:00;20:20:00;243;19.69;116
E4S 56,780;20220521;20:20:00;20:25:00;244;19.87;135
E4S 56,780;20220521;20:25:00;20:30:00;245;19.61;144
E4S 56,780;20220521;20:30:00;20:35:00;246;19.48;104
E4S 56,780;20220521;20:35:00;20:40:00;247;19.74;92
E4S 56,780;20220521;20:40:00;20:45:00;248;19.93;97
E4S 56,780;20220521;20:45:00;20:50:00;249;19.30;122
E4S 56,780;20220521;20:50:00;20:55:00;250;18.92;125
E4S 56,780;20220521;20:55:00;21:00:00;251;19.44;120
E4S 56,780;20220521;21:00:00;21:05:00;252;20.33;125
E4S 56,780;20220521;21:05:00;21:10:00;253;19.13;112
E4S 56,780;20220521;21:10:00;21:15:00;254;19.83;104
E4S 56,780;20220521;21:15:00;21:20:00;255;19.65;94
E4S 56,780;20220521;21:20:00;21:25:00;256;19.25;110
E4S 56,780;20220521;21:25:00;21:30:00;257;19.38;138
E4S 56,780;20220521;21:30:00;21:35:00;258;20.15;103
E4S 56,780;20220521;21:35:00;21:40:00;259;19.60;116
E4S 56,780;20220521;21:40:00;21:45:00;260;19.67;109
E4S 56,780;20220521;21:45:00;21:50:00;261;20.03;105
E4S 56,780;20220521;21:50:00;21:55:00;262;19.93;87
E4S 56,780;20220521;21:55:00;22:00:00;263;19.46;76
E4S 56,780;20220521;22:00:00;22:05:00;264;19.08;98
E4S 56,780;20220521;22:05:00;22:10:00;265;18.85;76
E4S 56,780;20220521;22:10:00;22:15:00;266;19.72;73
E4S 56,780;20220521;22:15:00;22:20:00;267;20.12;81
E4S 56,780;20220521;22:20:00;22:25:00;268;19.92;90
E4S 56,780;20220521;22:25:00;22:30:00;269;21.03;68
E4S 56,780;20220521;22:30:00;22:35:00;270;20.56;69
E4S 56,780;20220521;22:35:00;22:40:00;271;19.83;60
E4S 56,780;20220521;22:40:00;22:45:00;272;20.60;70
E4S 56,780;20220521;22:45:00;22:50:00;273;19.35;82
E4S 56,780;20220521;22:50:00;22:55:00;274;20.60;58
E4S 56,780;20220521;22:55:00;23:00:00;275;20.13;80
E4S 56,780;20220521;23:00:00;23:05:00;276;20.29;59
E4S 56,780;20220521;23:05:00;23:10:00;277;20.30;64
E4S 56,780;20220521;23:10:00;23:15:00;278;19.66;67
E4S 56,780;20220521;23:15:00;23:20:00;279;19.97;62
E4S 56,780;20220521;23:20:00;23:25:00;280;20.32;51
E4S 56,780;20220521;23:25:00;23:30:00;281;20.83;60
E4S 56,780;20220521;23:30:00;23:35:00;282;20.79;62
E4S 56,780;20220521;23:35:00;23:40:00;283;19.93;41
E4S 56,780;20220521;23:40:00;23:45:00;284;20.41;36
E4S 56,780;20220521;23:45:00;23:50:00;285;19.97;43
E4S 56,780;20220521;23:50:00;23:55:00;286;21.52;46
E4S 56,780;20220521;23:55:00;24:00:00;287;20.46;57
E4S 56,780;20220522;00:00:00;00:05:00;0;20.49;55
E4S 56,780;20220522;00:05:00;00:10:00;1;20.07;42
E4S 56,780;20220522;00:10:00;00:15:00;2;21.45;40
E4S 56,780;20220522;00:15:00;00:20:00;3;21.19;38
E4S 56,780;20220522;00:20:00;00:25:00;4;19.54;23
E4S 56,780;20220522;00:25:00;00:30:00;5;19.99;29
E4S 56,780;20220522;00:30:00;00:35:00;6;21.93;43
E4S 56,780;20220522;00:35:00;00:40:00;7;19.67;34
E4S 56,780;20220522;00:40:00;00:45:00;8;20.70;52
E4S 56,780;20220522;00:45:00;00:50:00;9;19.97;40
E4S 56,780;20220522;00:50:00;00:55:00;10;21.13;35
E4S 56,780;20220522;00:55:00;01:00:00;11;21.07;24
E4S 56,780;20220522;01:00:00;01:05:00;12;21.34;32
E4S 56,780;20220522;01:05:00;01:10:00;13;20.30;27
E4S 56,780;20220522;01:10:00;01:15:00;14;20.90;29
E4S 56,780;20220522;01:15:00;01:20:00;15;20.96;44
E4S 56,780;20220522;01:20:00;01:25:00;16;20.26;31
E4S 56,780;20220522;01:25:00;01:30:00;17;19.61;27
E4S 56,780;20220522;01:30:00;01:35:00;18;22.59;30
E4S 56,780;20220522;01:35:00;01:40:00;19;20.48;29
E4S 56,780;20220522;01:40:00;01:45:00;20;20.89;33
E4S 56,780;20220522;01:45:00;01:50:00;21;20.95;25
E4S 56,780;20220522;01:50:00;01:55:00;22;21.39;40
E4S 56,780;20220522;01:55:00;02:00:00;23;22.46;28
E4S 56,780;20220522;02:00:00;02:05:00;24;20.46;29
E4S 56,780;20220522;02:05:00;02:10:00;25;21.32;30
E4S 56,780;20220522;02:10:00;02:15:00;26;22.45;27
E4S 56,780;20220522;02:15:00;02:20:00;27;20.48;27
E4S 56,780;20220522;02:20:00;02:25:00;28;21.21;29
E4S 56,780;20220522;02:25:00;02:30:00;29;20.97;35
E4S 56,780;20220522;02:30:00;02:35:00;30;21.41;29
E4S 56,780;20220522;02:35:00;02:40:00;31;20.45;26
E4S 56,780;20220522;02:40:00;02:45:00;32;20.62;29
E4S 56,780;20220522;02:45:00;02:50:00;33;21.85;21
E4S 56,780;20220522;02:50:00;02:55:00;34;20.68;29
E4S 56,780;20220522;02:55:00;03:00:00;35;20.75;33
E4S 56,780;20220522;03:00:00;03:05:00;36;20.63;25
E4S 56,780;20220522;03:05:00;03:10:00;37;20.29;36
E4S 56,780;20220522;03:10:00;03:15:00;38;21.34;37
E4S 56,780;20220522;03:15:00;03:20:00;39;21.53;31
E4S 56,780;20220522;03:20:00;03:25:00;40;21.63;31
E4S 56,780;20220522;03:25:00;03:30:00;41;20.96;34
E4S 56,780;20220522;03:30:00;03:35:00;42;21.03;23
E4S 56,780;20220522;03:35:00;03:40:00;43;21.63;39
E4S 56,780;20220522;03:40:00;03:45:00;44;21.08;26
E4S 56,780;20220522;03:45:00;03:50:00;45;22.30;28
E4S 56,780;20220522;03:50:00;03:55:00;46;21.64;29
E4S 56,780;20220522;03:55:00;04:00:00;47;21.72;39
E4S 56,780;20220522;04:00:00;04:05:00;48;22.14;20
E4S 56,780;20220522;04:05:00;04:10:00;49;20.70;39
E4S 56,780;20220522;04:10:00;04:15:00;50;20.86;46
E4S 56,780;20220522;04:15:00;04:20:00;51;21.25;32
E4S 56,780;20220522;04:20:00;04:25:00;52;21.58;49
E4S 56,780;20220522;04:25:00;04:30:00;53;21.31;55
E4S 56,780;20220522;04:30:00;04:35:00;54;20.52;72
E4S 56,780;20220522;04:35:00;04:40:00;55;21.81;60
E4S 56,780;20220522;04:40:00;04:45:00;56;20.57;60
E4S 56,780;20220522;04:45:00;04:50:00;57;19.97;51
E4S 56,780;20220522;04:50:00;04:55:00;58;21.15;45
E4S 56,780;20220522;04:55:00;05:00:00;59;21.26;44
E4S 56,780;20220522;05:00:00;05:05:00;60;21.67;41
E4S 56,780;20220522;05:05:00;05:10:00;61;21.63;51
E4S 56,780;20220522;05:10:00;05:15:00;62;20.62;45
E4S 56,780;20220522;05:15:00;05:20:00;63;21.51;65
E4S 56,780;20220522;05:20:00;05:25:00;64;21.22;78
E4S 56,780;20220522;05:25:00;05:30:00;65;21.33;78
E4S 56,780;20220522;05:30:00;05:35:00;66;21.04;87
E4S 56,780;20220522;05:35:00;05:40:00;67;20.66;75
E4S 56,780;20220522;05:40:00;05:45:00;68;21.16;80
E4S 56,780;20220522;05:45:00;05:50:00;69;20.50;88
E4S 56,780;20220522;05:50:00;05:55:00;70;20.51;86
E4S 56,780;20220522;05:55:00;06:00:00;71;22.18;58
E4S 56,780;20220522;06:00:00;06:05:00;72;20.83;80
E4S 56,780;20220522;06:05:00;06:10:00;73;20.82;86
E4S 56,780;20220522;06:10:00;06:15:00;74;20.76;85
E4S 56,780;20220522;06:15:00;06:20:00;75;21.01;92
E4S 56,780;20220522;06:20:00;06:25:00;76;21.05;93
E4S 56,780;20220522;06:25:00;06:30:00;77;20.69;112
E4S 56,780;20220522;06:30:00;06:35:00;78;20.29;99
E4S 56,780;20220522;06:35:00;06:40:00;79;20.50;132
E4S 56,780;20220522;06:40:00;06:45:00;80;20.52;116
E4S 56,780;20220522;06:45:00;06:50:00;81;20.44;145
E4S 56,780;20220522;06:50:00;06:55:00;82;20.25;129
E4S 56,780;20220522;06:55:00;07:00:00;83;21.24;118
E4S 56,780;20220522;07:00:00;07:05:00;84;20.83;98
E4S 56,780;20220522;07:05:00;07:10:00;85;20.74;129
E4S 56,780;20220522;07:10:00;07:15:00;86;20.07;128
E4S 56,780;20220522;07:15:00;07:20:00;87;20.45;143
E4S 56,780;20220522;07:20:00;07:25:00;88;20.41;143
E4S 56,780;20220522;07:25:00;07:30:00;89;20.10;151
E4S 56,780;20220522;07:30:00;07:35:00;90;20.13;168
E4S 56,780;20220522;07:35:00;07:40:00;91;19.71;169
E4S 56,780;20220522;07:40:00;07:45:00;92;19.25;200
E4S 56,780;20220522;07:45:00;07:50:00;93;20.20;191
E4S 56,780;20220522;07:50:00;07:55:00;94;19.39;175
E4S 56,780;20220522;07:55:00;08:00:00;95;20.58;184
E4S 56,780;20220522;08:00:00;08:05:00;96;19.69;184
E4S 56,780;20220522;08:05:00;08:10:00;97;19.38;189
E4S 56,780;20220522;08:10:00;08:15:00;98;19.57;231
E4S 56,780;20220522;08:15:00;08:20:00;99;19.23;202
E4S 56,780;20220522;08:20:00;08:25:00;100;19.37;197
E4S 56,780;20220522;08:25:00;08:30:00;101;19.42;208
E4S 56,780;20220522;08:30:00;08:35:00;102;19.44;240
E4S 56,780;20220522;08:35:00;08:40:00;103;18.80;239
E4S 56,780;20220522;08:40:00;08:45:00;104;18.66;241
E4S 56,780;20220522;08:45:00;08:50:00;105;19.40;229
E4S 56,780;20220522;08:50:00;08:55:00;106;19.14;263
E4S 56,780;20220522;08:55:00;09:00:00;107;18.98;241
E4S 56,780;20220522;09:00:00;09:05:00;108;19.27;210
E4S 56,780;20220522;09:05:00;09:10:00;109;19.55;238
E4S 56,780;20220522;09:10:00;09:15:00;110;19.21;225
E4S 56,780;20220522;09:15:00;09:20:00;111;19.44;252
E4S 56,780;20220522;09:20:00;09:25:00;112;19.21;255
E4S 56,780;20220522;09:25:00;09:30:00;113;18.99;252
E4S 56,780;20220522;09:30:00;09:35:00;114;18.42;292
E4S 56,780;20220522;09:35:00;09:40:00;115;18.95;263
E4S 56,780;20220522;09:40:00;09:45:00;116;18.45;264
E4S 56,780;20220522;09:45:00;09:50:00;117;18.75;279
E4S 56,780;20220522;09:50:00;09:55:00;118;18.35;312
E4S 56,780;20220522;09:55:00;10:00:00;119;18.84;279
E4S 56,780;20220522;10:00:00;10:05:00;120;18.76;299
E4S 56,780;20220522;10:05:00;10:10:00;121;18.60;283
E4S 56,780;20220522;10:10:00;10:15:00;122;18.17;298
E4S 56,780;20220522;10:15:00;10:20:00;123;18.31;315
E4S 56,780;20220522;10:20:00;10:25:00;124;18.73;288
E4S 56,780;20220522;10:25:00;10:30:00;125;17.94;334
E4S 56,780;20220522;10:30:00;10:35:00;126;18.05;301
E4S 56,780;20220522;10:35:00;10:40:00;127;17.82;326
E4S 56,780;20220522;10:40:00;10:45:00;128;18.04;328
E4S 56,780;20220522;10:45:00;10:50:00;129;18.19;321
E4S 56,780;20220522;10:50:00;10:55:00;130;17.95;327
E4S 56,780;20220522;10:55:00;11:00:00;131;18.15;332
E4S 56,780;20220522;11:00:00;11:05:00;132;18.26;300
E4S 56,780;20220522;11:05:00;11:10:00;133;18.16;309
E4S 56,780;20220522;11:10:00;11:15:00;134;18.14;333
E4S 56,780;20220522;11:15:00;11:20:00;135;18.54;339
E4S 56,780;20220522;11:20:00;11:25:00;136;17.52;357
E4S 56,780;20220522;11:25:00;11:30:00;137;18.52;330
E4S 56,780;20220522;11:30:00;11:35:00;138;17.66;343
E4S 56,780;20220522;11:35:00;11:40:00;139;18.05;332
E4S 56,780;20220522;11:40:00;11:45:00;140;17.62;372
E4S 56,780;20220522;11:45:00;11:50:00;141;16.93;376
E4S 56,780;20220522;11:50:00;11:55:00;142;17.76;347
E4S 56,780;20220522;11:55:00;12:00:00;143;18.01;355
E4S 56,780;20220522;12:00:00;12:05:00;144;17.65;352
E4S 56,780;20220522;12:05:00;12:10:00;145;17.81;323
E4S 56,780;20220522;12:10:00;12:15:00;146;17.68;355
E4S 56,780;20220522;12:15:00;12:20:00;147;18.01;349
E4S 56,780;20220522;12:20:00;12:25:00;148;17.95;321
E4S 56,780;20220522;12:25:00;12:30:00;149;17.54;340
E4S 56,780;20220522;12:30:00;12:35:00;150;16.99;359
E4S 56,780;20220522;12:35:00;12:40:00;151;18.16;322
E4S 56,780;20220522;12:40:00;12:45:00;152;18.38;314
E4S 56,780;20220522;12:45:00;12:50:00;153;18.47;339
E4S 56,780;20220522;12:50:00;12:55:00;154;18.34;318
E4S 56,780;20220522;12:55:00;13:00:00;155;18.05;335
E4S 56,780;20220522;13:00:00;13:05:00;156;17.73;337
E4S 56,780;20220522;13:05:00;13:10:00;157;18.08;374
E4S 56,780;20220522;13:10:00;13:15:00;158;17.87;319
E4S 56,780;20220522;13:15:00;13:20:00;159;17.59;356
E4S 56,780;20220522;13:20:00;13:25:00;160;17.23;349
E4S 56,780;20220522;13:25:00;13:30:00;161;17.76;324
E4S 56,780;20220522;13:30:00;13:35:00;162;17.98;320
E4S 56,780;20220522;13:35:00;13:40:00;163;16.78;381
E4S 56,780;20220522;13:40:00;13:45:00;164;17.23;350
E4S 56,780;20220522;13:45:00;13:50:00;165;16.86;346
E4S 56,780;20220522;13:50:00;13:55:00;166;17.33;352
E4S 56,780;20220522;13:55:00;14:00:00;167;17.78;348
E4S 56,780;20220522;14:00:00;14:05:00;168;17.91;334
E4S 56,780;20220522;14:05:00;14:10:00;169;17.91;326
E4S 56,780;20220522;14:10:00;14:15:00;170;17.78;332
E4S 56,780;20220522;14:15:00;14:20:00;171;17.44;346
E4S 56,780;20220522;14:20:00;14:25:00;172;17.70;346
E4S 56,780;20220522;14:25:00;14:30:00;173;17.82;367
E4S 56,780;20220522;14:30:00;14:35:00;174;17.44;349
E4S 56,780;20220522;14:35:00;14:40:00;175;17.17;380
E4S 56,780;20220522;14:40:00;14:45:00;176;17.67;327
E4S 56,780;20220522;14:45:00;14:50:00;177;18.19;333
E4S 56,780;20220522;14:50:00;14:55:00;178;18.42;302
E4S 56,780;20220522;14:55:00;15:00:00;179;18.15;308
E4S 56,780;20220522;15:00:00;15:05:00;180;17.20;360
E4S 56,780;20220522;15:05:00;15:10:00;181;17.73;338
E4S 56,780;20220522;15:10:00;15:15:00;182;17.71;362
E4S 56,780;20220522;15:15:00;15:20:00;183;17.41;321
E4S 56,780;20220522;15:20:00;15:25:00;184;17.65;327
E4S 56,780;20220522;15:25:00;15:30:00;185;17.58;339
E4S 56,780;20220522;15:30:00;15:35:00;186;17.92;324
E4S 56,780;20220522;15:35:00;15:40:00;187;17.38;340
E4S 56,780;20220522;15:40:00;15:45:00;188;18.08;321
E4S 56,780;20220522;15:45:00;15:50:00;189;17.97;346
E4S 56,780;20220522;15:50:00;15:55:00;190;17.90;316
E4S 56,780;20220522;15:55:00;16:00:00;191;18.48;270
E4S 56,780;20220522;16:00:00;16:05:00;192;18.27;295
E4S 56,780;20220522;16:05:00;16:10:00;193;18.55;293
E4S 56,780;20220522;16:10:00;16:15:00;194;18.59;294
E4S 56,780;20220522;16:15:00;16:20:00;195;18.84;299
E4S 56,780;20220522;16:20:00;16:25:00;196;17.83;298
E4S 56,780;20220522;16:25:00;16:30:00;197;18.44;261
E4S 56,780;20220522;16:30:00;16:35:00;198;18.52;283
E4S 56,780;20220522;16:35:00;16:40:00;199;18.44;285
E4S 56,780;20220522;16:40:00;16:45:00;200;18.42;275
E4S 56,780;20220522;16:45:00;16:50:00;201;18.46;293
E4S 56,780;20220522;16:50:00;16:55:00;202;18.21;273
E4S 56,780;20220522;16:55:00;17:00:00;203;18.17;287
E4S 56,780;20220522;17:00:00;17:05:00;204;18.77;247
E4S 56,780;20220522;17:05:00;17:10:00;205;18.79;278
E4S 56,780;20220522;17:10:00;17:15:00;206;18.84;256
E4S 56,780;20220522;17:15:00;17:20:00;207;18.54;254
E4S 56,780;20220522;17:20:00;17:25:00;208;18.19;245
E4S 56,780;20220522;17:25:00;17:30:00;209;18.30;271
E4S 56,780;20220522;17:30:00;17:35:00;210;18.81;269
E4S 56,780;20220522;17:35:00;17:40:00;211;18.83;233
E4S 56,780;20220522;17:40:00;17:45:00;212;19.16;227
E4S 56,780;20220522;17:45:00;17:50:00;213;18.53;229
E4S 56,780;20220522;17:50:00;17:55:00;214;18.87;221
E4S 56,780;20220522;17:55:00;18:00:00;215;19.51;220
E4S 56,780;20220522;18:00:00;18:05:00;216;19.32;226
E4S 56,780;20220522;18:05:00;18:10:00;217;19.20;233
E4S 56,780;20220522;18:10:00;18:15:00;218;19.60;224
E4S 56,780;20220522;18:15:00;18:20:00;219;19.21;228
E4S 56,780;20220522;18:20:00;18:25:00;220;19.35;215
E4S 56,780;20220522;18:25:00;18:30:00;221;19.37;189
E4S 56,780;20220522;18:30:00;18:35:00;222;19.78;173
E4S 56,780;20220522;18:35:00;18:40:00;223;19.82;195
E4S 56,780;20220522;18:40:00;18:45:00;224;19.22;173
E4S 56,780;20220522;18:45:00;18:50:00;225;19.32;183
E4S 56,780;20220522;18:50:00;18:55:00;226;19.48;191
E4S 56,780;20220522;18:55:00;19:00:00;227;19.64;178
E4S 56,780;20220522;19:00:00;19:05:00;228;20.03;173
E4S 56,780;20220522;19:05:00;19:10:00;229;19.61;188
E4S 56,780;20220522;19:10:00;19:15:00;230;19.41;223
E4S 56,780;20220522;19:15:00;19:20:00;231;19.63;165
E4S 56,780;20220522;19:20:00;19:25:00;232;19.43;197
E4S 56,780;20220522;19:25:00;19:30:00;233;19.49;165
E4S 56,780;20220522;19:30:00;19:35:00;234;19.52;162
E4S 56,780;20220522;19:35:00;19:40:00;235;19.81;150
E4S 56,780;20220522;19:40:00;19:45:00;236;20.34;146
E4S 56,780;20220522;19:45:00;19:50:00;237;19.69;134
E4S 56,780;20220522;19:50:00;19:55:00;238;19.35;163
E4S 56,780;20220522;19:55:00;20:00:00;239;19.28;122
E4S 56,780;20220522;20:00:00;20:05:00;240;20.11;123
E4S 56,780;20220522;20:05:00;20:10:00;241;19.52;94
E4S 56,780;20220522;20:10:00;20:15:00;242;20.57;105
E4S 56,780;20220522;20:15:00;20:20:00;243;19.10;119
E4S 56,780;20220522;20:20:00;20:25:00;244;19.89;93
E4S 56,780;20220522;20:25:00;20:30:00;245;20.15;122
E4S 56,780;20220522;20:30:00;20:35:00;246;20.17;79
E4S 56,780;20220522;20:35:00;20:40:00;247;20.37;84
E4S 56,780;20220522;20:40:00;20:45:00;248;19.77;76
E4S 56,780;20220522;20:45:00;20:50:00;249;20.43;97
E4S 56,780;20220522;20:50:00;20:55:00;250;21.07;74
E4S 56,780;20220522;20:55:00;21:00:00;251;20.32;77
E4S 56,780;20220522;21:00:00;21:05:00;252;20.69;65
E4S 56,780;20220522;21:05:00;21:10:00;253;20.57;62
E4S 56,780;20220522;21:10:00;21:15:00;254;19.78;80
E4S 56,780;20220522;21:15:00;21:20:00;255;20.40;57
E4S 56,780;20220522;21:20:00;21:25:00;256;19.77;83
E4S 56,780;20220522;21:25:00;21:30:00;257;19.64;61
E4S 56,780;20220522;21:30:00;21:35:00;258;19.26;60
E4S 56,780;20220522;21:35:00;21:40:00;259;20.22;80
E4S 56,780;20220522;21:40:00;21:45:00;260;19.55;48
E4S 56,780;20220522;21:45:00;21:50:00;261;19.00;51
E4S 56,780;20220522;21:50:00;21:55:00;262;18.55;51
E4S 56,780;20220522;21:55:00;22:00:00;263;19.86;46
E4S 56,780;20220522;22:00:00;22:05:00;264;18.87;47
E4S 56,780;20220522;22:05:00;22:10:00;265;20.30;37
E4S 56,780;20220522;22:10:00;22:15:00;266;19.70;41
E4S 56,780;20220522;22:15:00;22:20:00;267;19.91;48
E4S 56,780;20220522;22:20:00;22:25:00;268;19.81;48
E4S 56,780;20220522;22:25:00;22:30:00;269;19.83;28
E4S 56,780;20220522;22:30:00;22:35:00;270;17.97;48
E4S 56,780;20220522;22:35:00;22:40:00;271;19.64;32
E4S 56,780;20220522;22:40:00;22:45:00;272;19.90;48
E4S 56,780;20220522;22:45:00;22:50:00;273;20.54;42
E4S 56,780;20220522;22:50:00;22:55:00;274;20.32;33
E4S 56,780;20220522;22:55:00;23:00:00;275;21.54;35
E4S 56,780;20220522;23:00:00;23:05:00;276;20.60;25
E4S 56,780;20220522;23:05:00;23:10:00;277;21.15;34
E4S 56,780;20220522;23:10:00;23:15:00;278;20.31;25
E4S 56,780;20220522;23:15:00;23:20:00;279;20.57;24
E4S 56,780;20220522;23:20:00;23:25:00;280;21.31;15
E4S 56,780;20220522;23:25:00;23:30:00;281;21.12;29
E4S 56,780;20220522;23:30:00;23:35:00;282;19.92;23
E4S 56,780;20220522;23:35:00;23:40:00;283;21.47;24
E4S 56,780;20220522;23:40:00;23:45:00;284;21.34;26
E4S 56,780;20220522;23:45:00;23:50:00;285;20.51;21
E4S 56,780;20220522;23:50:00;23:55:00;286;22.16;25
E4S 56,780;20220522;23:55:00;24:00:00;287;21.75;23
E4S 56,780;20220526;00:00:00;00:05:00;0;20.25;45
E4S 56,780;20220526;00:05:00;00:10:00;1;21.72;22
E4S 56,780;20220526;00:10:00;00:15:00;2;20.44;38
E4S 56,780;20220526;00:15:00;00:20:00;3;19.59;24
E4S 56,780;20220526;00:20:00;00:25:00;4;21.69;22
E4S 56,780;20220526;00:25:00;00:30:00;5;20.88;36
E4S 56,780;20220526;00:30:00;00:35:00;6;19.83;25
E4S 56,780;20220526;00:35:00;00:40:00;7;20.97;27
E4S 56,780;20220526;00:40:00;00:45:00;8;20.01;28
E4S 56,780;20220526;00:45:00;00:50:00;9;23.45;36
E4S 56,780;20220526;00:50:00;00:55:00;10;20.27;24
E4S 56,780;20220526;00:55:00;01:00:00;11;21.38;37
E4S 56,780;20220526;01:00:00;01:05:00;12;20.15;29
E4S 56,780;20220526;01:05:00;01:10:00;13;20.85;29
E4S 56,780;20220526;01:10:00;01:15:00;14;20.88;27
E4S 56,780;20220526;01:15:00;01:20:00;15;22.07;23
E4S 56,780;20220526;01:20:00;01:25:00;16;19.32;26
E4S 56,780;20220526;01:25:00;01:30:00;17;21.05;19
E4S 56,780;20220526;01:30:00;01:35:00;18;20.55;39
E4S 56,780;20220526;01:35:00;01:40:00;19;21.22;26
E4S 56,780;20220526;01:40:00;01:45:00;20;21.04;42
E4S 56,780;20220526;01:45:00;01:50:00;21;22.69;21
E4S 56,780;20220526;01:50:00;01:55:00;22;20.89;30
E4S 56,780;20220526;01:55:00;02:00:00;23;21.14;22
E4S 56,780;20220526;02:00:00;02:05:00;24;21.49;27
E4S 56,780;20220526;02:05:00;02:10:00;25;22.22;24
E4S 56,780;20220526;02:10:00;02:15:00;26;19.77;31
E4S 56,780;20220526;02:15:00;02:20:00;27;20.84;22
E4S 56,780;20220526;02:20:00;02:25:00;28;21.88;31
E4S 56,780;20220526;02:25:00;02:30:00;29;22.28;26
E4S 56,780;20220526;02:30:00;02:35:00;30;21.11;36
E4S 56,780;20220526;02:35:00;02:40:00;31;21.10;41
E4S 56,780;20220526;02:40:00;02:45:00;32;20.34;43
E4S 56,780;20220526;02:45:00;02:50:00;33;21.01;48
E4S 56,780;20220526;02:50:00;02:55:00;34;22.59;39
E4S 56,780;20220526;02:55:00;03:00:00;35;21.13;34
E4S 56,780;20220526;03:00:00;03:05:00;36;21.15;31
E4S 56,780;20220526;03:05:00;03:10:00;37;22.34;26
E4S 56,780;20220526;03:10:00;03:15:00;38;21.88;44
E4S 56,780;20220526;03:15:00;03:20:00;39;22.51;39
E4S 56,780;20220526;03:20:00;03:25:00;40;21.32;37
E4S 56,780;20220526;03:25:00;03:30:00;41;21.39;56
E4S 56,780;20220526;03:30:00;03:35:00;42;21.79;57
E4S 56,780;20220526;03:35:00;03:40:00;43;22.04;52
E4S 56,780;20220526;03:40:00;03:45:00;44;22.52;58
E4S 56,780;20220526;03:45:00;03:50:00;45;21.67;74
E4S 56,780;20220526;03:50:00;03:55:00;46;22.09;70
E4S 56,780;20220526;03:55:00;04:00:00;47;23.09;42
E4S 56,780;20220526;04:00:00;04:05:00;48;22.48;70
E4S 56,780;20220526;04:05:00;04:10:00;49;22.47;64
E4S 56,780;20220526;04:10:00;04:15:00;50;21.68;83
E4S 56,780;20220526;04:15:00;04:20:00;51;20.93;103
E4S 56,780;20220526;04:20:00;04:25:00;52;21.48;103
E4S 56,780;20220526;04:25:00;04:30:00;53;21.26;132
E4S 56,780;20220526;04:30:00;04:35:00;54;21.33;103
E4S 56,780;20220526;04:35:00;04:40:00;55;21.88;108
E4S 56,780;20220526;04:40:00;04:45:00;56;21.62;136
E4S 56,780;20220526;04:45:00;04:50:00;57;21.85;113
E4S 56,780;20220526;04:50:00;04:55:00;58;21.18;119
E4S 56,780;20220526;04:55:00;05:00:00;59;21.44;125
E4S 56,780;20220526;05:00:00;05:05:00;60;21.83;105
E4S 56,780;20220526;05:05:00;05:10:00;61;21.42;89
E4S 56,780;20220526;05:10:00;05:15:00;62;21.13;97
E4S 56,780;20220526;05:15:00;05:20:00;63;20.77;104
E4S 56,780;20220526;05:20:00;05:25:00;64;20.90;137
E4S 56,780;20220526;05:25:00;05:30:00;65;21.21;126
E4S 56,780;20220526;05:30:00;05:35:00;66;19.85;143
E4S 56,780;20220526;05:35:00;05:40:00;67;21.27;138
E4S 56,780;20220526;05:40:00;05:45:00;68;20.64;141
E4S 56,780;20220526;05:45:00;05:50:00;69;20.68;137
E4S 56,780;20220526;05:50:00;05:55:00;70;20.48;146
E4S 56,780;20220526;05:55:00;06:00:00;71;20.64;144
E4S 56,780;20220526;06:00:00;06:05:00;72;21.41;105
E4S 56,780;20220526;06:05:00;06:10:00;73;20.70;148
E4S 56,780;20220526;06:10:00;06:15:00;74;21.20;157
E4S 56,780;20220526;06:15:00;06:20:00;75;20.49;155
E4S 56,780;20220526;06:20:00;06:25:00;76;20.01;171
E4S 56,780;20220526;06:25:00;06:30:00;77;19.88;174
E4S 56,780;20220526;06:30:00;06:35:00;78;20.68;209
E4S 56,780;20220526;06:35:00;06:40:00;79;19.99;185
E4S 56,780;20220526;06:40:00;06:45:00;80;20.22;187
E4S 56,780;20220526;06:45:00;06:50:00;81;20.31;203
E4S 56,780;20220526;06:50:00;06:55:00;82;20.04;227
E4S 56,780;20220526;06:55:00;07:00:00;83;20.05;218
E4S 56,780;20220526;07:00:00;07:05:00;84;19.69;190
E4S 56,780;20220526;07:05:00;07:10:00;85;20.13;189
E4S 56,780;20220526;07:10:00;07:15:00;86;20.04;221
E4S 56,780;20220526;07:15:00;07:20:00;87;19.59;236
E4S 56,780;20220526;07:20:00;07:25:00;88;18.92;250
E4S 56,780;20220526;07:25:00;07:30:00;89;18.94;266
E4S 56,780;20220526;07:30:00;07:35:00;90;18.58;262
E4S 56,780;20220526;07:35:00;07:40:00;91;18.98;281
E4S 56,780;20220526;07:40:00;07:45:00;92;19.06;268
E4S 56,780;20220526;07:45:00;07:50:00;93;18.54;301
E4S 56,780;20220526;07:50:00;07:55:00;94;18.58;290
E4S 56,780;20220526;07:55:00;08:00:00;95;19.33;232
E4S 56,780;20220526;08:00:00;08:05:00;96;19.45;258
E4S 56,780;20220526;08:05:00;08:10:00;97;18.70;286
E4S 56,780;20220526;08:10:00;08:15:00;98;18.62;293
E4S 56,780;20220526;08:15:00;08:20:00;99;18.83;245
E4S 56,780;20220526;08:20:00;08:25:00;100;18.01;287
E4S 56,780;20220526;08:25:00;08:30:00;101;18.69;283
E4S 56,780;20220526;08:30:00;08:35:00;102;18.68;308
E4S 56,780;20220526;08:35:00;08:40:00;103;17.89;301
E4S 56,780;20220526;08:40:00;08:45:00;104;17.83;379
E4S 56,780;20220526;08:45:00;08:50:00;105;18.67;306
E4S 56,780;20220526;08:50:00;08:55:00;106;18.48;291
E4S 56,780;20220526;08:55:00;09:00:00;107;18.08;308
E4S 56,780;20220526;09:00:00;09:05:00;108;18.04;315
E4S 56,780;20220526;09:05:00;09:10:00;109;17.68;314
E4S 56,780;20220526;09:10:00;09:15:00;110;18.30;266
E4S 56,780;20220526;09:15:00;09:20:00;111;18.31;300
E4S 56,780;20220526;09:20:00;09:25:00;112;18.19;305
E4S 56,780;20220526;09:25:00;09:30:00;113;18.17;327
E4S 56,780;20220526;09:30:00;09:35:00;114;17.91;284
E4S 56,780;20220526;09:35:00;09:40:00;115;18.52;291
E4S 56,780;20220526;09:40:00;09:45:00;116;18.81;291
E4S 56,780;20220526;09:45:00;09:50:00;117;18.55;299
E4S 56,780;20220526;09:50:00;09:55:00;118;18.73;294
E4S 56,780;20220526;09:55:00;10:00:00;119;17.36;338
E4S 56,780;20220526;10:00:00;10:05:00;120;18.31;293
E4S 56,780;20220526;10:05:00;10:10:00;121;18.23;321
E4S 56,780;20220526;10:10:00;10:15:00;122;18.44;280
E4S 56,780;20220526;10:15:00;10:20:00;123;18.21;277
E4S 56,780;20220526;10:20:00;10:25:00;124;18.34;319
E4S 56,780;20220526;10:25:00;10:30:00;125;17.68;320
E4S 56,780;20220526;10:30:00;10:35:00;126;18.30;286
E4S 56,780;20220526;10:35:00;10:40:00;127;18.37;329
E4S 56,780;20220526;10:40:00;10:45:00;128;18.62;279
E4S 56,780;20220526;10:45:00;10:50:00;129;17.78;293
E4S 56,780;20220526;10:50:00;10:55:00;130;18.86;260
E4S 56,780;20220526;10:55:00;11:00:00;131;18.48;306
E4S 56,780;20220526;11:00:00;11:05:00;132;17.75;331
E4S 56,780;20220526;11:05:00;11:10:00;133;17.88;310
E4S 56,780;20220526;11:10:00;11:15:00;134;18.07;303
E4S 56,780;20220526;11:15:00;11:20:00;135;18.30;292
E4S 56,780;20220526;11:20:00;11:25:00;136;18.20;290
E4S 56,780;20220526;11:25:00;11:30:00;137;17.79;336
E4S 56,780;20220526;11:30:00;11:35:00;138;18.21;317
E4S 56,780;20220526;11:35:00;11:40:00;139;18.00;290
E4S 56,780;20220526;11:40:00;11:45:00;140;18.25;311
E4S 56,780;20220526;11:45:00;11:50:00;141;18.16;316
E4S 56,780;20220526;11:50:00;11:55:00;142;17.53;335
E4S 56,780;20220526;11:55:00;12:00:00;143;18.64;284
E4S 56,780;20220526;12:00:00;12:05:00;144;18.54;307
E4S 56,780;20220526;12:05:00;12:10:00;145;18.65;297
E4S 56,780;20220526;12:10:00;12:15:00;146;18.03;334
E4S 56,780;20220526;12:15:00;12:20:00;147;18.37;280
E4S 56,780;20220526;12:20:00;12:25:00;148;18.58;344
E4S 56,780;20220526;12:25:00;12:30:00;149;18.12;312
E4S 56,780;20220526;12:30:00;12:35:00;150;18.07;281
E4S 56,780;20220526;12:35:00;12:40:00;151;18.31;312
E4S 56,780;20220526;12:40:00;12:45:00;152;18.40;331
E4S 56,780;20220526;12:45:00;12:50:00;153;18.09;316
E4S 56,780;20220526;12:50:00;12:55:00;154;17.68;344
E4S 56,780;20220526;12:55:00;13:00:00;155;18.81;295
E4S 56,780;20220526;13:00:00;13:05:00;156;18.60;287
E4S 56,780;20220526;13:05:00;13:10:00;157;18.34;309
E4S 56,780;20220526;13:10:00;13:15:00;158;18.56;288
E4S 56,780;20220526;13:15:00;13:20:00;159;18.55;296
E4S 56,780;20220526;13:20:00;13:25:00;160;18.61;295
E4S 56,780;20220526;13:25:00;13:30:00;161;17.22;331
E4S 56,780;20220526;13:30:00;13:35:00;162;18.66;306
E4S 56,780;20220526;13:35:00;13:40:00;163;17.75;325
E4S 56,780;20220526;13:40:00;13:45:00;164;17.85;362
E4S 56,780;20220526;13:45:00;13:50:00;165;18.14;309
E4S 56,780;20220526;13:50:00;13:55:00;166;18.60;293
E4S 56,780;20220526;13:55:00;14:00:00;167;18.87;302
E4S 56,780;20220526;14:00:00;14:05:00;168;18.22;318
E4S 56,780;20220526;14:05:00;14:10:00;169;17.75;321
E4S 56,780;20220526;14:10:00;14:15:00;170;18.55;302
E4S 56,780;20220526;14:15:00;14:20:00;171;17.53;309
E4S 56,780;20220526;14:20:00;14:25:00;172;14.71;294
E4S 56,780;20220526;14:25:00;14:30:00;173;12.86;228
E4S 56,780;20220526;14:30:00;14:35:00;174;14.08;237
E4S 56,780;20220526;14:35:00;14:40:00;175;15.33;295
E4S 56,780;20220526;14:40:00;14:45:00;176;15.64;332
E4S 56,780;20220526;14:45:00;14:50:00;177;16.33;273
E4S 56,780;20220526;14:50:00;14:55:00;178;17.76;282
E4S 56,780;20220526;14:55:00;15:00:00;179;18.09;269
E4S 56,780;20220526;15:00:00;15:05:00;180;18.16;289
E4S 56,780;20220526;15:05:00;15:10:00;181;18.66;274
E4S 56,780;20220526;15:10:00;15:15:00;182;18.19;342
E4S 56,780;20220526;15:15:00;15:20:00;183;18.25;286
E4S 56,780;20220526;15:20:00;15:25:00;184;18.58;284
E4S 56,780;20220526;15:25:00;15:30:00;185;18.05;306
E4S 56,780;20220526;15:30:00;15:35:00;186;18.52;264
E4S 56,780;20220526;15:35:00;15:40:00;187;18.97;236
E4S 56,780;20220526;15:40:00;15:45:00;188;18.67;241
E4S 56,780;20220526;15:45:00;15:50:00;189;18.68;247
E4S 56,780;20220526;15:50:00;15:55:00;190;18.42;256
E4S 56,780;20220526;15:55:00;16:00:00;191;18.45;258
E4S 56,780;20220526;16:00:00;16:05:00;192;18.98;231
E4S 56,780;20220526;16:05:00;16:10:00;193;18.34;239
E4S 56,780;20220526;16:10:00;16:15:00;194;18.11;279
E4S 56,780;20220526;16:15:00;16:20:00;195;17.50;263
E4S 56,780;20220526;16:20:00;16:25:00;196;17.65;228
E4S 56,780;20220526;16:25:00;16:30:00;197;19.49;213
E4S 56,780;20220526;16:30:00;16:35:00;198;18.18;225
E4S 56,780;20220526;16:35:00;16:40:00;199;18.97;241
E4S 56,780;20220526;16:40:00;16:45:00;200;18.55;228
E4S 56,780;20220526;16:45:00;16:50:00;201;18.84;239
E4S 56,780;20220526;16:50:00;16:55:00;202;19.34;261
E4S 56,780;20220526;16:55:00;17:00:00;203;19.26;215
E4S 56,780;20220526;17:00:00;17:05:00;204;19.38;203
E4S 56,780;20220526;17:05:00;17:10:00;205;19.91;231
E4S 56,780;20220526;17:10:00;17:15:00;206;19.74;234
E4S 56,780;20220526;17:15:00;17:20:00;207;19.03;225
E4S 56,780;20220526;17:20:00;17:25:00;208;19.76;210
E4S 56,780;20220526;17:25:00;17:30:00;209;19.63;224
E4S 56,780;20220526;17:30:00;17:35:00;210;20.03;175
E4S 56,780;20220526;17:35:00;17:40:00;211;20.03;182
E4S 56,780;20220526;17:40:00;17:45:00;212;19.62;202
E4S 56,780;20220526;17:45:00;17:50:00;213;19.06;217
E4S 56,780;20220526;17:50:00;17:55:00;214;19.08;218
E4S 56,780;20220526;17:55:00;18:00:00;215;19.30;199
E4S 56,780;20220526;18:00:00;18:05:00;216;19.45;191
E4S 56,780;20220526;18:05:00;18:10:00;217;19.55;178
E4S 56,780;20220526;18:10:00;18:15:00;218;19.62;166
E4S 56,780;20220526;18:15:00;18:20:00;219;19.62;171
E4S 56,780;20220526;18:20:00;18:25:00;220;19.05;200
E4S 56,780;20220526;18:25:00;18:30:00;221;19.64;186
E4S 56,780;20220526;18:30:00;18:35:00;222;19.56;186
E4S 56,780;20220526;18:35:00;18:40:00;223;19.58;166
E4S 56,780;20220526;18:40:00;18:45:00;224;20.08;155
E4S 56,780;20220526;18:45:00;18:50:00;225;20.35;149
E4S 56,780;20220526;18:50:00;18:55:00;226;19.76;151
E4S 56,780;20220526;18:55:00;19:00:00;227;19.65;166
E4S 56,780;20220526;19:00:00;19:05:00;228;20.05;141
E4S 56,780;20220526;19:05:00;19:10:00;229;19.67;163
E4S 56,780;20220526;19:10:00;19:15:00;230;19.43;178
E4S 56,780;20220526;19:15:00;19:20:00;231;19.29;172
E4S 56,780;20220526;19:20:00;19:25:00;232;19.25;162
E4S 56,780;20220526;19:25:00;19:30:00;233;20.00;132
E4S 56,780;20220526;19:30:00;19:35:00;234;19.46;130
E4S 56,780;20220526;19:35:00;19:40:00;235;19.80;126
E4S 56,780;20220526;19:40:00;19:45:00;236;20.27;139
E4S 56,780;20220526;19:45:00;19:50:00;237;19.56;136
E4S 56,780;20220526;19:50:00;19:55:00;238;19.19;155
E4S 56,780;20220526;19:55:00;20:00:00;239;19.79;92
E4S 56,780;20220526;20:00:00;20:05:00;240;19.76;120
E4S 56,780;20220526;20:05:00;20:10:00;241;19.38;101
E4S 56,780;20220526;20:10:00;20:15:00;242;19.92;105
E4S 56,780;20220526;20:15:00;20:20:00;243;19.63;109
E4S 56,780;20220526;20:20:00;20:25:00;244;19.81;115
E4S 56,780;20220526;20:25:00;20:30:00;245;19.87;120
E4S 56,780;20220526;20:30:00;20:35:00;246;20.46;95
E4S 56,780;20220526;20:35:00;20:40:00;247;20.37;90
E4S 56,780;20220526;20:40:00;20:45:00;248;21.86;108
E4S 56,780;20220526;20:45:00;20:50:00;249;21.01;72
E4S 56,780;20220526;20:50:00;20:55:00;250;19.52;87
E4S 56,780;20220526;20:55:00;21:00:00;251;20.12;95
E4S 56,780;20220526;21:00:00;21:05:00;252;20.28;98
E4S 56,780;20220526;21:05:00;21:10:00;253;21.38;82
E4S 56,780;20220526;21:10:00;21:15:00;254;19.94;89
E4S 56,780;20220526;21:15:00;21:20:00;255;20.15;82
E4S 56,780;20220526;21:20:00;21:25:00;256;19.85;90
E4S 56,780;20220526;21:25:00;21:30:00;257;20.48;75
E4S 56,780;20220526;21:30:00;21:35:00;258;19.51;78
E4S 56,780;20220526;21:35:00;21:40:00;259;19.47;83
E4S 56,780;20220526;21:40:00;21:45:00;260;19.88;59
E4S 56,780;20220526;21:45:00;21:50:00;261;19.88;61
E4S 56,780;20220526;21:50:00;21:55:00;262;19.08;54
E4S 56,780;20220526;21:55:00;22:00:00;263;19.45;48
E4S 56,780;20220526;22:00:00;22:05:00;264;19.18;49
E4S 56,780;20220526;22:05:00;22:10:00;265;19.10;67
E4S 56,780;20220526;22:10:00;22:15:00;266;18.65;81
E4S 56,780;20220526;22:15:00;22:20:00;267;18.94;80
E4S 56,780;20220526;22:20:00;22:25:00;268;19.62;61
E4S 56,780;20220526;22:25:00;22:30:00;269;19.47;61
E4S 56,780;20220526;22:30:00;22:35:00;270;20.13;51
E4S 56,780;20220526;22:35:00;22:40:00;271;19.80;52
E4S 56,780;20220526;22:40:00;22:45:00;272;19.52;50
E4S 56,780;20220526;22:45:00;22:50:00;273;20.12;36
E4S 56,780;20220526;22:50:00;22:55:00;274;19.80;36
E4S 56,780;20220526;22:55:00;23:00:00;275;19.82;35
E4S 56,780;20220526;23:00:00;23:05:00;276;19.22;43
E4S 56,780;20220526;23:05:00;23:10:00;277;21.03;40
E4S 56,780;20220526;23:10:00;23:15:00;278;20.13;39
E4S 56,780;20220526;23:15:00;23:20:00;279;20.21;42
E4S 56,780;20220526;23:20:00;23:25:00;280;19.42;50
E4S 56,780;20220526;23:25:00;23:30:00;281;20.66;28
E4S 56,780;20220526;23:30:00;23:35:00;282;20.71;30
E4S 56,780;20220526;23:35:00;23:40:00;283;21.54;25
E4S 56,780;20220526;23:40:00;23:45:00;284;21.42;27
E4S 56,780;20220526;23:45:00;23:50:00;285;19.25;23
E4S 56,780;20220526;23:50:00;23:55:00;286;20.24;27
E4S 56,780;20220526;23:55:00;24:00:00;287;20.14;33
E4S 56,780;20220530;00:00:00;00:05:00;0;20.62;28
E4S 56,780;20220530;00:05:00;00:10:00;1;20.92;37
E4S 56,780;20220530;00:10:00;00:15:00;2;20.72;25
E4S 56,780;20220530;00:15:00;00:20:00;3;20.90;18
E4S 56,780;20220530;00:20:00;00:25:00;4;19.81;23
E4S 56,780;20220530;00:25:00;00:30:00;5;21.89;35
E4S 56,780;20220530;00:30:00;00:35:00;6;21.58;17
E4S 56,780;20220530;00:35:00;00:40:00;7;20.67;17
E4S 56,780;20220530;00:40:00;00:45:00;8;20.49;22
E4S 56,780;20220530;00:45:00;00:50:00;9;20.61;24
E4S 56,780;20220530;00:50:00;00:55:00;10;21.03;23
E4S 56,780;20220530;00:55:00;01:00:00;11;20.85;25
E4S 56,780;20220530;01:00:00;01:05:00;12;20.44;22
E4S 56,780;20220530;01:05:00;01:10:00;13;20.14;29
E4S 56,780;20220530;01:10:00;01:15:00;14;21.00;16
E4S 56,780;20220530;01:15:00;01:20:00;15;20.68;16
E4S 56,780;20220530;01:20:00;01:25:00;16;20.58;31
E4S 56,780;20220530;01:25:00;01:30:00;17;19.50;16
E4S 56,780;20220530;01:30:00;01:35:00;18;20.37;17
E4S 56,780;20220530;01:35:00;01:40:00;19;22.64;23
E4S 56,780;20220530;01:40:00;01:45:00;20;20.72;22
E4S 56,780;20220530;01:45:00;01:50:00;21;21.43;17
E4S 56,780;20220530;01:50:00;01:55:00;22;21.76;25
E4S 56,780;20220530;01:55:00;02:00:00;23;20.58;23
E4S 56,780;20220530;02:00:00;02:05:00;24;21.94;27
E4S 56,780;20220530;02:05:00;02:10:00;25;21.79;26
E4S 56,780;20220530;02:10:00;02:15:00;26;21.39;25
E4S 56,780;20220530;02:15:00;02:20:00;27;21.48;35
E4S 56,780;20220530;02:20:00;02:25:00;28;20.93;39
E4S 56,780;20220530;02:25:00;02:30:00;29;21.73;31
E4S 56,780;20220530;02:30:00;02:35:00;30;20.58;43
E4S 56,780;20220530;02:35:00;02:40:00;31;22.47;40
E4S 56,780;20220530;02:40:00;02:45:00;32;20.75;37
E4S 56,780;20220530;02:45:00;02:50:00;33;20.96;45
E4S 56,780;20220530;02:50:00;02:55:00;34;20.74;30
E4S 56,780;20220530;02:55:00;03:00:00;35;21.35;45
E4S 56,780;20220530;03:00:00;03:05:00;36;20.83;51
E4S 56,780;20220530;03:05:00;03:10:00;37;21.08;65
E4S 56,780;20220530;03:10:00;03:15:00;38;21.11;69
E4S 56,780;20220530;03:15:00;03:20:00;39;21.37;71
E4S 56,780;20220530;03:20:00;03:25:00;40;21.64;103
E4S 56,780;20220530;03:25:00;03:30:00;41;21.36;99
E4S 56,780;20220530;03:30:00;03:35:00;42;20.79;100
E4S 56,780;20220530;03:35:00;03:40:00;43;21.20;149
E4S 56,780;20220530;03:40:00;03:45:00;44;21.33;155
E4S 56,780;20220530;03:45:00;03:50:00;45;20.96;178
E4S 56,780;20220530;03:50:00;03:55:00;46;20.99;197
E4S 56,780;20220530;03:55:00;04:00:00;47;20.44;208
E4S 56,780;20220530;04:00:00;04:05:00;48;21.33;161
E4S 56,780;20220530;04:05:00;04:10:00;49;21.68;168
E4S 56,780;20220530;04:10:00;04:15:00;50;20.31;228
E4S 56,780;20220530;04:15:00;04:20:00;51;20.36;245
E4S 56,780;20220530;04:20:00;04:25:00;52;20.42;266
E4S 56,780;20220530;04:25:00;04:30:00;53;19.46;285
E4S 56,780;20220530;04:30:00;04:35:00;54;20.14;293
E4S 56,780;20220530;04:35:00;04:40:00;55;19.59;296
E4S 56,780;20220530;04:40:00;04:45:00;56;19.52;323
E4S 56,780;20220530;04:45:00;04:50:00;57;19.49;311
E4S 56,780;20220530;04:50:00;04:55:00;58;19.33;320
E4S 56,780;20220530;04:55:00;05:00:00;59;19.81;257
E4S 56,780;20220530;05:00:00;05:05:00;60;19.18;315
E4S 56,780;20220530;05:05:00;05:10:00;61;19.70;246
E4S 56,780;20220530;05:10:00;05:15:00;62;19.61;298
E4S 56,780;20220530;05:15:00;05:20:00;63;19.00;274
E4S 56,780;20220530;05:20:00;05:25:00;64;18.76;335
E4S 56,780;20220530;05:25:00;05:30:00;65;18.70;327
E4S 56,780;20220530;05:30:00;05:35:00;66;18.39;352
E4S 56,780;20220530;05:35:00;05:40:00;67;19.46;297
E4S 56,780;20220530;05:40:00;05:45:00;68;19.18;328
E4S 56,780;20220530;05:45:00;05:50:00;69;18.66;341
E4S 56,780;20220530;05:50:00;05:55:00;70;19.06;309
E4S 56,780;20220530;05:55:00;06:00:00;71;18.96;288
E4S 56,780;20220530;06:00:00;06:05:00;72;19.38;273
E4S 56,780;20220530;06:05:00;06:10:00;73;19.17;285
E4S 56,780;20220530;06:10:00;06:15:00;74;18.24;313
E4S 56,780;20220530;06:15:00;06:20:00;75;17.66;344
E4S 56,780;20220530;06:20:00;06:25:00;76;18.51;333
E4S 56,780;20220530;06:25:00;06:30:00;77;18.30;335
E4S 56,780;20220530;06:30:00;06:35:00;78;17.65;337
E4S 56,780;20220530;06:35:00;06:40:00;79;17.34;325
E4S 56,780;20220530;06:40:00;06:45:00;80;17.72;329
E4S 56,780;20220530;06:45:00;06:50:00;81;18.29;316
E4S 56,780;20220530;06:50:00;06:55:00;82;17.44;314
E4S 56,780;20220530;06:55:00;07:00:00;83;14.18;313
E4S 56,780;20220530;07:00:00;07:05:00;84;10.93;296
E4S 56,780;20220530;07:05:00;07:10:00;85;10.38;285
E4S 56,780;20220530;07:10:00;07:15:00;86;9.65;290
E4S 56,780;20220530;07:15:00;07:20:00;87;10.50;315
E4S 56,780;20220530;07:20:00;07:25:00;88;8.89;246
E4S 56,780;20220530;07:25:00;07:30:00;89;12.86;347
E4S 56,780;20220530;07:30:00;07:35:00;90;13.85;392
E4S 56,780;20220530;07:35:00;07:40:00;91;17.09;318
E4S 56,780;20220530;07:40:00;07:45:00;92;17.87;332
E4S 56,780;20220530;07:45:00;07:50:00;93;17.99;312
E4S 56,780;20220530;07:50:00;07:55:00;94;18.62;278
E4S 56,780;20220530;07:55:00;08:00:00;95;18.47;281
E4S 56,780;20220530;08:00:00;08:05:00;96;18.61;285
E4S 56,780;20220530;08:05:00;08:10:00;97;18.87;289
E4S 56,780;20220530;08:10:00;08:15:00;98;18.85;254
E4S 56,780;20220530;08:15:00;08:20:00;99;17.64;284
E4S 56,780;20220530;08:20:00;08:25:00;100;17.99;280
E4S 56,780;20220530;08:25:00;08:30:00;101;18.04;258
E4S 56,780;20220530;08:30:00;08:35:00;102;18.43;261
E4S 56,780;20220530;08:35:00;08:40:00;103;17.70;307
E4S 56,780;20220530;08:40:00;08:45:00;104;18.23;290
E4S 56,780;20220530;08:45:00;08:50:00;105;17.44;316
E4S 56,780;20220530;08:50:00;08:55:00;106;17.88;309
E4S 56,780;20220530;08:55:00;09:00:00;107;17.80;237
E4S 56,780;20220530;09:00:00;09:05:00;108;17.52;249
E4S 56,780;20220530;09:05:00;09:10:00;109;17.30;247
E4S 56,780;20220530;09:10:00;09:15:00;110;17.64;205
E4S 56,780;20220530;09:15:00;09:20:00;111;17.21;257
E4S 56,780;20220530;09:20:00;09:25:00;112;17.72;241
E4S 56,780;20220530;09:25:00;09:30:00;113;18.17;227
E4S 56,780;20220530;09:30:00;09:35:00;114;18.15;256
E4S 56,780;20220530;09:35:00;09:40:00;115;18.41;269
E4S 56,780;20220530;09:40:00;09:45:00;116;18.49;253
E4S 56,780;20220530;09:45:00;09:50:00;117;18.17;314
E4S 56,780;20220530;09:50:00;09:55:00;118;17.43;379
E4S 56,780;20220530;09:55:00;10:00:00;119;17.06;371
E4S 56,780;20220530;10:00:00;10:05:00;120;17.95;339
E4S 56,780;20220530;10:05:00;10:10:00;121;17.54;361
E4S 56,780;20220530;10:10:00;10:15:00;122;17.68;346
E4S 56,780;20220530;10:15:00;10:20:00;123;18.05;302
E4S 56,780;20220530;10:20:00;10:25:00;124;17.60;297
E4S 56,780;20220530;10:25:00;10:30:00;125;17.52;308
E4S 56,780;20220530;10:30:00;10:35:00;126;17.61;341
E4S 56,780;20220530;10:35:00;10:40:00;127;18.00;324
E4S 56,780;20220530;10:40:00;10:45:00;128;18.01;297
E4S 56,780;20220530;10:45:00;10:50:00;129;18.03;300
E4S 56,780;20220530;10:50:00;10:55:00;130;17.86;306
E4S 56,780;20220530;10:55:00;11:00:00;131;17.81;297
E4S 56,780;20220530;11:00:00;11:05:00;132;18.07;308
E4S 56,780;20220530;11:05:00;11:10:00;133;17.84;292
E4S 56,780;20220530;11:10:00;11:15:00;134;17.62;325
E4S 56,780;20220530;11:15:00;11:20:00;135;17.54;294
E4S 56,780;20220530;11:20:00;11:25:00;136;17.61;329
E4S 56,780;20220530;11:25:00;11:30:00;137;17.36;318
E4S 56,780;20220530;11:30:00;11:35:00;138;18.20;288
E4S 56,780;20220530;11:35:00;11:40:00;139;17.92;323
E4S 56,780;20220530;11:40:00;11:45:00;140;17.63;332
E4S 56,780;20220530;11:45:00;11:50:00;141;17.66;319
E4S 56,780;20220530;11:50:00;11:55:00;142;17.94;361
E4S 56,780;20220530;11:55:00;12:00:00;143;17.68;337
E4S 56,780;20220530;12:00:00;12:05:00;144;17.50;341
E4S 56,780;20220530;12:05:00;12:10:00;145;17.60;344
E4S 56,780;20220530;12:10:00;12:15:00;146;17.37;375
E4S 56,780;20220530;12:15:00;12:20:00;147;16.97;378
E4S 56,780;20220530;12:20:00;12:25:00;148;17.44;379
E4S 56,780;20220530;12:25:00;12:30:00;149;17.58;350
E4S 56,780;20220530;12:30:00;12:35:00;150;17.76;335
E4S 56,780;20220530;12:35:00;12:40:00;151;17.64;368
E4S 56,780;20220530;12:40:00;12:45:00;152;16.50;428
E4S 56,780;20220530;12:45:00;12:50:00;153;17.49;361
E4S 56,780;20220530;12:50:00;12:55:00;154;17.37;362
E4S 56,780;20220530;12:55:00;13:00:00;155;16.92;392
E4S 56,780;20220530;13:00:00;13:05:00;156;11.15;333
E4S 56,780;20220530;13:05:00;13:10:00;157;9.43;279
E4S 56,780;20220530;13:10:00;13:15:00;158;7.13;198
E4S 56,780;20220530;13:15:00;13:20:00;159;7.08;224
E4S 56,780;20220530;13:20:00;13:25:00;160;7.27;231
E4S 56,780;20220530;13:25:00;13:30:00;161;7.75;187
E4S 56,780;20220530;13:30:00;13:35:00;162;8.77;238
E4S 56,780;20220530;13:35:00;13:40:00;163;12.55;406
E4S 56,780;20220530;13:40:00;13:45:00;164;10.63;317
E4S 56,780;20220530;13:45:00;13:50:00;165;13.19;418
E4S 56,780;20220530;13:50:00;13:55:00;166;9.31;265
E4S 56,780;20220530;13:55:00;14:00:00;167;10.32;345
E4S 56,780;20220530;14:00:00;14:05:00;168;9.78;330
E4S 56,780;20220530;14:05:00;14:10:00;169;12.18;380
E4S 56,780;20220530;14:10:00;14:15:00;170;8.54;259
E4S 56,780;20220530;14:15:00;14:20:00;171;10.45;338
E4S 56,780;20220530;14:20:00;14:25:00;172;10.81;324
E4S 56,780;20220530;14:25:00;14:30:00;173;9.36;330
E4S 56,780;20220530;14:30:00;14:35:00;174;12.80;352
E4S 56,780;20220530;14:35:00;14:40:00;175;11.66;375
E4S 56,780;20220530;14:40:00;14:45:00;176;11.38;350
E4S 56,780;20220530;14:45:00;14:50:00;177;11.77;348
E4S 56,780;20220530;14:50:00;14:55:00;178;10.72;362
E4S 56,780;20220530;14:55:00;15:00:00;179;10.23;354
E4S 56,780;20220530;15:00:00;15:05:00;180;9.57;310
E4S 56,780;20220530;15:05:00;15:10:00;181;9.58;308
E4S 56,780;20220530;15:10:00;15:15:00;182;15.56;256
E4S 56,780;20220530;15:15:00;15:20:00;183;14.58;261
E4S 56,780;20220530;15:20:00;15:25:00;184;15.76;323
E4S 56,780;20220530;15:25:00;15:30:00;185;16.52;308
E4S 56,780;20220530;15:30:00;15:35:00;186;16.84;272
E4S 56,780;20220530;15:35:00;15:40:00;187;16.63;303
E4S 56,780;20220530;15:40:00;15:45:00;188;16.75;286
E4S 56,780;20220530;15:45:00;15:50:00;189;17.09;316
E4S 56,780;20220530;15:50:00;15:55:00;190;16.16;255
E4S 56,780;20220530;15:55:00;16:00:00;191;17.05;277
E4S 56,780;20220530;16:00:00;16:05:00;192;16.30;276
E4S 56,780;20220530;16:05:00;16:10:00;193;16.94;286
E4S 56,780;20220530;16:10:00;16:15:00;194;16.21;277
E4S 56,780;20220530;16:15:00;16:20:00;195;16.75;289
E4S 56,780;20220530;16:20:00;16:25:00;196;17.21;258
E4S 56,780;20220530;16:25:00;16:30:00;197;15.99;268
E4S 56,780;20220530;16:30:00;16:35:00;198;16.94;303
E4S 56,780;20220530;16:35:00;16:40:00;199;16.98;325
E4S 56,780;20220530;16:40:00;16:45:00;200;17.05;302
E4S 56,780;20220530;16:45:00;16:50:00;201;16.96;286
E4S 56,780;20220530;16:50:00;16:55:00;202;17.80;251
E4S 56,780;20220530;16:55:00;17:00:00;203;17.95;239
E4S 56,780;20220530;17:00:00;17:05:00;204;18.07;249
E4S 56,780;20220530;17:05:00;17:10:00;205;17.43;239
E4S 56,780;20220530;17:10:00;17:15:00;206;18.50;254
E4S 56,780;20220530;17:15:00;17:20:00;207;18.40;280
E4S 56,780;20220530;17:20:00;17:25:00;208;18.44;270
E4S 56,780;20220530;17:25:00;17:30:00;209;19.00;246
E4S 56,780;20220530;17:30:00;17:35:00;210;18.82;237
E4S 56,780;20220530;17:35:00;17:40:00;211;19.33;203
E4S 56,780;20220530;17:40:00;17:45:00;212;19.03;232
E4S 56,780;20220530;17:45:00;17:50:00;213;18.99;205
E4S 56,780;20220530;17:50:00;17:55:00;214;18.92;251
E4S 56,780;20220530;17:55:00;18:00:00;215;19.10;191
E4S 56,780;20220530;18:00:00;18:05:00;216;19.29;197
E4S 56,780;20220530;18:05:00;18:10:00;217;19.38;194
E4S 56,780;20220530;18:10:00;18:15:00;218;19.01;194
E4S 56,780;20220530;18:15:00;18:20:00;219;19.20;211
E4S 56,780;20220530;18:20:00;18:25:00;220;19.62;201
E4S 56,780;20220530;18:25:00;18:30:00;221;19.43;206
E4S 56,780;20220530;18:30:00;18:35:00;222;19.07;218
E4S 56,780;20220530;18:35:00;18:40:00;223;19.31;187
E4S 56,780;20220530;18:40:00;18:45:00;224;19.00;207
E4S 56,780;20220530;18:45:00;18:50:00;225;19.17;207
E4S 56,780;20220530;18:50:00;18:55:00;226;19.55;211
E4S 56,780;20220530;18:55:00;19:00:00;227;19.81;157
E4S 56,780;20220530;19:00:00;19:05:00;228;19.68;179
E4S 56,780;20220530;19:05:00;19:10:00;229;18.21;167
E4S 56,780;20220530;19:10:00;19:15:00;230;18.33;190
E4S 56,780;20220530;19:15:00;19:20:00;231;19.22;184
E4S 56,780;20220530;19:20:00;19:25:00;232;19.76;172
E4S 56,780;20220530;19:25:00;19:30:00;233;19.56;160
E4S 56,780;20220530;19:30:00;19:35:00;234;19.64;189
E4S 56,780;20220530;19:35:00;19:40:00;235;19.62;123
E4S 56,780;20220530;19:40:00;19:45:00;236;19.85;113
E4S 56,780;20220530;19:45:00;19:50:00;237;19.96;146
E4S 56,780;20220530;19:50:00;19:55:00;238;19.48;126
E4S 56,780;20220530;19:55:00;20:00:00;239;20.23;146
E4S 56,780;20220530;20:00:00;20:05:00;240;20.09;106
E4S 56,780;20220530;20:05:00;20:10:00;241;19.88;136
E4S 56,780;20220530;20:10:00;20:15:00;242;19.59;120
E4S 56,780;20220530;20:15:00;20:20:00;243;19.28;121
E4S 56,780;20220530;20:20:00;20:25:00;244;19.88;127
E4S 56,780;20220530;20:25:00;20:30:00;245;19.18;106
E4S 56,780;20220530;20:30:00;20:35:00;246;19.84;94
E4S 56,780;20220530;20:35:00;20:40:00;247;19.87;85
E4S 56,780;20220530;20:40:00;20:45:00;248;19.77;86
E4S 56,780;20220530;20:45:00;20:50:00;249;20.48;95
E4S 56,780;20220530;20:50:00;20:55:00;250;20.21;88
E4S 56,780;20220530;20:55:00;21:00:00;251;19.74;64
E4S 56,780;20220530;21:00:00;21:05:00;252;19.24;88
E4S 56,780;20220530;21:05:00;21:10:00;253;20.29;70
E4S 56,780;20220530;21:10:00;21:15:00;254;20.38;80
E4S 56,780;20220530;21:15:00;21:20:00;255;21.34;72
E4S 56,780;20220530;21:20:00;21:25:00;256;20.23;60
E4S 56,780;20220530;21:25:00;21:30:00;257;21.16;66
E4S 56,780;20220530;21:30:00;21:35:00;258;19.82;59
E4S 56,780;20220530;21:35:00;21:40:00;259;20.71;63
E4S 56,780;20220530;21:40:00;21:45:00;260;19.39;61
E4S 56,780;20220530;21:45:00;21:50:00;261;20.48;36
E4S 56,780;20220530;21:50:00;21:55:00;262;20.89;45
E4S 56,780;20220530;21:55:00;22:00:00;263;19.52;58
E4S 56,780;20220530;22:00:00;22:05:00;264;20.74;54
E4S 56,780;20220530;22:05:00;22:10:00;265;20.54;38
E4S 56,780;20220530;22:10:00;22:15:00;266;19.53;44
E4S 56,780;20220530;22:15:00;22:20:00;267;19.71;46
E4S 56,780;20220530;22:20:00;22:25:00;268;19.84;43
E4S 56,780;20220530;22:25:00;22:30:00;269;20.39;43
E4S 56,780;20220530;22:30:00;22:35:00;270;19.56;26
E4S 56,780;20220530;22:35:00;22:40:00;271;19.80;35
E4S 56,780;20220530;22:40:00;22:45:00;272;20.27;37
E4S 56,780;20220530;22:45:00;22:50:00;273;20.47;41
E4S 56,780;20220530;22:50:00;22:55:00;274;20.21;44
E4S 56,780;20220530;22:55:00;23:00:00;275;20.33;41
E4S 56,780;20220530;23:00:00;23:05:00;276;19.81;35
E4S 56,780;20220530;23:05:00;23:10:00;277;18.97;23
E4S 56,780;20220530;23:10:00;23:15:00;278;19.65;31
E4S 56,780;20220530;23:15:00;23:20:00;279;20.61;25
E4S 56,780;20220530;23:20:00;23:25:00;280;20.31;30
E4S 56,780;20220530;23:25:00;23:30:00;281;19.42;36
E4S 56,780;20220530;23:30:00;23:35:00;282;21.18;33
E4S 56,780;20220530;23:35:00;23:40:00;283;19.94;42
E4S 56,780;20220530;23:40:00;23:45:00;284;20.17;36
E4S 56,780;20220530;23:45:00;23:50:00;285;20.24;33
E4S 56,780;20220530;23:50:00;23:55:00;286;19.64;28
E4S 56,780;20220530;23:55:00;24:00:00;287;20.04;27
E4S 56,780;20220601;00:00:00;00:05:00;0;20.63;18
E4S 56,780;20220601;00:05:00;00:10:00;1;19.23;19
E4S 56,780;20220601;00:10:00;00:15:00;2;19.02;30
E4S 56,780;20220601;00:15:00;00:20:00;3;20.16;17
E4S 56,780;20220601;00:20:00;00:25:00;4;18.86;15
E4S 56,780;20220601;00:25:00;00:30:00;5;19.08;34
E4S 56,780;20220601;00:30:00;00:35:00;6;20.35;22
E4S 56,780;20220601;00:35:00;00:40:00;7;19.08;25
E4S 56,780;20220601;00:40:00;00:45:00;8;20.04;19
E4S 56,780;20220601;00:45:00;00:50:00;9;21.83;23
E4S 56,780;20220601;00:50:00;00:55:00;10;20.36;25
E4S 56,780;20220601;00:55:00;01:00:00;11;20.07;17
E4S 56,780;20220601;01:00:00;01:05:00;12;20.48;16
E4S 56,780;20220601;01:05:00;01:10:00;13;20.87;21
E4S 56,780;20220601;01:10:00;01:15:00;14;20.06;39
E4S 56,780;20220601;01:15:00;01:20:00;15;19.25;26
E4S 56,780;20220601;01:20:00;01:25:00;16;19.61;32
E4S 56,780;20220601;01:25:00;01:30:00;17;20.74;31
E4S 56,780;20220601;01:30:00;01:35:00;18;19.76;25
E4S 56,780;20220601;01:35:00;01:40:00;19;20.24;27
E4S 56,780;20220601;01:40:00;01:45:00;20;20.20;20
E4S 56,780;20220601;01:45:00;01:50:00;21;20.30;28
E4S 56,780;20220601;01:50:00;01:55:00;22;20.09;27
E4S 56,780;20220601;01:55:00;02:00:00;23;21.33;26
E4S 56,780;20220601;02:00:00;02:05:00;24;21.35;30
E4S 56,780;20220601;02:05:00;02:10:00;25;21.42;30
E4S 56,780;20220601;02:10:00;02:15:00;26;20.81;40
E4S 56,780;20220601;02:15:00;02:20:00;27;21.70;24
E4S 56,780;20220601;02:20:00;02:25:00;28;20.35;34
E4S 56,780;20220601;02:25:00;02:30:00;29;20.47;33
E4S 56,780;20220601;02:30:00;02:35:00;30;21.22;40
E4S 56,780;20220601;02:35:00;02:40:00;31;21.46;36
E4S 56,780;20220601;02:40:00;02:45:00;32;20.93;45
E4S 56,780;20220601;02:45:00;02:50:00;33;20.86;32
E4S 56,780;20220601;02:50:00;02:55:00;34;21.04;43
E4S 56,780;20220601;02:55:00;03:00:00;35;22.26;36
E4S 56,780;20220601;03:00:00;03:05:00;36;21.15;45
E4S 56,780;20220601;03:05:00;03:10:00;37;21.02;67
E4S 56,780;20220601;03:10:00;03:15:00;38;21.41;73
E4S 56,780;20220601;03:15:00;03:20:00;39;21.25;67
E4S 56,780;20220601;03:20:00;03:25:00;40;21.08;78
E4S 56,780;20220601;03:25:00;03:30:00;41;20.87;107
E4S 56,780;20220601;03:30:00;03:35:00;42;20.97;99
E4S 56,780;20220601;03:35:00;03:40:00;43;21.36;141
E4S 56,780;20220601;03:40:00;03:45:00;44;21.28;168
E4S 56,780;20220601;03:45:00;03:50:00;45;20.51;170
E4S 56,780;20220601;03:50:00;03:55:00;46;20.58;188
E4S 56,780;20220601;03:55:00;04:00:00;47;20.06;250
E4S 56,780;20220601;04:00:00;04:05:00;48;21.09;179
E4S 56,780;20220601;04:05:00;04:10:00;49;21.09;181
E4S 56,780;20220601;04:10:00;04:15:00;50;20.14;171
E4S 56,780;20220601;04:15:00;04:20:00;51;19.54;241
E4S 56,780;20220601;04:20:00;04:25:00;52;19.68;281
E4S 56,780;20220601;04:25:00;04:30:00;53;18.99;294
E4S 56,780;20220601;04:30:00;04:35:00;54;18.87;286
E4S 56,780;20220601;04:35:00;04:40:00;55;19.50;291
E4S 56,780;20220601;04:40:00;04:45:00;56;19.28;297
E4S 56,780;20220601;04:45:00;04:50:00;57;19.54;306
E4S 56,780;20220601;04:50:00;04:55:00;58;18.69;307
E4S 56,780;20220601;04:55:00;05:00:00;59;19.30;293
E4S 56,780;20220601;05:00:00;05:05:00;60;19.08;279
E4S 56,780;20220601;05:05:00;05:10:00;61;18.83;272
E4S 56,780;20220601;05:10:00;05:15:00;62;19.51;310
E4S 56,780;20220601;05:15:00;05:20:00;63;19.31;316
E4S 56,780;20220601;05:20:00;05:25:00;64;18.82;308
E4S 56,780;20220601;05:25:00;05:30:00;65;18.48;320
E4S 56,780;20220601;05:30:00;05:35:00;66;20.49;205
E4S 56,780;20220601;05:35:00;05:40:00;67;19.56;272
E4S 56,780;20220601;05:40:00;05:45:00;68;18.85;288
E4S 56,780;20220601;05:45:00;05:50:00;69;18.61;312
E4S 56,780;20220601;05:50:00;05:55:00;70;18.73;302
E4S 56,780;20220601;05:55:00;06:00:00;71;19.33;211
E4S 56,780;20220601;06:00:00;06:05:00;72;17.89;336
E4S 56,780;20220601;06:05:00;06:10:00;73;19.04;293
E4S 56,780;20220601;06:10:00;06:15:00;74;19.01;247
E4S 56,780;20220601;06:15:00;06:20:00;75;19.30;240
E4S 56,780;20220601;06:20:00;06:25:00;76;18.95;282
E4S 56,780;20220601;06:25:00;06:30:00;77;18.82;302
E4S 56,780;20220601;06:30:00;06:35:00;78;18.32;298
E4S 56,780;20220601;06:35:00;06:40:00;79;18.55;329
E4S 56,780;20220601;06:40:00;06:45:00;80;17.85;330
E4S 56,780;20220601;06:45:00;06:50:00;81;18.00;326
E4S 56,780;20220601;06:50:00;06:55:00;82;18.47;299
E4S 56,780;20220601;06:55:00;07:00:00;83;17.71;314
E4S 56,780;20220601;07:00:00;07:05:00;84;17.68;294
E4S 56,780;20220601;07:05:00;07:10:00;85;18.03;312
E4S 56,780;20220601;07:10:00;07:15:00;86;18.09;299
E4S 56,780;20220601;07:15:00;07:20:00;87;17.89;346
E4S 56,780;20220601;07:20:00;07:25:00;88;18.15;315
E4S 56,780;20220601;07:25:00;07:30:00;89;17.52;346
E4S 56,780;20220601;07:30:00;07:35:00;90;16.02;340
E4S 56,780;20220601;07:35:00;07:40:00;91;16.46;372
E4S 56,780;20220601;07:40:00;07:45:00;92;15.49;372
E4S 56,780;20220601;07:45:00;07:50:00;93;16.81;345
E4S 56,780;20220601;07:50:00;07:55:00;94;16.87;354
E4S 56,780;20220601;07:55:00;08:00:00;95;18.30;283
E4S 56,780;20220601;08:00:00;08:05:00;96;17.82;312
E4S 56,780;20220601;08:05:00;08:10:00;97;17.61;327
E4S 56,780;20220601;08:10:00;08:15:00;98;18.04;309
E4S 56,780;20220601;08:15:00;08:20:00;99;17.52;305
E4S 56,780;20220601;08:20:00;08:25:00;100;17.84;320
E4S 56,780;20220601;08:25:00;08:30:00;101;18.39;328
E4S 56,780;20220601;08:30:00;08:35:00;102;18.52;308
E4S 56,780;20220601;08:35:00;08:40:00;103;18.44;291
E4S 56,780;20220601;08:40:00;08:45:00;104;17.40;331
E4S 56,780;20220601;08:45:00;08:50:00;105;17.59;310
E4S 56,780;20220601;08:50:00;08:55:00;106;17.16;336
E4S 56,780;20220601;08:55:00;09:00:00;107;17.32;302
E4S 56,780;20220601;09:00:00;09:05:00;108;17.88;304
E4S 56,780;20220601;09:05:00;09:10:00;109;18.75;301
E4S 56,780;20220601;09:10:00;09:15:00;110;18.29;284
E4S 56,780;20220601;09:15:00;09:20:00;111;18.74;312
E4S 56,780;20220601;09:20:00;09:25:00;112;18.19;305
E4S 56,780;20220601;09:25:00;09:30:00;113;17.98;324
E4S 56,780;20220601;09:30:00;09:35:00;114;17.66;298
E4S 56,780;20220601;09:35:00;09:40:00;115;18.04;299
E4S 56,780;20220601;09:40:00;09:45:00;116;17.65;288
E4S 56,780;20220601;09:45:00;09:50:00;117;18.09;303
E4S 56,780;20220601;09:50:00;09:55:00;118;17.64;298
E4S 56,780;20220601;09:55:00;10:00:00;119;17.76;301
E4S 56,780;20220601;10:00:00;10:05:00;120;18.08;284
E4S 56,780;20220601;10:05:00;10:10:00;121;17.77;340
E4S 56,780;20220601;10:10:00;10:15:00;122;17.70;365
E4S 56,780;20220601;10:15:00;10:20:00;123;17.38;333
E4S 56,780;20220601;10:20:00;10:25:00;124;17.88;302
E4S 56,780;20220601;10:25:00;10:30:00;125;17.81;303
E4S 56,780;20220601;10:30:00;10:35:00;126;18.31;308
E4S 56,780;20220601;10:35:00;10:40:00;127;17.23;367
E4S 56,780;20220601;10:40:00;10:45:00;128;17.88;325
E4S 56,780;20220601;10:45:00;10:50:00;129;17.40;335
E4S 56,780;20220601;10:50:00;10:55:00;130;17.45;343
E4S 56,780;20220601;10:55:00;11:00:00;131;17.92;334
E4S 56,780;20220601;11:00:00;11:05:00;132;17.32;324
E4S 56,780;20220601;11:05:00;11:10:00;133;17.93;327
E4S 56,780;20220601;11:10:00;11:15:00;134;17.93;315
E4S 56,780;20220601;11:15:00;11:20:00;135;16.91;347
E4S 56,780;20220601;11:20:00;11:25:00;136;18.10;317
E4S 56,780;20220601;11:25:00;11:30:00;137;17.57;359
E4S 56,780;20220601;11:30:00;11:35:00;138;17.38;354
E4S 56,780;20220601;11:35:00;11:40:00;139;18.10;362
E4S 56,780;20220601;11:40:00;11:45:00;140;17.99;336
E4S 56,780;20220601;11:45:00;11:50:00;141;17.09;395
E4S 56,780;20220601;11:50:00;11:55:00;142;17.63;353
E4S 56,780;20220601;11:55:00;12:00:00;143;17.37;337
E4S 56,780;20220601;12:00:00;12:05:00;144;17.22;394
E4S 56,780;20220601;12:05:00;12:10:00;145;18.15;181
E4S 56,780;20220601;12:10:00;12:15:00;146;19.45;138
E4S 56,780;20220601;12:15:00;12:20:00;147;16.37;393
E4S 56,780;20220601;12:20:00;12:25:00;148;15.17;384
E4S 56,780;20220601;12:25:00;12:30:00;149;15.67;398
E4S 56,780;20220601;12:30:00;12:35:00;150;15.70;400
E4S 56,780;20220601;12:35:00;12:40:00;151;14.71;379
E4S 56,780;20220601;12:40:00;12:45:00;152;12.15;373
E4S 56,780;20220601;12:45:00;12:50:00;153;11.56;359
E4S 56,780;20220601;12:50:00;12:55:00;154;10.36;349
E4S 56,780;20220601;12:55:00;13:00:00;155;12.48;380
E4S 56,780;20220601;13:00:00;13:05:00;156;11.32;356
E4S 56,780;20220601;13:05:00;13:10:00;157;10.16;347
E4S 56,780;20220601;13:10:00;13:15:00;158;9.20;310
E4S 56,780;20220601;13:15:00;13:20:00;159;8.02;277
E4S 56,780;20220601;13:20:00;13:25:00;160;8.71;308
E4S 56,780;20220601;13:25:00;13:30:00;161;10.37;366
E4S 56,780;20220601;13:30:00;13:35:00;162;10.47;338
E4S 56,780;20220601;13:35:00;13:40:00;163;8.21;267
E4S 56,780;20220601;13:40:00;13:45:00;164;7.98;223
E4S 56,780;20220601;13:45:00;13:50:00;165;8.46;297
E4S 56,780;20220601;13:50:00;13:55:00;166;9.97;296
E4S 56,780;20220601;13:55:00;14:00:00;167;9.94;324
E4S 56,780;20220601;14:00:00;14:05:00;168;10.78;302
E4S 56,780;20220601;14:05:00;14:10:00;169;9.90;323
E4S 56,780;20220601;14:10:00;14:15:00;170;8.78;333
E4S 56,780;20220601;14:15:00;14:20:00;171;9.73;329
E4S 56,780;20220601;14:20:00;14:25:00;172;8.31;289
E4S 56,780;20220601;14:25:00;14:30:00;173;9.91;307
E4S 56,780;20220601;14:30:00;14:35:00;174;10.36;347
E4S 56,780;20220601;14:35:00;14:40:00;175;9.98;359
E4S 56,780;20220601;14:40:00;14:45:00;176;12.77;292
E4S 56,780;20220601;14:45:00;14:50:00;177;15.42;306
E4S 56,780;20220601;14:50:00;14:55:00;178;12.07;388
E4S 56,780;20220601;14:55:00;15:00:00;179;9.65;336
E4S 56,780;20220601;15:00:00;15:05:00;180;8.39;344
E4S 56,780;20220601;15:05:00;15:10:00;181;7.47;323
E4S 56,780;20220601;15:10:00;15:15:00;182;5.43;263
E4S 56,780;20220601;15:15:00;15:20:00;183;7.15;287
E4S 56,780;20220601;15:20:00;15:25:00;184;6.84;278
E4S 56,780;20220601;15:25:00;15:30:00;185;8.25;330
E4S 56,780;20220601;15:30:00;15:35:00;186;8.65;328
E4S 56,780;20220601;15:35:00;15:40:00;187;8.04;323
E4S 56,780;20220601;15:40:00;15:45:00;188;6.70;306
E4S 56,780;20220601;15:45:00;15:50:00;189;7.95;336
E4S 56,780;20220601;15:50:00;15:55:00;190;8.90;351
E4S 56,780;20220601;15:55:00;16:00:00;191;11.19;345
E4S 56,780;20220601;16:00:00;16:05:00;192;15.88;307
E4S 56,780;20220601;16:05:00;16:10:00;193;16.43;260
E4S 56,780;20220601;16:10:00;16:15:00;194;16.01;279
E4S 56,780;20220601;16:15:00;16:20:00;195;16.58;240
E4S 56,780;20220601;16:20:00;16:25:00;196;15.98;284
E4S 56,780;20220601;16:25:00;16:30:00;197;15.29;275
E4S 56,780;20220601;16:30:00;16:35:00;198;16.22;308
E4S 56,780;20220601;16:35:00;16:40:00;199;16.65;298
E4S 56,780;20220601;16:40:00;16:45:00;200;18.63;230
E4S 56,780;20220601;16:45:00;16:50:00;201;18.16;315
E4S 56,780;20220601;16:50:00;16:55:00;202;17.71;267
E4S 56,780;20220601;16:55:00;17:00:00;203;16.01;371
E4S 56,780;20220601;17:00:00;17:05:00;204;16.66;328
E4S 56,780;20220601;17:05:00;17:10:00;205;16.76;270
E4S 56,780;20220601;17:10:00;17:15:00;206;16.70;239
E4S 56,780;20220601;17:15:00;17:20:00;207;17.08;252
E4S 56,780;20220601;17:20:00;17:25:00;208;16.67;266
E4S 56,780;20220601;17:25:00;17:30:00;209;17.20;251
E4S 56,780;20220601;17:30:00;17:35:00;210;16.80;236
E4S 56,780;20220601;17:35:00;17:40:00;211;17.76;219
E4S 56,780;20220601;17:40:00;17:45:00;212;17.52;224
E4S 56,780;20220601;17:45:00;17:50:00;213;18.16;173
E4S 56,780;20220601;17:50:00;17:55:00;214;17.15;241
E4S 56,780;20220601;17:55:00;18:00:00;215;18.08;103
E4S 56,780;20220601;18:00:00;18:05:00;216;16.76;356
E4S 56,780;20220601;18:05:00;18:10:00;217;18.34;323
E4S 56,780;20220601;18:10:00;18:15:00;218;18.60;231
E4S 56,780;20220601;18:15:00;18:20:00;219;19.57;234
E4S 56,780;20220601;18:20:00;18:25:00;220;19.86;187
E4S 56,780;20220601;18:25:00;18:30:00;221;19.18;208
E4S 56,780;20220601;18:30:00;18:35:00;222;18.82;225
E4S 56,780;20220601;18:35:00;18:40:00;223;18.75;221
E4S 56,780;20220601;18:40:00;18:45:00;224;19.67;209
E4S 56,780;20220601;18:45:00;18:50:00;225;18.91;211
E4S 56,780;20220601;18:50:00;18:55:00;226;19.66;217
E4S 56,780;20220601;18:55:00;19:00:00;227;19.17;183
E4S 56,780;20220601;19:00:00;19:05:00;228;19.54;194
E4S 56,780;20220601;19:05:00;19:10:00;229;18.97;185
E4S 56,780;20220601;19:10:00;19:15:00;230;19.37;209
E4S 56,780;20220601;19:15:00;19:20:00;231;19.79;202
E4S 56,780;20220601;19:20:00;19:25:00;232;19.43;211
E4S 56,780;20220601;19:25:00;19:30:00;233;19.48;174
E4S 56,780;20220601;19:30:00;19:35:00;234;19.79;192
E4S 56,780;20220601;19:35:00;19:40:00;235;19.38;151
E4S 56,780;20220601;19:40:00;19:45:00;236;18.96;200
E4S 56,780;20220601;19:45:00;19:50:00;237;19.22;167
E4S 56,780;20220601;19:50:00;19:55:00;238;19.33;182
E4S 56,780;20220601;19:55:00;20:00:00;239;20.59;127
E4S 56,780;20220601;20:00:00;20:05:00;240;19.22;150
E4S 56,780;20220601;20:05:00;20:10:00;241;18.94;148
E4S 56,780;20220601;20:10:00;20:15:00;242;19.02;135
E4S 56,780;20220601;20:15:00;20:20:00;243;19.74;133
E4S 56,780;20220601;20:20:00;20:25:00;244;19.17;129
E4S 56,780;20220601;20:25:00;20:30:00;245;19.66;125
E4S 56,780;20220601;20:30:00;20:35:00;246;19.62;134
E4S 56,780;20220601;20:35:00;20:40:00;247;19.98;84
E4S 56,780;20220601;20:40:00;20:45:00;248;19.41;79
E4S 56,780;20220601;20:45:00;20:50:00;249;19.46;93
E4S 56,780;20220601;20:50:00;20:55:00;250;18.99;86
E4S 56,780;20220601;20:55:00;21:00:00;251;19.25;90
E4S 56,780;20220601;21:00:00;21:05:00;252;18.95;61
E4S 56,780;20220601;21:05:00;21:10:00;253;19.48;70
E4S 56,780;20220601;21:10:00;21:15:00;254;19.32;91
E4S 56,780;20220601;21:15:00;21:20:00;255;19.97;82
E4S 56,780;20220601;21:20:00;21:25:00;256;18.93;93
E4S 56,780;20220601;21:25:00;21:30:00;257;19.59;90
E4S 56,780;20220601;21:30:00;21:35:00;258;19.44;67
E4S 56,780;20220601;21:35:00;21:40:00;259;18.99;74
E4S 56,780;20220601;21:40:00;21:45:00;260;20.13;69
E4S 56,780;20220601;21:45:00;21:50:00;261;19.96;69
E4S 56,780;20220601;21:50:00;21:55:00;262;18.94;79
E4S 56,780;20220601;21:55:00;22:00:00;263;19.97;62
E4S 56,780;20220601;22:00:00;22:05:00;264;20.92;48
E4S 56,780;20220601;22:05:00;22:10:00;265;19.30;49
E4S 56,780;20220601;22:10:00;22:15:00;266;19.10;64
E4S 56,780;20220601;22:15:00;22:20:00;267;19.62;51
E4S 56,780;20220601;22:20:00;22:25:00;268;19.46;51
E4S 56,780;20220601;22:25:00;22:30:00;269;18.51;55
E4S 56,780;20220601;22:30:00;22:35:00;270;20.48;49
E4S 56,780;20220601;22:35:00;22:40:00;271;18.20;48
E4S 56,780;20220601;22:40:00;22:45:00;272;19.05;43
E4S 56,780;20220601;22:45:00;22:50:00;273;19.36;38
E4S 56,780;20220601;22:50:00;22:55:00;274;19.41;44
E4S 56,780;20220601;22:55:00;23:00:00;275;20.49;39
E4S 56,780;20220601;23:00:00;23:05:00;276;20.15;28
E4S 56,780;20220601;23:05:00;23:10:00;277;19.56;31
E4S 56,780;20220601;23:10:00;23:15:00;278;19.27;44
E4S 56,780;20220601;23:15:00;23:20:00;279;19.29;33
E4S 56,780;20220601;23:20:00;23:25:00;280;19.37;24
E4S 56,780;20220601;23:25:00;23:30:00;281;21.49;30
E4S 56,780;20220601;23:30:00;23:35:00;282;19.95;31
E4S 56,780;20220601;23:35:00;23:40:00;283;19.40;35
E4S 56,780;20220601;23:40:00;23:45:00;284;19.58;29
E4S 56,780;20220601;23:45:00;23:50:00;285;20.08;33
E4S 56,780;20220601;23:50:00;23:55:00;286;21.29;36
E4S 56,780;20220601;23:55:00;24:00:00;287;21.46;35
E4S 56,780;20220603;00:00:00;00:05:00;0;20.59;33
E4S 56,780;20220603;00:05:00;00:10:00;1;21.41;22
E4S 56,780;20220603;00:10:00;00:15:00;2;20.81;28
E4S 56,780;20220603;00:15:00;00:20:00;3;20.00;34
E4S 56,780;20220603;00:20:00;00:25:00;4;20.72;35
E4S 56,780;20220603;00:25:00;00:30:00;5;19.51;24
E4S 56,780;20220603;00:30:00;00:35:00;6;20.04;34
E4S 56,780;20220603;00:35:00;00:40:00;7;20.62;24
E4S 56,780;20220603;00:40:00;00:45:00;8;19.54;36
E4S 56,780;20220603;00:45:00;00:50:00;9;20.57;16
E4S 56,780;20220603;00:50:00;00:55:00;10;20.47;24
E4S 56,780;20220603;00:55:00;01:00:00;11;22.42;23
E4S 56,780;20220603;01:00:00;01:05:00;12;21.70;19
E4S 56,780;20220603;01:05:00;01:10:00;13;21.57;18
E4S 56,780;20220603;01:10:00;01:15:00;14;20.63;22
E4S 56,780;20220603;01:15:00;01:20:00;15;19.95;19
E4S 56,780;20220603;01:20:00;01:25:00;16;20.98;9
E4S 56,780;20220603;01:25:00;01:30:00;17;21.26;16
E4S 56,780;20220603;01:30:00;01:35:00;18;20.47;31
E4S 56,780;20220603;01:35:00;01:40:00;19;20.21;28
E4S 56,780;20220603;01:40:00;01:45:00;20;20.72;25
E4S 56,780;20220603;01:45:00;01:50:00;21;19.49;37
E4S 56,780;20220603;01:50:00;01:55:00;22;20.81;40
E4S 56,780;20220603;01:55:00;02:00:00;23;21.97;29
E4S 56,780;20220603;02:00:00;02:05:00;24;22.05;21
E4S 56,780;20220603;02:05:00;02:10:00;25;21.33;26
E4S 56,780;20220603;02:10:00;02:15:00;26;21.65;23
E4S 56,780;20220603;02:15:00;02:20:00;27;22.92;22
E4S 56,780;20220603;02:20:00;02:25:00;28;21.13;36
E4S 56,780;20220603;02:25:00;02:30:00;29;20.88;41
E4S 56,780;20220603;02:30:00;02:35:00;30;21.12;43
E4S 56,780;20220603;02:35:00;02:40:00;31;19.94;38
E4S 56,780;20220603;02:40:00;02:45:00;32;21.03;53
E4S 56,780;20220603;02:45:00;02:50:00;33;21.07;39
E4S 56,780;20220603;02:50:00;02:55:00;34;21.10;59
E4S 56,780;20220603;02:55:00;03:00:00;35;21.57;40
E4S 56,780;20220603;03:00:00;03:05:00;36;21.37;41
E4S 56,780;20220603;03:05:00;03:10:00;37;21.87;65
E4S 56,780;20220603;03:10:00;03:15:00;38;21.71;47
E4S 56,780;20220603;03:15:00;03:20:00;39;21.57;67
E4S 56,780;20220603;03:20:00;03:25:00;40;21.15;85
E4S 56,780;20220603;03:25:00;03:30:00;41;22.36;79
E4S 56,780;20220603;03:30:00;03:35:00;42;21.43;97
E4S 56,780;20220603;03:35:00;03:40:00;43;21.17;131
E4S 56,780;20220603;03:40:00;03:45:00;44;21.31;144
E4S 56,780;20220603;03:45:00;03:50:00;45;21.13;169
E4S 56,780;20220603;03:50:00;03:55:00;46;20.59;190
E4S 56,780;20220603;03:55:00;04:00:00;47;21.59;185
E4S 56,780;20220603;04:00:00;04:05:00;48;21.25;163
E4S 56,780;20220603;04:05:00;04:10:00;49;21.23;155
E4S 56,780;20220603;04:10:00;04:15:00;50;21.08;196
E4S 56,780;20220603;04:15:00;04:20:00;51;20.22;217
E4S 56,780;20220603;04:20:00;04:25:00;52;19.48;279
E4S 56,780;20220603;04:25:00;04:30:00;53;19.87;298
E4S 56,780;20220603;04:30:00;04:35:00;54;19.49;249
E4S 56,780;20220603;04:35:00;04:40:00;55;19.74;259
E4S 56,780;20220603;04:40:00;04:45:00;56;19.67;287
E4S 56,780;20220603;04:45:00;04:50:00;57;20.28;254
E4S 56,780;20220603;04:50:00;04:55:00;58;19.47;294
E4S 56,780;20220603;04:55:00;05:00:00;59;19.75;270
E4S 56,780;20220603;05:00:00;05:05:00;60;20.22;239
E4S 56,780;20220603;05:05:00;05:10:00;61;19.94;252
E4S 56,780;20220603;05:10:00;05:15:00;62;19.68;278
E4S 56,780;20220603;05:15:00;05:20:00;63;19.04;308
E4S 56,780;20220603;05:20:00;05:25:00;64;18.70;292
E4S 56,780;20220603;05:25:00;05:30:00;65;18.52;310
E4S 56,780;20220603;05:30:00;05:35:00;66;18.62;292
E4S 56,780;20220603;05:35:00;05:40:00;67;18.62;282
E4S 56,780;20220603;05:40:00;05:45:00;68;19.13;278
E4S 56,780;20220603;05:45:00;05:50:00;69;18.91;288
E4S 56,780;20220603;05:50:00;05:55:00;70;19.45;264
E4S 56,780;20220603;05:55:00;06:00:00;71;19.55;270
E4S 56,780;20220603;06:00:00;06:05:00;72;18.79;291
E4S 56,780;20220603;06:05:00;06:10:00;73;19.48;253
E4S 56,780;20220603;06:10:00;06:15:00;74;19.25;278
E4S 56,780;20220603;06:15:00;06:20:00;75;18.59;279
E4S 56,780;20220603;06:20:00;06:25:00;76;14.60;235
E4S 56,780;20220603;06:25:00;06:30:00;77;16.56;294
E4S 56,780;20220603;06:30:00;06:35:00;78;18.85;305
E4S 56,780;20220603;06:35:00;06:40:00;79;18.70;298
E4S 56,780;20220603;06:40:00;06:45:00;80;19.50;259
E4S 56,780;20220603;06:45:00;06:50:00;81;19.36;265
E4S 56,780;20220603;06:50:00;06:55:00;82;18.96;246
E4S 56,780;20220603;06:55:00;07:00:00;83;18.43;277
E4S 56,780;20220603;07:00:00;07:05:00;84;19.24;262
E4S 56,780;20220603;07:05:00;07:10:00;85;18.24;266
E4S 56,780;20220603;07:10:00;07:15:00;86;18.71;275
E4S 56,780;20220603;07:15:00;07:20:00;87;18.81;300
E4S 56,780;20220603;07:20:00;07:25:00;88;18.27;299
E4S 56,780;20220603;07:25:00;07:30:00;89;17.81;135
E4S 56,780;20220603;07:30:00;07:35:00;90;16.05;403
E4S 56,780;20220603;07:35:00;07:40:00;91;17.35;381
E4S 56,780;20220603;07:40:00;07:45:00;92;17.86;329
E4S 56,780;20220603;07:45:00;07:50:00;93;18.61;291
E4S 56,780;20220603;07:50:00;07:55:00;94;18.48;281
E4S 56,780;20220603;07:55:00;08:00:00;95;18.19;320
E4S 56,780;20220603;08:00:00;08:05:00;96;18.04;291
E4S 56,780;20220603;08:05:00;08:10:00;97;17.92;297
E4S 56,780;20220603;08:10:00;08:15:00;98;18.34;274
E4S 56,780;20220603;08:15:00;08:20:00;99;18.06;306
E4S 56,780;20220603;08:20:00;08:25:00;100;17.28;331
E4S 56,780;20220603;08:25:00;08:30:00;101;17.37;314
E4S 56,780;20220603;08:30:00;08:35:00;102;18.40;294
E4S 56,780;20220603;08:35:00;08:40:00;103;17.62;323
E4S 56,780;20220603;08:40:00;08:45:00;104;19.38;194
E4S 56,780;20220603;08:45:00;08:50:00;105;14.95;386
E4S 56,780;20220603;08:50:00;08:55:00;106;17.06;342
E4S 56,780;20220603;08:55:00;09:00:00;107;17.91;301
E4S 56,780;20220603;09:00:00;09:05:00;108;18.35;278
E4S 56,780;20220603;09:05:00;09:10:00;109;18.25;316
E4S 56,780;20220603;09:10:00;09:15:00;110;18.37;275
E4S 56,780;20220603;09:15:00;09:20:00;111;18.03;341
E4S 56,780;20220603;09:20:00;09:25:00;112;17.79;324
E4S 56,780;20220603;09:25:00;09:30:00;113;18.35;295
E4S 56,780;20220603;09:30:00;09:35:00;114;17.81;312
E4S 56,780;20220603;09:35:00;09:40:00;115;18.13;314
E4S 56,780;20220603;09:40:00;09:45:00;116;18.14;316
E4S 56,780;20220603;09:45:00;09:50:00;117;18.29;276
E4S 56,780;20220603;09:50:00;09:55:00;118;17.84;305
E4S 56,780;20220603;09:55:00;10:00:00;119;17.83;337
E4S 56,780;20220603;10:00:00;10:05:00;120;17.68;304
E4S 56,780;20220603;10:05:00;10:10:00;121;17.29;350
E4S 56,780;20220603;10:10:00;10:15:00;122;17.77;324
E4S 56,780;20220603;10:15:00;10:20:00;123;17.79;359
E4S 56,780;20220603;10:20:00;10:25:00;124;17.35;325
E4S 56,780;20220603;10:25:00;10:30:00;125;17.97;349
E4S 56,780;20220603;10:30:00;10:35:00;126;17.99;317
E4S 56,780;20220603;10:35:00;10:40:00;127;16.84;348
E4S 56,780;20220603;10:40:00;10:45:00;128;17.85;332
E4S 56,780;20220603;10:45:00;10:50:00;129;17.35;315
E4S 56,780;20220603;10:50:00;10:55:00;130;17.50;331
E4S 56,780;20220603;10:55:00;11:00:00;131;17.27;327
E4S 56,780;20220603;11:00:00;11:05:00;132;17.79;329
E4S 56,780;20220603;11:05:00;11:10:00;133;18.07;340
E4S 56,780;20220603;11:10:00;11:15:00;134;17.81;334
E4S 56,780;20220603;11:15:00;11:20:00;135;17.79;338
E4S 56,780;20220603;11:20:00;11:25:00;136;15.20;384
E4S 56,780;20220603;11:25:00;11:30:00;137;17.40;373
E4S 56,780;20220603;11:30:00;11:35:00;138;15.83;375
E4S 56,780;20220603;11:35:00;11:40:00;139;16.49;395
E4S 56,780;20220603;11:40:00;11:45:00;140;12.17;343
E4S 56,780;20220603;11:45:00;11:50:00;141;10.26;338
E4S 56,780;20220603;11:50:00;11:55:00;142;10.93;324
E4S 56,780;20220603;11:55:00;12:00:00;143;9.35;252
E4S 56,780;20220603;12:00:00;12:05:00;144;6.99;227
E4S 56,780;20220603;12:05:00;12:10:00;145;7.85;272
E4S 56,780;20220603;12:10:00;12:15:00;146;7.40;241
E4S 56,780;20220603;12:15:00;12:20:00;147;8.13;272
E4S 56,780;20220603;12:20:00;12:25:00;148;8.02;261
E4S 56,780;20220603;12:25:00;12:30:00;149;10.72;318
E4S 56,780;20220603;12:30:00;12:35:00;150;13.67;386
E4S 56,780;20220603;12:35:00;12:40:00;151;14.24;382
E4S 56,780;20220603;12:40:00;12:45:00;152;12.67;375
E4S 56,780;20220603;12:45:00;12:50:00;153;10.75;301
E4S 56,780;20220603;12:50:00;12:55:00;154;7.89;258
E4S 56,780;20220603;12:55:00;13:00:00;155;8.16;278
E4S 56,780;20220603;13:00:00;13:05:00;156;9.04;276
E4S 56,780;20220603;13:05:00;13:10:00;157;7.15;179
E4S 56,780;20220603;13:10:00;13:15:00;158;9.30;264
E4S 56,780;20220603;13:15:00;13:20:00;159;12.06;319
E4S 56,780;20220603;13:20:00;13:25:00;160;5.83;96
E4S 56,780;20220603;13:25:00;13:30:00;161;6.75;157
E4S 56,780;20220603;13:30:00;13:35:00;162;5.84;131
E4S 56,780;20220603;13:35:00;13:40:00;163;5.97;99
E4S 56,780;20220603;13:40:00;13:45:00;164;6.46;184
E4S 56,780;20220603;13:45:00;13:50:00;165;6.34;182
E4S 56,780;20220603;13:50:00;13:55:00;166;7.00;238
E4S 56,780;20220603;13:55:00;14:00:00;167;8.68;292
E4S 56,780;20220603;14:00:00;14:05:00;168;6.91;244
E4S 56,780;20220603;14:05:00;14:10:00;169;7.12;235
E4S 56,780;20220603;14:10:00;14:15:00;170;6.49;239
E4S 56,780;20220603;14:15:00;14:20:00;171;7.71;240
E4S 56,780;20220603;14:20:00;14:25:00;172;8.09;300
E4S 56,780;20220603;14:25:00;14:30:00;173;5.65;184
E4S 56,780;20220603;14:30:00;14:35:00;174;6.85;209
E4S 56,780;20220603;14:35:00;14:40:00;175;7.70;247
E4S 56,780;20220603;14:40:00;14:45:00;176;7.63;242
E4S 56,780;20220603;14:45:00;14:50:00;177;6.99;221
E4S 56,780;20220603;14:50:00;14:55:00;178;9.87;285
E4S 56,780;20220603;14:55:00;15:00:00;179;7.30;271
E4S 56,780;20220603;15:00:00;15:05:00;180;5.54;218
E4S 56,780;20220603;15:05:00;15:10:00;181;6.38;207
E4S 56,780;20220603;15:10:00;15:15:00;182;7.20;221
E4S 56,780;20220603;15:15:00;15:20:00;183;5.54;144
E4S 56,780;20220603;15:20:00;15:25:00;184;5.27;188
E4S 56,780;20220603;15:25:00;15:30:00;185;6.29;253
E4S 56,780;20220603;15:30:00;15:35:00;186;3.93;138
E4S 56,780;20220603;15:35:00;15:40:00;187;2.69;63
E4S 56,780;20220603;15:40:00;15:45:00;188;7.21;230
E4S 56,780;20220603;15:45:00;15:50:00;189;9.55;313
E4S 56,780;20220603;15:50:00;15:55:00;190;9.94;313
E4S 56,780;20220603;15:55:00;16:00:00;191;9.35;300
E4S 56,780;20220603;16:00:00;16:05:00;192;10.49;329
E4S 56,780;20220603;16:05:00;16:10:00;193;8.98;270
E4S 56,780;20220603;16:10:00;16:15:00;194;10.69;273
E4S 56,780;20220603;16:15:00;16:20:00;195;14.47;227
E4S 56,780;20220603;16:20:00;16:25:00;196;16.37;233
E4S 56,780;20220603;16:25:00;16:30:00;197;14.99;209
E4S 56,780;20220603;16:30:00;16:35:00;198;15.22;255
E4S 56,780;20220603;16:35:00;16:40:00;199;15.68;283
E4S 56,780;20220603;16:40:00;16:45:00;200;16.27;315
E4S 56,780;20220603;16:45:00;16:50:00;201;17.10;273
E4S 56,780;20220603;16:50:00;16:55:00;202;16.92;300
E4S 56,780;20220603;16:55:00;17:00:00;203;16.54;270
E4S 56,780;20220603;17:00:00;17:05:00;204;16.99;238
E4S 56,780;20220603;17:05:00;17:10:00;205;17.22;222
E4S 56,780;20220603;17:10:00;17:15:00;206;17.08;263
E4S 56,780;20220603;17:15:00;17:20:00;207;17.19;230
E4S 56,780;20220603;17:20:00;17:25:00;208;16.48;238
E4S 56,780;20220603;17:25:00;17:30:00;209;16.88;255
E4S 56,780;20220603;17:30:00;17:35:00;210;17.33;221
E4S 56,780;20220603;17:35:00;17:40:00;211;17.99;187
E4S 56,780;20220603;17:40:00;17:45:00;212;17.27;199
E4S 56,780;20220603;17:45:00;17:50:00;213;18.24;203
E4S 56,780;20220603;17:50:00;17:55:00;214;18.09;215
E4S 56,780;20220603;17:55:00;18:00:00;215;17.98;212
E4S 56,780;20220603;18:00:00;18:05:00;216;18.59;200
E4S 56,780;20220603;18:05:00;18:10:00;217;17.70;214
E4S 56,780;20220603;18:10:00;18:15:00;218;17.92;207
E4S 56,780;20220603;18:15:00;18:20:00;219;18.18;235
E4S 56,780;20220603;18:20:00;18:25:00;220;19.29;265
E4S 56,780;20220603;18:25:00;18:30:00;221;18.54;190
E4S 56,780;20220603;18:30:00;18:35:00;222;18.48;186
E4S 56,780;20220603;18:35:00;18:40:00;223;19.13;222
E4S 56,780;20220603;18:40:00;18:45:00;224;18.49;210
E4S 56,780;20220603;18:45:00;18:50:00;225;18.82;208
E4S 56,780;20220603;18:50:00;18:55:00;226;19.54;205
E4S 56,780;20220603;18:55:00;19:00:00;227;19.02;198
E4S 56,780;20220603;19:00:00;19:05:00;228;19.11;194
E4S 56,780;20220603;19:05:00;19:10:00;229;19.50;186
E4S 56,780;20220603;19:10:00;19:15:00;230;19.52;200
E4S 56,780;20220603;19:15:00;19:20:00;231;19.04;196
E4S 56,780;20220603;19:20:00;19:25:00;232;19.39;218
E4S 56,780;20220603;19:25:00;19:30:00;233;19.20;206
E4S 56,780;20220603;19:30:00;19:35:00;234;18.95;215
E4S 56,780;20220603;19:35:00;19:40:00;235;18.98;210
E4S 56,780;20220603;19:40:00;19:45:00;236;19.41;202
E4S 56,780;20220603;19:45:00;19:50:00;237;19.19;198
E4S 56,780;20220603;19:50:00;19:55:00;238;20.15;160
E4S 56,780;20220603;19:55:00;20:00:00;239;19.11;175
E4S 56,780;20220603;20:00:00;20:05:00;240;18.74;152
E4S 56,780;20220603;20:05:00;20:10:00;241;19.05;182
E4S 56,780;20220603;20:10:00;20:15:00;242;19.69;137
E4S 56,780;20220603;20:15:00;20:20:00;243;18.69;164
E4S 56,780;20220603;20:20:00;20:25:00;244;18.91;166
E4S 56,780;20220603;20:25:00;20:30:00;245;19.44;155
E4S 56,780;20220603;20:30:00;20:35:00;246;18.80;136
E4S 56,780;20220603;20:35:00;20:40:00;247;19.63;150
E4S 56,780;20220603;20:40:00;20:45:00;248;18.94;147
E4S 56,780;20220603;20:45:00;20:50:00;249;19.03;155
E4S 56,780;20220603;20:50:00;20:55:00;250;19.39;126
E4S 56,780;20220603;20:55:00;21:00:00;251;19.68;132
E4S 56,780;20220603;21:00:00;21:05:00;252;19.56;126
E4S 56,780;20220603;21:05:00;21:10:00;253;19.49;141
E4S 56,780;20220603;21:10:00;21:15:00;254;19.74;117
E4S 56,780;20220603;21:15:00;21:20:00;255;19.19;98
E4S 56,780;20220603;21:20:00;21:25:00;256;19.81;121
E4S 56,780;20220603;21:25:00;21:30:00;257;19.83;122
E4S 56,780;20220603;21:30:00;21:35:00;258;19.63;106
E4S 56,780;20220603;21:35:00;21:40:00;259;19.83;107
E4S 56,780;20220603;21:40:00;21:45:00;260;19.90;109
E4S 56,780;20220603;21:45:00;21:50:00;261;19.97;101
E4S 56,780;20220603;21:50:00;21:55:00;262;19.50;80
E4S 56,780;20220603;21:55:00;22:00:00;263;19.65;97
E4S 56,780;20220603;22:00:00;22:05:00;264;19.89;97
E4S 56,780;20220603;22:05:00;22:10:00;265;19.85;117
E4S 56,780;20220603;22:10:00;22:15:00;266;19.66;95
E4S 56,780;20220603;22:15:00;22:20:00;267;19.38;89
E4S 56,780;20220603;22:20:00;22:25:00;268;19.63;75
E4S 56,780;20220603;22:25:00;22:30:00;269;19.73;60
E4S 56,780;20220603;22:30:00;22:35:00;270;19.97;66
E4S 56,780;20220603;22:35:00;22:40:00;271;19.72;86
E4S 56,780;20220603;22:40:00;22:45:00;272;20.20;70
E4S 56,780;20220603;22:45:00;22:50:00;273;20.29;81
E4S 56,780;20220603;22:50:00;22:55:00;274;19.95;57
E4S 56,780;20220603;22:55:00;23:00:00;275;20.60;59
E4S 56,780;20220603;23:00:00;23:05:00;276;20.54;57
E4S 56,780;20220603;23:05:00;23:10:00;277;19.59;63
E4S 56,780;20220603;23:10:00;23:15:00;278;20.68;66
E4S 56,780;20220603;23:15:00;23:20:00;279;19.55;70
E4S 56,780;20220603;23:20:00;23:25:00;280;19.57;57
E4S 56,780;20220603;23:25:00;23:30:00;281;20.01;53
E4S 56,780;20220603;23:30:00;23:35:00;282;19.51;56
E4S 56,780;20220603;23:35:00;23:40:00;283;20.11;67
E4S 56,780;20220603;23:40:00;23:45:00;284;20.42;45
E4S 56,780;20220603;23:45:00;23:50:00;285;19.86;56
E4S 56,780;20220603;23:50:00;23:55:00;286;21.16;44
E4S 56,780;20220603;23:55:00;24:00:00;287;20.01;39
E4S 56,780;20220609;00:00:00;00:05:00;0;19.88;61
E4S 56,780;20220609;00:05:00;00:10:00;1;19.82;26
E4S 56,780;20220609;00:10:00;00:15:00;2;19.99;40
E4S 56,780;20220609;00:15:00;00:20:00;3;20.69;39
E4S 56,780;20220609;00:20:00;00:25:00;4;20.91;47
E4S 56,780;20220609;00:25:00;00:30:00;5;19.47;41
E4S 56,780;20220609;00:30:00;00:35:00;6;20.41;43
E4S 56,780;20220609;00:35:00;00:40:00;7;21.01;33
E4S 56,780;20220609;00:40:00;00:45:00;8;20.94;38
E4S 56,780;20220609;00:45:00;00:50:00;9;18.86;48
E4S 56,780;20220609;00:50:00;00:55:00;10;21.00;38
E4S 56,780;20220609;00:55:00;01:00:00;11;20.75;38
E4S 56,780;20220609;01:00:00;01:05:00;12;19.97;56
E4S 56,780;20220609;01:05:00;01:10:00;13;20.98;28
E4S 56,780;20220609;01:10:00;01:15:00;14;20.51;37
E4S 56,780;20220609;01:15:00;01:20:00;15;20.78;30
E4S 56,780;20220609;01:20:00;01:25:00;16;20.11;44
E4S 56,780;20220609;01:25:00;01:30:00;17;21.09;41
E4S 56,780;20220609;01:30:00;01:35:00;18;20.99;43
E4S 56,780;20220609;01:35:00;01:40:00;19;20.85;43
E4S 56,780;20220609;01:40:00;01:45:00;20;20.68;39
E4S 56,780;20220609;01:45:00;01:50:00;21;20.35;36
E4S 56,780;20220609;01:50:00;01:55:00;22;20.68;39
E4S 56,780;20220609;01:55:00;02:00:00;23;20.14;51
E4S 56,780;20220609;02:00:00;02:05:00;24;19.94;50
E4S 56,780;20220609;02:05:00;02:10:00;25;22.72;36
E4S 56,780;20220609;02:10:00;02:15:00;26;20.81;49
E4S 56,780;20220609;02:15:00;02:20:00;27;21.49;46
E4S 56,780;20220609;02:20:00;02:25:00;28;20.11;57
E4S 56,780;20220609;02:25:00;02:30:00;29;21.30;44
E4S 56,780;20220609;02:30:00;02:35:00;30;21.01;43
E4S 56,780;20220609;02:35:00;02:40:00;31;21.46;48
E4S 56,780;20220609;02:40:00;02:45:00;32;21.15;59
E4S 56,780;20220609;02:45:00;02:50:00;33;22.79;69
E4S 56,780;20220609;02:50:00;02:55:00;34;21.73;57
E4S 56,780;20220609;02:55:00;03:00:00;35;21.61;60
E4S 56,780;20220609;03:00:00;03:05:00;36;20.17;61
E4S 56,780;20220609;03:05:00;03:10:00;37;20.81;59
E4S 56,780;20220609;03:10:00;03:15:00;38;20.87;65
E4S 56,780;20220609;03:15:00;03:20:00;39;21.13;79
E4S 56,780;20220609;03:20:00;03:25:00;40;21.59;90
E4S 56,780;20220609;03:25:00;03:30:00;41;21.18;98
E4S 56,780;20220609;03:30:00;03:35:00;42;21.21;126
E4S 56,780;20220609;03:35:00;03:40:00;43;20.75;142
E4S 56,780;20220609;03:40:00;03:45:00;44;21.38;145
E4S 56,780;20220609;03:45:00;03:50:00;45;20.38;195
E4S 56,780;20220609;03:50:00;03:55:00;46;20.62;213
E4S 56,780;20220609;03:55:00;04:00:00;47;20.79;214
E4S 56,780;20220609;04:00:00;04:05:00;48;20.84;168
E4S 56,780;20220609;04:05:00;04:10:00;49;21.08;180
E4S 56,780;20220609;04:10:00;04:15:00;50;20.70;216
E4S 56,780;20220609;04:15:00;04:20:00;51;20.84;250
E4S 56,780;20220609;04:20:00;04:25:00;52;20.24;290
E4S 56,780;20220609;04:25:00;04:30:00;53;19.18;284
E4S 56,780;20220609;04:30:00;04:35:00;54;19.34;277
E4S 56,780;20220609;04:35:00;04:40:00;55;19.99;283
E4S 56,780;20220609;04:40:00;04:45:00;56;19.48;319
E4S 56,780;20220609;04:45:00;04:50:00;57;19.76;298
E4S 56,780;20220609;04:50:00;04:55:00;58;18.60;321
E4S 56,780;20220609;04:55:00;05:00:00;59;19.16;292
E4S 56,780;20220609;05:00:00;05:05:00;60;19.11;279
E4S 56,780;20220609;05:05:00;05:10:00;61;19.13;270
E4S 56,780;20220609;05:10:00;05:15:00;62;18.81;272
E4S 56,780;20220609;05:15:00;05:20:00;63;18.33;307
E4S 56,780;20220609;05:20:00;05:25:00;64;18.00;302
E4S 56,780;20220609;05:25:00;05:30:00;65;18.55;326
E4S 56,780;20220609;05:30:00;05:35:00;66;19.09;320
E4S 56,780;20220609;05:35:00;05:40:00;67;18.96;315
E4S 56,780;20220609;05:40:00;05:45:00;68;18.64;317
E4S 56,780;20220609;05:45:00;05:50:00;69;17.48;350
E4S 56,780;20220609;05:50:00;05:55:00;70;19.01;294
E4S 56,780;20220609;05:55:00;06:00:00;71;18.67;269
E4S 56,780;20220609;06:00:00;06:05:00;72;19.46;285
E4S 56,780;20220609;06:05:00;06:10:00;73;18.78;271
E4S 56,780;20220609;06:10:00;06:15:00;74;18.82;304
E4S 56,780;20220609;06:15:00;06:20:00;75;18.66;303
E4S 56,780;20220609;06:20:00;06:25:00;76;18.16;333
E4S 56,780;20220609;06:25:00;06:30:00;77;18.02;305
E4S 56,780;20220609;06:30:00;06:35:00;78;18.21;337
E4S 56,780;20220609;06:35:00;06:40:00;79;18.01;322
E4S 56,780;20220609;06:40:00;06:45:00;80;18.02;341
E4S 56,780;20220609;06:45:00;06:50:00;81;18.20;337
E4S 56,780;20220609;06:50:00;06:55:00;82;18.19;294
E4S 56,780;20220609;06:55:00;07:00:00;83;18.31;274
E4S 56,780;20220609;07:00:00;07:05:00;84;18.62;276
E4S 56,780;20220609;07:05:00;07:10:00;85;18.42;302
E4S 56,780;20220609;07:10:00;07:15:00;86;18.39;264
E4S 56,780;20220609;07:15:00;07:20:00;87;18.24;298
E4S 56,780;20220609;07:20:00;07:25:00;88;17.94;315
E4S 56,780;20220609;07:25:00;07:30:00;89;18.28;258
E4S 56,780;20220609;07:30:00;07:35:00;90;18.37;264
E4S 56,780;20220609;07:35:00;07:40:00;91;17.99;293
E4S 56,780;20220609;07:40:00;07:45:00;92;18.20;265
E4S 56,780;20220609;07:45:00;07:50:00;93;17.28;298
E4S 56,780;20220609;07:50:00;07:55:00;94;18.28;298
E4S 56,780;20220609;07:55:00;08:00:00;95;18.12;312
E4S 56,780;20220609;08:00:00;08:05:00;96;17.52;321
E4S 56,780;20220609;08:05:00;08:10:00;97;17.54;321
E4S 56,780;20220609;08:10:00;08:15:00;98;17.56;282
E4S 56,780;20220609;08:15:00;08:20:00;99;17.33;289
E4S 56,780;20220609;08:20:00;08:25:00;100;10.41;276
E4S 56,780;20220609;08:25:00;08:30:00;101;8.48;204
E4S 56,780;20220609;08:30:00;08:35:00;102;7.87;133
E4S 56,780;20220609;08:35:00;08:40:00;103;7.71;169
E4S 56,780;20220609;08:40:00;08:45:00;104;7.46;126
E4S 56,780;20220609;08:45:00;08:50:00;105;8.43;155
E4S 56,780;20220609;08:50:00;08:55:00;106;11.86;279
E4S 56,780;20220609;08:55:00;09:00:00;107;13.67;359
E4S 56,780;20220609;09:00:00;09:05:00;108;14.59;363
E4S 56,780;20220609;09:05:00;09:10:00;109;14.30;352
E4S 56,780;20220609;09:10:00;09:15:00;110;14.44;344
E4S 56,780;20220609;09:15:00;09:20:00;111;14.97;356
E4S 56,780;20220609;09:20:00;09:25:00;112;14.95;373
E4S 56,780;20220609;09:25:00;09:30:00;113;16.90;348
E4S 56,780;20220609;09:30:00;09:35:00;114;17.57;336
E4S 56,780;20220609;09:35:00;09:40:00;115;18.64;300
E4S 56,780;20220609;09:40:00;09:45:00;116;17.48;330
E4S 56,780;20220609;09:45:00;09:50:00;117;17.75;330
E4S 56,780;20220609;09:50:00;09:55:00;118;17.57;313
E4S 56,780;20220609;09:55:00;10:00:00;119;18.34;323
E4S 56,780;20220609;10:00:00;10:05:00;120;18.00;306
E4S 56,780;20220609;10:05:00;10:10:00;121;17.33;361
E4S 56,780;20220609;10:10:00;10:15:00;122;18.17;286
E4S 56,780;20220609;10:15:00;10:20:00;123;16.53;388
E4S 56,780;20220609;10:20:00;10:25:00;124;15.73;363
E4S 56,780;20220609;10:25:00;10:30:00;125;15.53;348
E4S 56,780;20220609;10:30:00;10:35:00;126;14.85;360
E4S 56,780;20220609;10:35:00;10:40:00;127;16.10;342
E4S 56,780;20220609;10:40:00;10:45:00;128;14.43;353
E4S 56,780;20220609;10:45:00;10:50:00;129;15.93;323
E4S 56,780;20220609;10:50:00;10:55:00;130;16.97;319
E4S 56,780;20220609;10:55:00;11:00:00;131;17.23;341
E4S 56,780;20220609;11:00:00;11:05:00;132;16.55;360
E4S 56,780;20220609;11:05:00;11:10:00;133;17.31;335
E4S 56,780;20220609;11:10:00;11:15:00;134;17.53;329
E4S 56,780;20220609;11:15:00;11:20:00;135;16.44;412
E4S 56,780;20220609;11:20:00;11:25:00;136;16.79;336
E4S 56,780;20220609;11:25:00;11:30:00;137;16.76;375
E4S 56,780;20220609;11:30:00;11:35:00;138;16.52;357
E4S 56,780;20220609;11:35:00;11:40:00;139;17.56;327
E4S 56,780;20220609;11:40:00;11:45:00;140;16.86;333
E4S 56,780;20220609;11:45:00;11:50:00;141;16.20;372
E4S 56,780;20220609;11:50:00;11:55:00;142;16.60;362
E4S 56,780;20220609;11:55:00;12:00:00;143;16.11;389
E4S 56,780;20220609;12:00:00;12:05:00;144;13.24;351
E4S 56,780;20220609;12:05:00;12:10:00;145;9.87;332
E4S 56,780;20220609;12:10:00;12:15:00;146;11.54;333
E4S 56,780;20220609;12:15:00;12:20:00;147;12.47;383
E4S 56,780;20220609;12:20:00;12:25:00;148;12.70;359
E4S 56,780;20220609;12:25:00;12:30:00;149;11.50;326
E4S 56,780;20220609;12:30:00;12:35:00;150;13.06;380
E4S 56,780;20220609;12:35:00;12:40:00;151;10.34;320
E4S 56,780;20220609;12:40:00;12:45:00;152;7.85;292
E4S 56,780;20220609;12:45:00;12:50:00;153;10.12;312
E4S 56,780;20220609;12:50:00;12:55:00;154;9.66;325
E4S 56,780;20220609;12:55:00;13:00:00;155;7.77;231
E4S 56,780;20220609;13:00:00;13:05:00;156;9.66;309
E4S 56,780;20220609;13:05:00;13:10:00;157;11.43;317
E4S 56,780;20220609;13:10:00;13:15:00;158;9.68;317
E4S 56,780;20220609;13:15:00;13:20:00;159;7.09;229
E4S 56,780;20220609;13:20:00;13:25:00;160;8.10;259
E4S 56,780;20220609;13:25:00;13:30:00;161;7.79;238
E4S 56,780;20220609;13:30:00;13:35:00;162;7.93;258
E4S 56,780;20220609;13:35:00;13:40:00;163;6.64;247
E4S 56,780;20220609;13:40:00;13:45:00;164;8.30;267
E4S 56,780;20220609;13:45:00;13:50:00;165;9.23;315
E4S 56,780;20220609;13:50:00;13:55:00;166;9.22;291
E4S 56,780;20220609;13:55:00;14:00:00;167;9.58;306
E4S 56,780;20220609;14:00:00;14:05:00;168;7.75;285
E4S 56,780;20220609;14:05:00;14:10:00;169;9.31;330
E4S 56,780;20220609;14:10:00;14:15:00;170;6.58;214
E4S 56,780;20220609;14:15:00;14:20:00;171;6.46;228
E4S 56,780;20220609;14:20:00;14:25:00;172;7.07;247
E4S 56,780;20220609;14:25:00;14:30:00;173;9.78;330
E4S 56,780;20220609;14:30:00;14:35:00;174;8.92;297
E4S 56,780;20220609;14:35:00;14:40:00;175;7.87;266
E4S 56,780;20220609;14:40:00;14:45:00;176;7.40;294
E4S 56,780;20220609;14:45:00;14:50:00;177;8.88;292
E4S 56,780;20220609;14:50:00;14:55:00;178;7.84;259
E4S 56,780;20220609;14:55:00;15:00:00;179;7.59;304
E4S 56,780;20220609;15:00:00;15:05:00;180;7.21;266
E4S 56,780;20220609;15:05:00;15:10:00;181;6.76;227
E4S 56,780;20220609;15:10:00;15:15:00;182;6.05;218
E4S 56,780;20220609;15:15:00;15:20:00;183;6.03;248
E4S 56,780;20220609;15:20:00;15:25:00;184;6.48;285
E4S 56,780;20220609;15:25:00;15:30:00;185;8.79;325
E4S 56,780;20220609;15:30:00;15:35:00;186;5.67;275
E4S 56,780;20220609;15:35:00;15:40:00;187;7.50;307
E4S 56,780;20220609;15:40:00;15:45:00;188;6.43;294
E4S 56,780;20220609;15:45:00;15:50:00;189;5.61;311
E4S 56,780;20220609;15:50:00;15:55:00;190;8.91;341
E4S 56,780;20220609;15:55:00;16:00:00;191;7.77;326
E4S 56,780;20220609;16:00:00;16:05:00;192;6.98;315
E4S 56,780;20220609;16:05:00;16:10:00;193;8.13;342
E4S 56,780;20220609;16:10:00;16:15:00;194;9.13;325
E4S 56,780;20220609;16:15:00;16:20:00;195;7.98;300
E4S 56,780;20220609;16:20:00;16:25:00;196;7.89;285
E4S 56,780;20220609;16:25:00;16:30:00;197;10.27;326
E4S 56,780;20220609;16:30:00;16:35:00;198;10.88;348
E4S 56,780;20220609;16:35:00;16:40:00;199;11.66;346
E4S 56,780;20220609;16:40:00;16:45:00;200;12.00;340
E4S 56,780;20220609;16:45:00;16:50:00;201;13.54;307
E4S 56,780;20220609;16:50:00;16:55:00;202;10.85;323
E4S 56,780;20220609;16:55:00;17:00:00;203;10.38;336
E4S 56,780;20220609;17:00:00;17:05:00;204;11.29;288
E4S 56,780;20220609;17:05:00;17:10:00;205;14.57;247
E4S 56,780;20220609;17:10:00;17:15:00;206;16.15;196
E4S 56,780;20220609;17:15:00;17:20:00;207;16.74;227
E4S 56,780;20220609;17:20:00;17:25:00;208;16.42;234
E4S 56,780;20220609;17:25:00;17:30:00;209;17.10;252
E4S 56,780;20220609;17:30:00;17:35:00;210;15.87;226
E4S 56,780;20220609;17:35:00;17:40:00;211;17.02;204
E4S 56,780;20220609;17:40:00;17:45:00;212;15.33;231
E4S 56,780;20220609;17:45:00;17:50:00;213;16.99;222
E4S 56,780;20220609;17:50:00;17:55:00;214;17.26;218
E4S 56,780;20220609;17:55:00;18:00:00;215;16.71;232
E4S 56,780;20220609;18:00:00;18:05:00;216;17.00;194
E4S 56,780;20220609;18:05:00;18:10:00;217;16.96;212
E4S 56,780;20220609;18:10:00;18:15:00;218;17.43;226
E4S 56,780;20220609;18:15:00;18:20:00;219;17.30;202
E4S 56,780;20220609;18:20:00;18:25:00;220;17.19;199
E4S 56,780;20220609;18:25:00;18:30:00;221;18.03;216
E4S 56,780;20220609;18:30:00;18:35:00;222;17.63;238
E4S 56,780;20220609;18:35:00;18:40:00;223;17.36;236
E4S 56,780;20220609;18:40:00;18:45:00;224;17.46;219
E4S 56,780;20220609;18:45:00;18:50:00;225;17.82;190
E4S 56,780;20220609;18:50:00;18:55:00;226;18.40;174
E4S 56,780;20220609;18:55:00;19:00:00;227;18.03;204
E4S 56,780;20220609;19:00:00;19:05:00;228;18.11;202
E4S 56,780;20220609;19:05:00;19:10:00;229;18.82;218
E4S 56,780;20220609;19:10:00;19:15:00;230;19.57;212
E4S 56,780;20220609;19:15:00;19:20:00;231;19.26;194
E4S 56,780;20220609;19:20:00;19:25:00;232;19.29;196
E4S 56,780;20220609;19:25:00;19:30:00;233;20.08;166
E4S 56,780;20220609;19:30:00;19:35:00;234;19.92;154
E4S 56,780;20220609;19:35:00;19:40:00;235;19.06;268
E4S 56,780;20220609;19:40:00;19:45:00;236;18.93;200
E4S 56,780;20220609;19:45:00;19:50:00;237;19.58;179
E4S 56,780;20220609;19:50:00;19:55:00;238;18.80;172
E4S 56,780;20220609;19:55:00;20:00:00;239;19.51;158
E4S 56,780;20220609;20:00:00;20:05:00;240;19.04;188
E4S 56,780;20220609;20:05:00;20:10:00;241;18.95;172
E4S 56,780;20220609;20:10:00;20:15:00;242;19.04;169
E4S 56,780;20220609;20:15:00;20:20:00;243;19.00;184
E4S 56,780;20220609;20:20:00;20:25:00;244;18.83;172
E4S 56,780;20220609;20:25:00;20:30:00;245;19.32;160
E4S 56,780;20220609;20:30:00;20:35:00;246;19.73;161
E4S 56,780;20220609;20:35:00;20:40:00;247;19.67;107
E4S 56,780;20220609;20:40:00;20:45:00;248;19.14;136
E4S 56,780;20220609;20:45:00;20:50:00;249;19.93;138
E4S 56,780;20220609;20:50:00;20:55:00;250;19.35;187
E4S 56,780;20220609;20:55:00;21:00:00;251;19.25;166
E4S 56,780;20220609;21:00:00;21:05:00;252;19.10;194
E4S 56,780;20220609;21:05:00;21:10:00;253;19.72;188
E4S 56,780;20220609;21:10:00;21:15:00;254;18.83;207
E4S 56,780;20220609;21:15:00;21:20:00;255;18.88;212
E4S 56,780;20220609;21:20:00;21:25:00;256;19.08;196
E4S 56,780;20220609;21:25:00;21:30:00;257;19.15;190
E4S 56,780;20220609;21:30:00;21:35:00;258;19.41;178
E4S 56,780;20220609;21:35:00;21:40:00;259;19.74;201
E4S 56,780;20220609;21:40:00;21:45:00;260;19.63;150
E4S 56,780;20220609;21:45:00;21:50:00;261;19.39;165
E4S 56,780;20220609;21:50:00;21:55:00;262;20.41;112
E4S 56,780;20220609;21:55:00;22:00:00;263;20.29;82
E4S 56,780;20220609;22:00:00;22:05:00;264;19.80;79
E4S 56,780;20220609;22:05:00;22:10:00;265;19.70;74
E4S 56,780;20220609;22:10:00;22:15:00;266;20.55;79
E4S 56,780;20220609;22:15:00;22:20:00;267;20.39;98
E4S 56,780;20220609;22:20:00;22:25:00;268;20.84;84
E4S 56,780;20220609;22:25:00;22:30:00;269;20.17;64
E4S 56,780;20220609;22:30:00;22:35:00;270;20.06;43
E4S 56,780;20220609;22:35:00;22:40:00;271;19.33;54
E4S 56,780;20220609;22:40:00;22:45:00;272;20.68;76
E4S 56,780;20220609;22:45:00;22:50:00;273;21.64;48
E4S 56,780;20220609;22:50:00;22:55:00;274;19.74;65
E4S 56,780;20220609;22:55:00;23:00:00;275;20.17;63
E4S 56,780;20220609;23:00:00;23:05:00;276;20.05;58
E4S 56,780;20220609;23:05:00;23:10:00;277;20.42;75
E4S 56,780;20220609;23:10:00;23:15:00;278;20.19;52
E4S 56,780;20220609;23:15:00;23:20:00;279;19.42;60
E4S 56,780;20220609;23:20:00;23:25:00;280;19.57;70
E4S 56,780;20220609;23:25:00;23:30:00;281;21.02;56
E4S 56,780;20220609;23:30:00;23:35:00;282;19.41;53
E4S 56,780;20220609;23:35:00;23:40:00;283;19.40;63
E4S 56,780;20220609;23:40:00;23:45:00;284;19.77;49
E4S 56,780;20220609;23:45:00;23:50:00;285;20.22;55
E4S 56,780;20220609;23:50:00;23:55:00;286;20.44;44
E4S 56,780;20220609;23:55:00;24:00:00;287;19.13;27
E4S 56,780;20220616;00:00:00;00:05:00;0;21.32;35
E4S 56,780;20220616;00:05:00;00:10:00;1;20.36;28
E4S 56,780;20220616;00:10:00;00:15:00;2;19.91;21
E4S 56,780;20220616;00:15:00;00:20:00;3;21.37;27
E4S 56,780;20220616;00:20:00;00:25:00;4;18.93;42
E4S 56,780;20220616;00:25:00;00:30:00;5;20.75;22
E4S 56,780;20220616;00:30:00;00:35:00;6;19.87;19
E4S 56,780;20220616;00:35:00;00:40:00;7;20.56;27
E4S 56,780;20220616;00:40:00;00:45:00;8;19.59;25
E4S 56,780;20220616;00:45:00;00:50:00;9;20.59;25
E4S 56,780;20220616;00:50:00;00:55:00;10;20.50;27
E4S 56,780;20220616;00:55:00;01:00:00;11;19.14;26
E4S 56,780;20220616;01:00:00;01:05:00;12;20.61;39
E4S 56,780;20220616;01:05:00;01:10:00;13;20.66;17
E4S 56,780;20220616;01:10:00;01:15:00;14;20.19;23
E4S 56,780;20220616;01:15:00;01:20:00;15;20.23;27
E4S 56,780;20220616;01:20:00;01:25:00;16;19.79;27
E4S 56,780;20220616;01:25:00;01:30:00;17;20.04;27
E4S 56,780;20220616;01:30:00;01:35:00;18;22.07;30
E4S 56,780;20220616;01:35:00;01:40:00;19;20.48;23
E4S 56,780;20220616;01:40:00;01:45:00;20;20.68;24
E4S 56,780;20220616;01:45:00;01:50:00;21;20.10;30
E4S 56,780;20220616;01:50:00;01:55:00;22;20.46;31
E4S 56,780;20220616;01:55:00;02:00:00;23;20.99;37
E4S 56,780;20220616;02:00:00;02:05:00;24;20.64;24
E4S 56,780;20220616;02:05:00;02:10:00;25;20.36;34
E4S 56,780;20220616;02:10:00;02:15:00;26;21.40;23
E4S 56,780;20220616;02:15:00;02:20:00;27;21.01;40
E4S 56,780;20220616;02:20:00;02:25:00;28;21.93;39
E4S 56,780;20220616;02:25:00;02:30:00;29;21.80;32
E4S 56,780;20220616;02:30:00;02:35:00;30;21.89;46
E4S 56,780;20220616;02:35:00;02:40:00;31;21.42;40
E4S 56,780;20220616;02:40:00;02:45:00;32;21.46;44
E4S 56,780;20220616;02:45:00;02:50:00;33;21.30;47
E4S 56,780;20220616;02:50:00;02:55:00;34;22.65;39
E4S 56,780;20220616;02:55:00;03:00:00;35;21.06;58
E4S 56,780;20220616;03:00:00;03:05:00;36;20.47;49
E4S 56,780;20220616;03:05:00;03:10:00;37;21.36;58
E4S 56,780;20220616;03:10:00;03:15:00;38;21.31;65
E4S 56,780;20220616;03:15:00;03:20:00;39;22.02;66
E4S 56,780;20220616;03:20:00;03:25:00;40;22.44;82
E4S 56,780;20220616;03:25:00;03:30:00;41;22.27;92
E4S 56,780;20220616;03:30:00;03:35:00;42;22.44;128
E4S 56,780;20220616;03:35:00;03:40:00;43;21.64;117
E4S 56,780;20220616;03:40:00;03:45:00;44;21.79;145
E4S 56,780;20220616;03:45:00;03:50:00;45;21.22;188
E4S 56,780;20220616;03:50:00;03:55:00;46;21.99;195
E4S 56,780;20220616;03:55:00;04:00:00;47;21.45;192
E4S 56,780;20220616;04:00:00;04:05:00;48;21.23;157
E4S 56,780;20220616;04:05:00;04:10:00;49;21.71;160
E4S 56,780;20220616;04:10:00;04:15:00;50;21.38;203
E4S 56,780;20220616;04:15:00;04:20:00;51;20.03;255
E4S 56,780;20220616;04:20:00;04:25:00;52;20.65;263
E4S 56,780;20220616;04:25:00;04:30:00;53;20.22;266
E4S 56,780;20220616;04:30:00;04:35:00;54;19.81;289
E4S 56,780;20220616;04:35:00;04:40:00;55;20.95;277
E4S 56,780;20220616;04:40:00;04:45:00;56;19.59;313
E4S 56,780;20220616;04:45:00;04:50:00;57;19.89;280
E4S 56,780;20220616;04:50:00;04:55:00;58;20.02;326
E4S 56,780;20220616;04:55:00;05:00:00;59;19.95;315
E4S 56,780;20220616;05:00:00;05:05:00;60;20.16;274
E4S 56,780;20220616;05:05:00;05:10:00;61;20.15;258
E4S 56,780;20220616;05:10:00;05:15:00;62;19.37;302
E4S 56,780;20220616;05:15:00;05:20:00;63;19.00;304
E4S 56,780;20220616;05:20:00;05:25:00;64;18.82;338
E4S 56,780;20220616;05:25:00;05:30:00;65;18.69;343
E4S 56,780;20220616;05:30:00;05:35:00;66;18.76;345
E4S 56,780;20220616;05:35:00;05:40:00;67;18.52;348
E4S 56,780;20220616;05:40:00;05:45:00;68;18.76;357
E4S 56,780;20220616;05:45:00;05:50:00;69;19.12;322
E4S 56,780;20220616;05:50:00;05:55:00;70;18.61;301
E4S 56,780;20220616;05:55:00;06:00:00;71;18.63;299
E4S 56,780;20220616;06:00:00;06:05:00;72;18.95;289
E4S 56,780;20220616;06:05:00;06:10:00;73;18.18;312
E4S 56,780;20220616;06:10:00;06:15:00;74;19.87;278
E4S 56,780;20220616;06:15:00;06:20:00;75;18.77;296
E4S 56,780;20220616;06:20:00;06:25:00;76;18.76;327
E4S 56,780;20220616;06:25:00;06:30:00;77;18.83;327
E4S 56,780;20220616;06:30:00;06:35:00;78;18.55;307
E4S 56,780;20220616;06:35:00;06:40:00;79;18.39;349
E4S 56,780;20220616;06:40:00;06:45:00;80;17.89;388
E4S 56,780;20220616;06:45:00;06:50:00;81;18.30;353
E4S 56,780;20220616;06:50:00;06:55:00;82;18.03;344
E4S 56,780;20220616;06:55:00;07:00:00;83;18.89;308
E4S 56,780;20220616;07:00:00;07:05:00;84;18.40;334
E4S 56,780;20220616;07:05:00;07:10:00;85;18.62;308
E4S 56,780;20220616;07:10:00;07:15:00;86;18.13;323
E4S 56,780;20220616;07:15:00;07:20:00;87;17.89;320
E4S 56,780;20220616;07:20:00;07:25:00;88;17.81;308
E4S 56,780;20220616;07:25:00;07:30:00;89;18.13;324
E4S 56,780;20220616;07:30:00;07:35:00;90;17.77;334
E4S 56,780;20220616;07:35:00;07:40:00;91;17.68;333
E4S 56,780;20220616;07:40:00;07:45:00;92;17.77;322
E4S 56,780;20220616;07:45:00;07:50:00;93;18.00;311
E4S 56,780;20220616;07:50:00;07:55:00;94;17.83;337
E4S 56,780;20220616;07:55:00;08:00:00;95;18.40;285
E4S 56,780;20220616;08:00:00;08:05:00;96;17.95;292
E4S 56,780;20220616;08:05:00;08:10:00;97;18.03;312
E4S 56,780;20220616;08:10:00;08:15:00;98;18.14;297
E4S 56,780;20220616;08:15:00;08:20:00;99;18.35;326
E4S 56,780;20220616;08:20:00;08:25:00;100;18.02;308
E4S 56,780;20220616;08:25:00;08:30:00;101;17.45;358
E4S 56,780;20220616;08:30:00;08:35:00;102;17.58;334
E4S 56,780;20220616;08:35:00;08:40:00;103;18.57;256
E4S 56,780;20220616;08:40:00;08:45:00;104;18.25;311
E4S 56,780;20220616;08:45:00;08:50:00;105;16.08;412
E4S 56,780;20220616;08:50:00;08:55:00;106;17.48;339
E4S 56,780;20220616;08:55:00;09:00:00;107;18.06;306
E4S 56,780;20220616;09:00:00;09:05:00;108;17.85;312
E4S 56,780;20220616;09:05:00;09:10:00;109;17.74;317
E4S 56,780;20220616;09:10:00;09:15:00;110;18.14;316
E4S 56,780;20220616;09:15:00;09:20:00;111;18.03;318
E4S 56,780;20220616;09:20:00;09:25:00;112;18.44;310
E4S 56,780;20220616;09:25:00;09:30:00;113;17.93;321
E4S 56,780;20220616;09:30:00;09:35:00;114;17.78;299
E4S 56,780;20220616;09:35:00;09:40:00;115;18.20;295
E4S 56,780;20220616;09:40:00;09:45:00;116;17.62;333
E4S 56,780;20220616;09:45:00;09:50:00;117;17.89;330
E4S 56,780;20220616;09:50:00;09:55:00;118;18.22;285
E4S 56,780;20220616;09:55:00;10:00:00;119;18.38;326
E4S 56,780;20220616;10:00:00;10:05:00;120;18.34;308
E4S 56,780;20220616;10:05:00;10:10:00;121;17.27;341
E4S 56,780;20220616;10:10:00;10:15:00;122;17.51;336
E4S 56,780;20220616;10:15:00;10:20:00;123;16.66;366
E4S 56,780;20220616;10:20:00;10:25:00;124;17.86;310
E4S 56,780;20220616;10:25:00;10:30:00;125;18.01;338
E4S 56,780;20220616;10:30:00;10:35:00;126;17.75;326
E4S 56,780;20220616;10:35:00;10:40:00;127;17.45;373
E4S 56,780;20220616;10:40:00;10:45:00;128;18.09;313
E4S 56,780;20220616;10:45:00;10:50:00;129;17.05;337
E4S 56,780;20220616;10:50:00;10:55:00;130;18.00;290
E4S 56,780;20220616;10:55:00;11:00:00;131;17.64;335
E4S 56,780;20220616;11:00:00;11:05:00;132;18.15;302
E4S 56,780;20220616;11:05:00;11:10:00;133;17.45;322
E4S 56,780;20220616;11:10:00;11:15:00;134;17.68;337
E4S 56,780;20220616;11:15:00;11:20:00;135;17.96;332
E4S 56,780;20220616;11:20:00;11:25:00;136;17.32;359
E4S 56,780;20220616;11:25:00;11:30:00;137;17.65;372
E4S 56,780;20220616;11:30:00;11:35:00;138;17.28;337
E4S 56,780;20220616;11:35:00;11:40:00;139;16.99;403
E4S 56,780;20220616;11:40:00;11:45:00;140;16.98;329
E4S 56,780;20220616;11:45:00;11:50:00;141;17.00;351
E4S 56,780;20220616;11:50:00;11:55:00;142;17.18;371
E4S 56,780;20220616;11:55:00;12:00:00;143;18.27;289
E4S 56,780;20220616;12:00:00;12:05:00;144;16.90;385
E4S 56,780;20220616;12:05:00;12:10:00;145;16.60;407
E4S 56,780;20220616;12:10:00;12:15:00;146;16.74;362
E4S 56,780;20220616;12:15:00;12:20:00;147;13.51;380
E4S 56,780;20220616;12:20:00;12:25:00;148;13.42;368
E4S 56,780;20220616;12:25:00;12:30:00;149;11.11;334
E4S 56,780;20220616;12:30:00;12:35:00;150;12.29;350
E4S 56,780;20220616;12:35:00;12:40:00;151;9.03;296
E4S 56,780;20220616;12:40:00;12:45:00;152;9.70;334
E4S 56,780;20220616;12:45:00;12:50:00;153;11.95;357
E4S 56,780;20220616;12:50:00;12:55:00;154;12.66;368
E4S 56,780;20220616;12:55:00;13:00:00;155;12.17;323
E4S 56,780;20220616;13:00:00;13:05:00;156;11.17;354
E4S 56,780;20220616;13:05:00;13:10:00;157;11.58;374
E4S 56,780;20220616;13:10:00;13:15:00;158;10.80;340
E4S 56,780;20220616;13:15:00;13:20:00;159;10.24;320
E4S 56,780;20220616;13:20:00;13:25:00;160;9.70;330
E4S 56,780;20220616;13:25:00;13:30:00;161;9.78;340
E4S 56,780;20220616;13:30:00;13:35:00;162;10.53;303
E4S 56,780;20220616;13:35:00;13:40:00;163;8.99;325
E4S 56,780;20220616;13:40:00;13:45:00;164;8.83;283
E4S 56,780;20220616;13:45:00;13:50:00;165;10.23;332
E4S 56,780;20220616;13:50:00;13:55:00;166;9.94;281
E4S 56,780;20220616;13:55:00;14:00:00;167;10.40;323
E4S 56,780;20220616;14:00:00;14:05:00;168;7.51;256
E4S 56,780;20220616;14:05:00;14:10:00;169;9.41;241
E4S 56,780;20220616;14:10:00;14:15:00;170;11.27;358
E4S 56,780;20220616;14:15:00;14:20:00;171;9.13;291
E4S 56,780;20220616;14:20:00;14:25:00;172;8.13;328
E4S 56,780;20220616;14:25:00;14:30:00;173;8.36;280
E4S 56,780;20220616;14:30:00;14:35:00;174;7.36;286
E4S 56,780;20220616;14:35:00;14:40:00;175;7.31;280
E4S 56,780;20220616;14:40:00;14:45:00;176;7.72;318
E4S 56,780;20220616;14:45:00;14:50:00;177;9.52;320
E4S 56,780;20220616;14:50:00;14:55:00;178;8.00;278
E4S 56,780;20220616;14:55:00;15:00:00;179;10.79;352
E4S 56,780;20220616;15:00:00;15:05:00;180;9.45;310
E4S 56,780;20220616;15:05:00;15:10:00;181;8.43;297
E4S 56,780;20220616;15:10:00;15:15:00;182;7.39;249
E4S 56,780;20220616;15:15:00;15:20:00;183;5.49;227
E4S 56,780;20220616;15:20:00;15:25:00;184;9.64;255
E4S 56,780;20220616;15:25:00;15:30:00;185;11.41;317
E4S 56,780;20220616;15:30:00;15:35:00;186;13.00;378
E4S 56,780;20220616;15:35:00;15:40:00;187;12.58;346
E4S 56,780;20220616;15:40:00;15:45:00;188;9.94;345
E4S 56,780;20220616;15:45:00;15:50:00;189;9.54;296
E4S 56,780;20220616;15:50:00;15:55:00;190;10.01;327
E4S 56,780;20220616;15:55:00;16:00:00;191;10.94;347
E4S 56,780;20220616;16:00:00;16:05:00;192;10.05;340
E4S 56,780;20220616;16:05:00;16:10:00;193;11.15;373
E4S 56,780;20220616;16:10:00;16:15:00;194;10.63;342
E4S 56,780;20220616;16:15:00;16:20:00;195;9.64;352
E4S 56,780;20220616;16:20:00;16:25:00;196;12.99;324
E4S 56,780;20220616;16:25:00;16:30:00;197;13.88;219
E4S 56,780;20220616;16:30:00;16:35:00;198;12.76;189
E4S 56,780;20220616;16:35:00;16:40:00;199;11.48;96
E4S 56,780;20220616;16:40:00;16:45:00;200;12.49;291
E4S 56,780;20220616;16:45:00;16:50:00;201;13.85;333
E4S 56,780;20220616;16:50:00;16:55:00;202;15.53;296
E4S 56,780;20220616;16:55:00;17:00:00;203;16.63;332
E4S 56,780;20220616;17:00:00;17:05:00;204;16.72;283
E4S 56,780;20220616;17:05:00;17:10:00;205;16.31;290
E4S 56,780;20220616;17:10:00;17:15:00;206;16.51;285
E4S 56,780;20220616;17:15:00;17:20:00;207;15.99;282
E4S 56,780;20220616;17:20:00;17:25:00;208;17.06;255
E4S 56,780;20220616;17:25:00;17:30:00;209;17.66;294
E4S 56,780;20220616;17:30:00;17:35:00;210;18.59;233
E4S 56,780;20220616;17:35:00;17:40:00;211;18.07;256
E4S 56,780;20220616;17:40:00;17:45:00;212;17.87;242
E4S 56,780;20220616;17:45:00;17:50:00;213;17.15;249
E4S 56,780;20220616;17:50:00;17:55:00;214;17.88;238
E4S 56,780;20220616;17:55:00;18:00:00;215;17.28;213
E4S 56,780;20220616;18:00:00;18:05:00;216;17.94;262
E4S 56,780;20220616;18:05:00;18:10:00;217;18.40;215
E4S 56,780;20220616;18:10:00;18:15:00;218;18.20;234
E4S 56,780;20220616;18:15:00;18:20:00;219;17.89;218
E4S 56,780;20220616;18:20:00;18:25:00;220;18.47;219
E4S 56,780;20220616;18:25:00;18:30:00;221;18.56;171
E4S 56,780;20220616;18:30:00;18:35:00;222;18.32;196
E4S 56,780;20220616;18:35:00;18:40:00;223;18.39;168
E4S 56,780;20220616;18:40:00;18:45:00;224;18.71;157
E4S 56,780;20220616;18:45:00;18:50:00;225;19.16;149
E4S 56,780;20220616;18:50:00;18:55:00;226;19.71;143
E4S 56,780;20220616;18:55:00;19:00:00;227;19.03;169
E4S 56,780;20220616;19:00:00;19:05:00;228;18.65;164
E4S 56,780;20220616;19:05:00;19:10:00;229;19.46;163
E4S 56,780;20220616;19:10:00;19:15:00;230;19.17;196
E4S 56,780;20220616;19:15:00;19:20:00;231;18.35;270
E4S 56,780;20220616;19:20:00;19:25:00;232;18.61;270
E4S 56,780;20220616;19:25:00;19:30:00;233;19.48;185
E4S 56,780;20220616;19:30:00;19:35:00;234;20.09;180
E4S 56,780;20220616;19:35:00;19:40:00;235;19.10;179
E4S 56,780;20220616;19:40:00;19:45:00;236;20.09;152
E4S 56,780;20220616;19:45:00;19:50:00;237;19.46;186
E4S 56,780;20220616;19:50:00;19:55:00;238;19.69;169
E4S 56,780;20220616;19:55:00;20:00:00;239;19.39;154
E4S 56,780;20220616;20:00:00;20:05:00;240;19.69;160
E4S 56,780;20220616;20:05:00;20:10:00;241;19.98;138
E4S 56,780;20220616;20:10:00;20:15:00;242;19.51;126
E4S 56,780;20220616;20:15:00;20:20:00;243;19.68;132
E4S 56,780;20220616;20:20:00;20:25:00;244;19.12;137
E4S 56,780;20220616;20:25:00;20:30:00;245;19.64;127
E4S 56,780;20220616;20:30:00;20:35:00;246;19.29;134
E4S 56,780;20220616;20:35:00;20:40:00;247;19.71;112
E4S 56,780;20220616;20:40:00;20:45:00;248;19.81;130
E4S 56,780;20220616;20:45:00;20:50:00;249;20.11;114
E4S 56,780;20220616;20:50:00;20:55:00;250;20.48;110
E4S 56,780;20220616;20:55:00;21:00:00;251;19.39;128
E4S 56,780;20220616;21:00:00;21:05:00;252;19.83;108
E4S 56,780;20220616;21:05:00;21:10:00;253;19.10;99
E4S 56,780;20220616;21:10:00;21:15:00;254;19.88;74
E4S 56,780;20220616;21:15:00;21:20:00;255;18.68;99
E4S 56,780;20220616;21:20:00;21:25:00;256;20.68;87
E4S 56,780;20220616;21:25:00;21:30:00;257;19.88;94
E4S 56,780;20220616;21:30:00;21:35:00;258;19.45;72
E4S 56,780;20220616;21:35:00;21:40:00;259;19.47;52
E4S 56,780;20220616;21:40:00;21:45:00;260;19.53;73
E4S 56,780;20220616;21:45:00;21:50:00;261;19.48;39
E4S 56,780;20220616;21:50:00;21:55:00;262;19.62;72
E4S 56,780;20220616;21:55:00;22:00:00;263;21.01;60
E4S 56,780;20220616;22:00:00;22:05:00;264;19.66;57
E4S 56,780;20220616;22:05:00;22:10:00;265;20.61;33
E4S 56,780;20220616;22:10:00;22:15:00;266;20.17;46
E4S 56,780;20220616;22:15:00;22:20:00;267;19.85;47
E4S 56,780;20220616;22:20:00;22:25:00;268;19.28;47
E4S 56,780;20220616;22:25:00;22:30:00;269;19.97;68
E4S 56,780;20220616;22:30:00;22:35:00;270;19.51;48
E4S 56,780;20220616;22:35:00;22:40:00;271;19.53;59
E4S 56,780;20220616;22:40:00;22:45:00;272;18.92;59
E4S 56,780;20220616;22:45:00;22:50:00;273;19.31;67
E4S 56,780;20220616;22:50:00;22:55:00;274;19.56;56
E4S 56,780;20220616;22:55:00;23:00:00;275;21.03;47
E4S 56,780;20220616;23:00:00;23:05:00;276;20.20;54
E4S 56,780;20220616;23:05:00;23:10:00;277;21.02;37
E4S 56,780;20220616;23:10:00;23:15:00;278;20.39;47
E4S 56,780;20220616;23:15:00;23:20:00;279;19.67;37
E4S 56,780;20220616;23:20:00;23:25:00;280;20.59;31
E4S 56,780;20220616;23:25:00;23:30:00;281;20.63;24
E4S 56,780;20220616;23:30:00;23:35:00;282;21.85;30
E4S 56,780;20220616;23:35:00;23:40:00;283;19.33;35
E4S 56,780;20220616;23:40:00;23:45:00;284;20.06;36
E4S 56,780;20220616;23:45:00;23:50:00;285;19.30;37
E4S 56,780;20220616;23:50:00;23:55:00;286;19.41;37
E4S 56,780;20220616;23:55:00;24:00:00;287;20.55;27
E4S 56,780;20220619;00:00:00;00:05:00;0;20.82;53
E4S 56,780;20220619;00:05:00;00:10:00;1;21.08;55
E4S 56,780;20220619;00:10:00;00:15:00;2;20.53;59
E4S 56,780;20220619;00:15:00;00:20:00;3;20.49;59
E4S 56,780;20220619;00:20:00;00:25:00;4;20.39;64
E4S 56,780;20220619;00:25:00;00:30:00;5;19.35;53
E4S 56,780;20220619;00:30:00;00:35:00;6;21.79;44
E4S 56,780;20220619;00:35:00;00:40:00;7;20.29;43
E4S 56,780;20220619;00:40:00;00:45:00;8;20.77;45
E4S 56,780;20220619;00:45:00;00:50:00;9;20.95;53
E4S 56,780;20220619;00:50:00;00:55:00;10;20.30;43
E4S 56,780;20220619;00:55:00;01:00:00;11;21.35;39
E4S 56,780;20220619;01:00:00;01:05:00;12;20.98;35
E4S 56,780;20220619;01:05:00;01:10:00;13;21.48;38
E4S 56,780;20220619;01:10:00;01:15:00;14;20.71;40
E4S 56,780;20220619;01:15:00;01:20:00;15;21.24;44
E4S 56,780;20220619;01:20:00;01:25:00;16;21.11;46
E4S 56,780;20220619;01:25:00;01:30:00;17;21.59;31
E4S 56,780;20220619;01:30:00;01:35:00;18;20.93;52
E4S 56,780;20220619;01:35:00;01:40:00;19;21.38;55
E4S 56,780;20220619;01:40:00;01:45:00;20;21.24;36
E4S 56,780;20220619;01:45:00;01:50:00;21;20.96;36
E4S 56,780;20220619;01:50:00;01:55:00;22;20.08;35
E4S 56,780;20220619;01:55:00;02:00:00;23;21.12;32
E4S 56,780;20220619;02:00:00;02:05:00;24;21.66;27
E4S 56,780;20220619;02:05:00;02:10:00;25;20.80;40
E4S 56,780;20220619;02:10:00;02:15:00;26;21.82;32
E4S 56,780;20220619;02:15:00;02:20:00;27;22.20;27
E4S 56,780;20220619;02:20:00;02:25:00;28;20.25;31
E4S 56,780;20220619;02:25:00;02:30:00;29;20.87;32
E4S 56,780;20220619;02:30:00;02:35:00;30;21.35;24
E4S 56,780;20220619;02:35:00;02:40:00;31;21.84;20
E4S 56,780;20220619;02:40:00;02:45:00;32;20.16;24
E4S 56,780;20220619;02:45:00;02:50:00;33;22.00;31
E4S 56,780;20220619;02:50:00;02:55:00;34;21.13;24
E4S 56,780;20220619;02:55:00;03:00:00;35;20.30;27
E4S 56,780;20220619;03:00:00;03:05:00;36;20.94;33
E4S 56,780;20220619;03:05:00;03:10:00;37;22.09;25
E4S 56,780;20220619;03:10:00;03:15:00;38;19.84;22
E4S 56,780;20220619;03:15:00;03:20:00;39;21.41;36
E4S 56,780;20220619;03:20:00;03:25:00;40;21.13;30
E4S 56,780;20220619;03:25:00;03:30:00;41;21.88;33
E4S 56,780;20220619;03:30:00;03:35:00;42;21.10;46
E4S 56,780;20220619;03:35:00;03:40:00;43;22.10;41
E4S 56,780;20220619;03:40:00;03:45:00;44;21.86;36
E4S 56,780;20220619;03:45:00;03:50:00;45;20.65;40
E4S 56,780;20220619;03:50:00;03:55:00;46;20.51;42
E4S 56,780;20220619;03:55:00;04:00:00;47;21.18;39
E4S 56,780;20220619;04:00:00;04:05:00;48;21.18;48
E4S 56,780;20220619;04:05:00;04:10:00;49;21.38;35
E4S 56,780;20220619;04:10:00;04:15:00;50;20.85;47
E4S 56,780;20220619;04:15:00;04:20:00;51;21.07;60
E4S 56,780;20220619;04:20:00;04:25:00;52;21.16;68
E4S 56,780;20220619;04:25:00;04:30:00;53;21.52;77
E4S 56,780;20220619;04:30:00;04:35:00;54;21.40;73
E4S 56,780;20220619;04:35:00;04:40:00;55;21.35;54
E4S 56,780;20220619;04:40:00;04:45:00;56;21.69;53
E4S 56,780;20220619;04:45:00;04:50:00;57;21.69;61
E4S 56,780;20220619;04:50:00;04:55:00;58;21.59;59
E4S 56,780;20220619;04:55:00;05:00:00;59;20.34;48
E4S 56,780;20220619;05:00:00;05:05:00;60;22.13;55
E4S 56,780;20220619;05:05:00;05:10:00;61;21.20;61
E4S 56,780;20220619;05:10:00;05:15:00;62;21.56;58
E4S 56,780;20220619;05:15:00;05:20:00;63;21.24;69
E4S 56,780;20220619;05:20:00;05:25:00;64;21.34;62
E4S 56,780;20220619;05:25:00;05:30:00;65;20.62;81
E4S 56,780;20220619;05:30:00;05:35:00;66;20.16;91
E4S 56,780;20220619;05:35:00;05:40:00;67;19.92;85
E4S 56,780;20220619;05:40:00;05:45:00;68;21.10;78
E4S 56,780;20220619;05:45:00;05:50:00;69;20.59;83
E4S 56,780;20220619;05:50:00;05:55:00;70;21.33;70
E4S 56,780;20220619;05:55:00;06:00:00;71;20.64;82
E4S 56,780;20220619;06:00:00;06:05:00;72;21.69;79
E4S 56,780;20220619;06:05:00;06:10:00;73;20.66;97
E4S 56,780;20220619;06:10:00;06:15:00;74;20.30;99
E4S 56,780;20220619;06:15:00;06:20:00;75;20.49;108
E4S 56,780;20220619;06:20:00;06:25:00;76;20.81;113
E4S 56,780;20220619;06:25:00;06:30:00;77;21.15;109
E4S 56,780;20220619;06:30:00;06:35:00;78;21.37;100
E4S 56,780;20220619;06:35:00;06:40:00;79;20.90;118
E4S 56,780;20220619;06:40:00;06:45:00;80;20.97;134
E4S 56,780;20220619;06:45:00;06:50:00;81;21.96;116
E4S 56,780;20220619;06:50:00;06:55:00;82;20.20;137
E4S 56,780;20220619;06:55:00;07:00:00;83;20.32;123
E4S 56,780;20220619;07:00:00;07:05:00;84;20.16;132
E4S 56,780;20220619;07:05:00;07:10:00;85;20.55;128
E4S 56,780;20220619;07:10:00;07:15:00;86;20.21;151
E4S 56,780;20220619;07:15:00;07:20:00;87;20.19;153
E4S 56,780;20220619;07:20:00;07:25:00;88;20.05;157
E4S 56,780;20220619;07:25:00;07:30:00;89;19.77;157
E4S 56,780;20220619;07:30:00;07:35:00;90;20.05;207
E4S 56,780;20220619;07:35:00;07:40:00;91;19.89;180
E4S 56,780;20220619;07:40:00;07:45:00;92;19.46;170
E4S 56,780;20220619;07:45:00;07:50:00;93;21.26;181
E4S 56,780;20220619;07:50:00;07:55:00;94;20.01;160
E4S 56,780;20220619;07:55:00;08:00:00;95;19.87;182
E4S 56,780;20220619;08:00:00;08:05:00;96;20.12;167
E4S 56,780;20220619;08:05:00;08:10:00;97;19.68;207
E4S 56,780;20220619;08:10:00;08:15:00;98;19.03;194
E4S 56,780;20220619;08:15:00;08:20:00;99;18.88;219
E4S 56,780;20220619;08:20:00;08:25:00;100;19.55;225
E4S 56,780;20220619;08:25:00;08:30:00;101;19.72;234
E4S 56,780;20220619;08:30:00;08:35:00;102;19.56;264
E4S 56,780;20220619;08:35:00;08:40:00;103;19.36;252
E4S 56,780;20220619;08:40:00;08:45:00;104;18.96;246
E4S 56,780;20220619;08:45:00;08:50:00;105;19.32;233
E4S 56,780;20220619;08:50:00;08:55:00;106;18.60;246
E4S 56,780;20220619;08:55:00;09:00:00;107;19.15;244
E4S 56,780;20220619;09:00:00;09:05:00;108;18.60;274
E4S 56,780;20220619;09:05:00;09:10:00;109;18.39;268
E4S 56,780;20220619;09:10:00;09:15:00;110;18.35;279
E4S 56,780;20220619;09:15:00;09:20:00;111;18.45;270
E4S 56,780;20220619;09:20:00;09:25:00;112;18.83;241
E4S 56,780;20220619;09:25:00;09:30:00;113;18.29;251
E4S 56,780;20220619;09:30:00;09:35:00;114;18.40;294
E4S 56,780;20220619;09:35:00;09:40:00;115;18.17;272
E4S 56,780;20220619;09:40:00;09:45:00;116;18.45;268
E4S 56,780;20220619;09:45:00;09:50:00;117;18.41;288
E4S 56,780;20220619;09:50:00;09:55:00;118;18.98;250
E4S 56,780;20220619;09:55:00;10:00:00;119;18.56;258
E4S 56,780;20220619;10:00:00;10:05:00;120;18.22;284
E4S 56,780;20220619;10:05:00;10:10:00;121;18.37;251
E4S 56,780;20220619;10:10:00;10:15:00;122;18.91;284
E4S 56,780;20220619;10:15:00;10:20:00;123;18.06;294
E4S 56,780;20220619;10:20:00;10:25:00;124;18.31;286
E4S 56,780;20220619;10:25:00;10:30:00;125;18.04;291
E4S 56,780;20220619;10:30:00;10:35:00;126;17.86;335
E4S 56,780;20220619;10:35:00;10:40:00;127;18.44;275
E4S 56,780;20220619;10:40:00;10:45:00;128;18.31;315
E4S 56,780;20220619;10:45:00;10:50:00;129;17.90;297
E4S 56,780;20220619;10:50:00;10:55:00;130;17.91;284
E4S 56,780;20220619;10:55:00;11:00:00;131;18.34;293
E4S 56,780;20220619;11:00:00;11:05:00;132;18.34;286
E4S 56,780;20220619;11:05:00;11:10:00;133;18.60;265
E4S 56,780;20220619;11:10:00;11:15:00;134;18.06;329
E4S 56,780;20220619;11:15:00;11:20:00;135;18.13;325
E4S 56,780;20220619;11:20:00;11:25:00;136;17.76;325
E4S 56,780;20220619;11:25:00;11:30:00;137;18.15;268
E4S 56,780;20220619;11:30:00;11:35:00;138;17.94;267
E4S 56,780;20220619;11:35:00;11:40:00;139;17.66;319
E4S 56,780;20220619;11:40:00;11:45:00;140;17.71;356
E4S 56,780;20220619;11:45:00;11:50:00;141;17.86;284
E4S 56,780;20220619;11:50:00;11:55:00;142;17.79;300
E4S 56,780;20220619;11:55:00;12:00:00;143;18.24;314
E4S 56,780;20220619;12:00:00;12:05:00;144;18.07;304
E4S 56,780;20220619;12:05:00;12:10:00;145;18.85;273
E4S 56,780;20220619;12:10:00;12:15:00;146;18.07;281
E4S 56,780;20220619;12:15:00;12:20:00;147;17.89;273
E4S 56,780;20220619;12:20:00;12:25:00;148;18.33;294
E4S 56,780;20220619;12:25:00;12:30:00;149;18.56;295
E4S 56,780;20220619;12:30:00;12:35:00;150;17.47;273
E4S 56,780;20220619;12:35:00;12:40:00;151;17.77;301
E4S 56,780;20220619;12:40:00;12:45:00;152;19.01;273
E4S 56,780;20220619;12:45:00;12:50:00;153;17.64;305
E4S 56,780;20220619;12:50:00;12:55:00;154;17.82;326
E4S 56,780;20220619;12:55:00;13:00:00;155;17.12;283
E4S 56,780;20220619;13:00:00;13:05:00;156;12.90;340
E4S 56,780;20220619;13:05:00;13:10:00;157;16.26;327
E4S 56,780;20220619;13:10:00;13:15:00;158;17.93;348
E4S 56,780;20220619;13:15:00;13:20:00;159;17.29;359
E4S 56,780;20220619;13:20:00;13:25:00;160;17.75;341
E4S 56,780;20220619;13:25:00;13:30:00;161;17.29;324
E4S 56,780;20220619;13:30:00;13:35:00;162;17.83;328
E4S 56,780;20220619;13:35:00;13:40:00;163;17.80;303
E4S 56,780;20220619;13:40:00;13:45:00;164;17.52;335
E4S 56,780;20220619;13:45:00;13:50:00;165;17.45;343
E4S 56,780;20220619;13:50:00;13:55:00;166;16.53;337
E4S 56,780;20220619;13:55:00;14:00:00;167;16.86;368
E4S 56,780;20220619;14:00:00;14:05:00;168;17.66;321
E4S 56,780;20220619;14:05:00;14:10:00;169;18.18;267
E4S 56,780;20220619;14:10:00;14:15:00;170;17.48;343
E4S 56,780;20220619;14:15:00;14:20:00;171;16.89;329
E4S 56,780;20220619;14:20:00;14:25:00;172;17.70;332
E4S 56,780;20220619;14:25:00;14:30:00;173;17.29;327
E4S 56,780;20220619;14:30:00;14:35:00;174;17.45;340
E4S 56,780;20220619;14:35:00;14:40:00;175;17.30;323
E4S 56,780;20220619;14:40:00;14:45:00;176;16.76;359
E4S 56,780;20220619;14:45:00;14:50:00;177;17.00;319
E4S 56,780;20220619;14:50:00;14:55:00;178;17.76;285
E4S 56,780;20220619;14:55:00;15:00:00;179;17.36;309
E4S 56,780;20220619;15:00:00;15:05:00;180;16.97;308
E4S 56,780;20220619;15:05:00;15:10:00;181;16.67;314
E4S 56,780;20220619;15:10:00;15:15:00;182;17.70;293
E4S 56,780;20220619;15:15:00;15:20:00;183;16.99;301
E4S 56,780;20220619;15:20:00;15:25:00;184;17.30;327
E4S 56,780;20220619;15:25:00;15:30:00;185;17.68;301
E4S 56,780;20220619;15:30:00;15:35:00;186;17.35;326
E4S 56,780;20220619;15:35:00;15:40:00;187;17.86;297
E4S 56,780;20220619;15:40:00;15:45:00;188;18.52;263
E4S 56,780;20220619;15:45:00;15:50:00;189;17.27;317
E4S 56,780;20220619;15:50:00;15:55:00;190;17.70;327
E4S 56,780;20220619;15:55:00;16:00:00;191;17.65;269
E4S 56,780;20220619;16:00:00;16:05:00;192;18.36;253
E4S 56,780;20220619;16:05:00;16:10:00;193;18.24;278
E4S 56,780;20220619;16:10:00;16:15:00;194;17.68;300
E4S 56,780;20220619;16:15:00;16:20:00;195;17.43;294
E4S 56,780;20220619;16:20:00;16:25:00;196;17.41;300
E4S 56,780;20220619;16:25:00;16:30:00;197;17.21;290
E4S 56,780;20220619;16:30:00;16:35:00;198;17.55;281
E4S 56,780;20220619;16:35:00;16:40:00;199;17.83;291
E4S 56,780;20220619;16:40:00;16:45:00;200;18.02;289
E4S 56,780;20220619;16:45:00;16:50:00;201;17.38;291
E4S 56,780;20220619;16:50:00;16:55:00;202;18.02;280
E4S 56,780;20220619;16:55:00;17:00:00;203;17.78;337
E4S 56,780;20220619;17:00:00;17:05:00;204;18.14;300
E4S 56,780;20220619;17:05:00;17:10:00;205;17.96;281
E4S 56,780;20220619;17:10:00;17:15:00;206;18.56;260
E4S 56,780;20220619;17:15:00;17:20:00;207;18.07;271
E4S 56,780;20220619;17:20:00;17:25:00;208;18.75;227
E4S 56,780;20220619;17:25:00;17:30:00;209;18.79;219
E4S 56,780;20220619;17:30:00;17:35:00;210;18.56;261
E4S 56,780;20220619;17:35:00;17:40:00;211;18.87;247
E4S 56,780;20220619;17:40:00;17:45:00;212;18.99;223
E4S 56,780;20220619;17:45:00;17:50:00;213;18.00;217
E4S 56,780;20220619;17:50:00;17:55:00;214;18.37;197
E4S 56,780;20220619;17:55:00;18:00:00;215;19.20;207
E4S 56,780;20220619;18:00:00;18:05:00;216;19.24;231
E4S 56,780;20220619;18:05:00;18:10:00;217;18.89;219
E4S 56,780;20220619;18:10:00;18:15:00;218;19.05;212
E4S 56,780;20220619;18:15:00;18:20:00;219;18.87;249
E4S 56,780;20220619;18:20:00;18:25:00;220;17.77;242
E4S 56,780;20220619;18:25:00;18:30:00;221;18.51;238
E4S 56,780;20220619;18:30:00;18:35:00;222;18.23;230
E4S 56,780;20220619;18:35:00;18:40:00;223;18.91;209
E4S 56,780;20220619;18:40:00;18:45:00;224;18.74;221
E4S 56,780;20220619;18:45:00;18:50:00;225;19.32;189
E4S 56,780;20220619;18:50:00;18:55:00;226;18.68;220
E4S 56,780;20220619;18:55:00;19:00:00;227;18.87;237
E4S 56,780;20220619;19:00:00;19:05:00;228;19.12;211
E4S 56,780;20220619;19:05:00;19:10:00;229;19.43;199
E4S 56,780;20220619;19:10:00;19:15:00;230;19.11;203
E4S 56,780;20220619;19:15:00;19:20:00;231;19.14;201
E4S 56,780;20220619;19:20:00;19:25:00;232;18.99;217
E4S 56,780;20220619;19:25:00;19:30:00;233;20.34;171
E4S 56,780;20220619;19:30:00;19:35:00;234;19.44;168
E4S 56,780;20220619;19:35:00;19:40:00;235;19.32;202
E4S 56,780;20220619;19:40:00;19:45:00;236;19.48;160
E4S 56,780;20220619;19:45:00;19:50:00;237;18.92;172
E4S 56,780;20220619;19:50:00;19:55:00;238;19.42;193
E4S 56,780;20220619;19:55:00;20:00:00;239;20.73;148
E4S 56,780;20220619;20:00:00;20:05:00;240;19.19;167
E4S 56,780;20220619;20:05:00;20:10:00;241;19.43;136
E4S 56,780;20220619;20:10:00;20:15:00;242;20.26;163
E4S 56,780;20220619;20:15:00;20:20:00;243;19.79;149
E4S 56,780;20220619;20:20:00;20:25:00;244;20.06;120
E4S 56,780;20220619;20:25:00;20:30:00;245;20.25;101
E4S 56,780;20220619;20:30:00;20:35:00;246;20.06;124
E4S 56,780;20220619;20:35:00;20:40:00;247;19.87;108
E4S 56,780;20220619;20:40:00;20:45:00;248;19.93;115
E4S 56,780;20220619;20:45:00;20:50:00;249;19.98;118
E4S 56,780;20220619;20:50:00;20:55:00;250;19.76;114
E4S 56,780;20220619;20:55:00;21:00:00;251;20.00;96
E4S 56,780;20220619;21:00:00;21:05:00;252;19.45;72
E4S 56,780;20220619;21:05:00;21:10:00;253;20.33;82
E4S 56,780;20220619;21:10:00;21:15:00;254;19.33;83
E4S 56,780;20220619;21:15:00;21:20:00;255;20.22;78
E4S 56,780;20220619;21:20:00;21:25:00;256;19.45;85
E4S 56,780;20220619;21:25:00;21:30:00;257;19.81;65
E4S 56,780;20220619;21:30:00;21:35:00;258;19.95;71
E4S 56,780;20220619;21:35:00;21:40:00;259;20.15;69
E4S 56,780;20220619;21:40:00;21:45:00;260;20.02;71
E4S 56,780;20220619;21:45:00;21:50:00;261;19.85;52
E4S 56,780;20220619;21:50:00;21:55:00;262;20.42;58
E4S 56,780;20220619;21:55:00;22:00:00;263;19.84;55
E4S 56,780;20220619;22:00:00;22:05:00;264;20.22;59
E4S 56,780;20220619;22:05:00;22:10:00;265;19.98;48
E4S 56,780;20220619;22:10:00;22:15:00;266;19.65;45
E4S 56,780;20220619;22:15:00;22:20:00;267;20.54;34
E4S 56,780;20220619;22:20:00;22:25:00;268;20.37;45
E4S 56,780;20220619;22:25:00;22:30:00;269;20.74;61
E4S 56,780;20220619;22:30:00;22:35:00;270;20.41;41
E4S 56,780;20220619;22:35:00;22:40:00;271;19.88;41
E4S 56,780;20220619;22:40:00;22:45:00;272;21.27;50
E4S 56,780;20220619;22:45:00;22:50:00;273;19.31;46
E4S 56,780;20220619;22:50:00;22:55:00;274;20.77;44
E4S 56,780;20220619;22:55:00;23:00:00;275;20.79;40
E4S 56,780;20220619;23:00:00;23:05:00;276;20.09;31
E4S 56,780;20220619;23:05:00;23:10:00;277;20.45;40
E4S 56,780;20220619;23:10:00;23:15:00;278;21.16;37
E4S 56,780;20220619;23:15:00;23:20:00;279;20.09;40
E4S 56,780;20220619;23:20:00;23:25:00;280;20.36;27
E4S 56,780;20220619;23:25:00;23:30:00;281;20.29;45
E4S 56,780;20220619;23:30:00;23:35:00;282;20.19;36
E4S 56,780;20220619;23:35:00;23:40:00;283;20.56;37
E4S 56,780;20220619;23:40:00;23:45:00;284;21.70;27
E4S 56,780;20220619;23:45:00;23:50:00;285;21.13;29
E4S 56,780;20220619;23:50:00;23:55:00;286;21.07;21
E4S 56,780;20220619;23:55:00;24:00:00;287;22.09;33
E4S 56,780;20220623;00:00:00;00:05:00;0;21.54;27
E4S 56,780;20220623;00:05:00;00:10:00;1;19.70;36
E4S 56,780;20220623;00:10:00;00:15:00;2;20.96;21
E4S 56,780;20220623;00:15:00;00:20:00;3;21.44;33
E4S 56,780;20220623;00:20:00;00:25:00;4;21.02;31
E4S 56,780;20220623;00:25:00;00:30:00;5;20.92;34
E4S 56,780;20220623;00:30:00;00:35:00;6;20.73;25
E4S 56,780;20220623;00:35:00;00:40:00;7;19.94;40
E4S 56,780;20220623;00:40:00;00:45:00;8;19.22;33
E4S 56,780;20220623;00:45:00;00:50:00;9;21.32;25
E4S 56,780;20220623;00:50:00;00:55:00;10;20.85;26
E4S 56,780;20220623;00:55:00;01:00:00;11;20.36;26
E4S 56,780;20220623;01:00:00;01:05:00;12;20.89;24
E4S 56,780;20220623;01:05:00;01:10:00;13;21.41;29
E4S 56,780;20220623;01:10:00;01:15:00;14;21.17;34
E4S 56,780;20220623;01:15:00;01:20:00;15;20.85;16
E4S 56,780;20220623;01:20:00;01:25:00;16;21.21;23
E4S 56,780;20220623;01:25:00;01:30:00;17;21.79;37
E4S 56,780;20220623;01:30:00;01:35:00;18;20.18;39
E4S 56,780;20220623;01:35:00;01:40:00;19;21.28;30
E4S 56,780;20220623;01:40:00;01:45:00;20;22.03;38
E4S 56,780;20220623;01:45:00;01:50:00;21;20.70;32
E4S 56,780;20220623;01:50:00;01:55:00;22;21.21;40
E4S 56,780;20220623;01:55:00;02:00:00;23;21.42;43
E4S 56,780;20220623;02:00:00;02:05:00;24;21.29;32
E4S 56,780;20220623;02:05:00;02:10:00;25;21.14;41
E4S 56,780;20220623;02:10:00;02:15:00;26;20.98;32
E4S 56,780;20220623;02:15:00;02:20:00;27;21.95;46
E4S 56,780;20220623;02:20:00;02:25:00;28;20.73;36
E4S 56,780;20220623;02:25:00;02:30:00;29;22.21;34
E4S 56,780;20220623;02:30:00;02:35:00;30;21.93;46
E4S 56,780;20220623;02:35:00;02:40:00;31;21.12;43
E4S 56,780;20220623;02:40:00;02:45:00;32;21.55;48
E4S 56,780;20220623;02:45:00;02:50:00;33;22.10;52
E4S 56,780;20220623;02:50:00;02:55:00;34;22.10;54
E4S 56,780;20220623;02:55:00;03:00:00;35;21.71;50
E4S 56,780;20220623;03:00:00;03:05:00;36;21.47;58
E4S 56,780;20220623;03:05:00;03:10:00;37;21.55;67
E4S 56,780;20220623;03:10:00;03:15:00;38;21.50;77
E4S 56,780;20220623;03:15:00;03:20:00;39;21.65;53
E4S 56,780;20220623;03:20:00;03:25:00;40;21.98;84
E4S 56,780;20220623;03:25:00;03:30:00;41;21.11;100
E4S 56,780;20220623;03:30:00;03:35:00;42;21.86;92
E4S 56,780;20220623;03:35:00;03:40:00;43;21.38;133
E4S 56,780;20220623;03:40:00;03:45:00;44;21.47;161
E4S 56,780;20220623;03:45:00;03:50:00;45;22.11;139
E4S 56,780;20220623;03:50:00;03:55:00;46;21.38;196
E4S 56,780;20220623;03:55:00;04:00:00;47;21.32;189
E4S 56,780;20220623;04:00:00;04:05:00;48;21.51;147
E4S 56,780;20220623;04:05:00;04:10:00;49;21.61;151
E4S 56,780;20220623;04:10:00;04:15:00;50;21.85;162
E4S 56,780;20220623;04:15:00;04:20:00;51;20.35;219
E4S 56,780;20220623;04:20:00;04:25:00;52;20.05;258
E4S 56,780;20220623;04:25:00;04:30:00;53;21.25;228
E4S 56,780;20220623;04:30:00;04:35:00;54;20.40;249
E4S 56,780;20220623;04:35:00;04:40:00;55;19.64;281
E4S 56,780;20220623;04:40:00;04:45:00;56;20.18;250
E4S 56,780;20220623;04:45:00;04:50:00;57;19.49;313
E4S 56,780;20220623;04:50:00;04:55:00;58;20.22;264
E4S 56,780;20220623;04:55:00;05:00:00;59;20.06;257
E4S 56,780;20220623;05:00:00;05:05:00;60;20.01;232
E4S 56,780;20220623;05:05:00;05:10:00;61;19.74;220
E4S 56,780;20220623;05:10:00;05:15:00;62;19.45;259
E4S 56,780;20220623;05:15:00;05:20:00;63;19.79;268
E4S 56,780;20220623;05:20:00;05:25:00;64;19.24;278
E4S 56,780;20220623;05:25:00;05:30:00;65;19.59;286
E4S 56,780;20220623;05:30:00;05:35:00;66;20.14;260
E4S 56,780;20220623;05:35:00;05:40:00;67;19.39;306
E4S 56,780;20220623;05:40:00;05:45:00;68;19.44;270
E4S 56,780;20220623;05:45:00;05:50:00;69;19.70;289
E4S 56,780;20220623;05:50:00;05:55:00;70;19.28;302
E4S 56,780;20220623;05:55:00;06:00:00;71;19.74;267
E4S 56,780;20220623;06:00:00;06:05:00;72;20.09;253
E4S 56,780;20220623;06:05:00;06:10:00;73;19.23;242
E4S 56,780;20220623;06:10:00;06:15:00;74;19.72;269
E4S 56,780;20220623;06:15:00;06:20:00;75;19.41;262
E4S 56,780;20220623;06:20:00;06:25:00;76;19.23;274
E4S 56,780;20220623;06:25:00;06:30:00;77;19.24;303
E4S 56,780;20220623;06:30:00;06:35:00;78;19.03;296
E4S 56,780;20220623;06:35:00;06:40:00;79;19.43;320
E4S 56,780;20220623;06:40:00;06:45:00;80;19.51;295
E4S 56,780;20220623;06:45:00;06:50:00;81;18.92;305
E4S 56,780;20220623;06:50:00;06:55:00;82;19.31;271
E4S 56,780;20220623;06:55:00;07:00:00;83;19.50;263
E4S 56,780;20220623;07:00:00;07:05:00;84;18.83;271
E4S 56,780;20220623;07:05:00;07:10:00;85;18.76;328
E4S 56,780;20220623;07:10:00;07:15:00;86;18.95;296
E4S 56,780;20220623;07:15:00;07:20:00;87;18.81;291
E4S 56,780;20220623;07:20:00;07:25:00;88;18.99;279
E4S 56,780;20220623;07:25:00;07:30:00;89;18.27;314
E4S 56,780;20220623;07:30:00;07:35:00;90;18.37;305
E4S 56,780;20220623;07:35:00;07:40:00;91;18.66;300
E4S 56,780;20220623;07:40:00;07:45:00;92;18.66;303
E4S 56,780;20220623;07:45:00;07:50:00;93;18.45;317
E4S 56,780;20220623;07:50:00;07:55:00;94;18.87;274
E4S 56,780;20220623;07:55:00;08:00:00;95;18.71;312
E4S 56,780;20220623;08:00:00;08:05:00;96;18.79;250
E4S 56,780;20220623;08:05:00;08:10:00;97;18.38;280
E4S 56,780;20220623;08:10:00;08:15:00;98;18.99;293
E4S 56,780;20220623;08:15:00;08:20:00;99;18.29;330
E4S 56,780;20220623;08:20:00;08:25:00;100;17.75;314
E4S 56,780;20220623;08:25:00;08:30:00;101;18.07;337
E4S 56,780;20220623;08:30:00;08:35:00;102;18.00;330
E4S 56,780;20220623;08:35:00;08:40:00;103;17.39;358
E4S 56,780;20220623;08:40:00;08:45:00;104;18.01;329
E4S 56,780;20220623;08:45:00;08:50:00;105;17.55;366
E4S 56,780;20220623;08:50:00;08:55:00;106;18.01;336
E4S 56,780;20220623;08:55:00;09:00:00;107;18.08;315
E4S 56,780;20220623;09:00:00;09:05:00;108;17.90;321
E4S 56,780;20220623;09:05:00;09:10:00;109;17.78;345
E4S 56,780;20220623;09:10:00;09:15:00;110;18.08;313
E4S 56,780;20220623;09:15:00;09:20:00;111;17.70;328
E4S 56,780;20220623;09:20:00;09:25:00;112;18.07;305
E4S 56,780;20220623;09:25:00;09:30:00;113;18.07;303
E4S 56,780;20220623;09:30:00;09:35:00;114;18.01;316
E4S 56,780;20220623;09:35:00;09:40:00;115;17.61;339
E4S 56,780;20220623;09:40:00;09:45:00;116;17.62;317
E4S 56,780;20220623;09:45:00;09:50:00;117;17.75;344
E4S 56,780;20220623;09:50:00;09:55:00;118;17.93;325
E4S 56,780;20220623;09:55:00;10:00:00;119;17.07;374
E4S 56,780;20220623;10:00:00;10:05:00;120;18.50;309
E4S 56,780;20220623;10:05:00;10:10:00;121;17.95;340
E4S 56,780;20220623;10:10:00;10:15:00;122;17.66;340
E4S 56,780;20220623;10:15:00;10:20:00;123;17.31;371
E4S 56,780;20220623;10:20:00;10:25:00;124;17.09;330
E4S 56,780;20220623;10:25:00;10:30:00;125;12.61;329
E4S 56,780;20220623;10:30:00;10:35:00;126;13.13;378
E4S 56,780;20220623;10:35:00;10:40:00;127;16.50;365
E4S 56,780;20220623;10:40:00;10:45:00;128;17.63;340
E4S 56,780;20220623;10:45:00;10:50:00;129;17.15;383
E4S 56,780;20220623;10:50:00;10:55:00;130;17.19;348
E4S 56,780;20220623;10:55:00;11:00:00;131;17.43;332
E4S 56,780;20220623;11:00:00;11:05:00;132;17.32;332
E4S 56,780;20220623;11:05:00;11:10:00;133;17.97;327
E4S 56,780;20220623;11:10:00;11:15:00;134;17.71;326
E4S 56,780;20220623;11:15:00;11:20:00;135;17.37;352
E4S 56,780;20220623;11:20:00;11:25:00;136;17.84;288
E4S 56,780;20220623;11:25:00;11:30:00;137;17.71;331
E4S 56,780;20220623;11:30:00;11:35:00;138;17.51;320
E4S 56,780;20220623;11:35:00;11:40:00;139;17.17;322
E4S 56,780;20220623;11:40:00;11:45:00;140;18.56;268
E4S 56,780;20220623;11:45:00;11:50:00;141;17.74;335
E4S 56,780;20220623;11:50:00;11:55:00;142;17.13;353
E4S 56,780;20220623;11:55:00;12:00:00;143;16.94;348
E4S 56,780;20220623;12:00:00;12:05:00;144;17.42;330
E4S 56,780;20220623;12:05:00;12:10:00;145;17.92;316
E4S 56,780;20220623;12:10:00;12:15:00;146;17.90;311
E4S 56,780;20220623;12:15:00;12:20:00;147;17.24;345
E4S 56,780;20220623;12:20:00;12:25:00;148;17.70;305
E4S 56,780;20220623;12:25:00;12:30:00;149;16.77;305
E4S 56,780;20220623;12:30:00;12:35:00;150;17.46;308
E4S 56,780;20220623;12:35:00;12:40:00;151;18.14;300
E4S 56,780;20220623;12:40:00;12:45:00;152;17.80;332
E4S 56,780;20220623;12:45:00;12:50:00;153;17.61;309
E4S 56,780;20220623;12:50:00;12:55:00;154;17.67;331
E4S 56,780;20220623;12:55:00;13:00:00;155;17.53;324
E4S 56,780;20220623;13:00:00;13:05:00;156;17.83;299
E4S 56,780;20220623;13:05:00;13:10:00;157;17.88;295
E4S 56,780;20220623;13:10:00;13:15:00;158;17.78;302
E4S 56,780;20220623;13:15:00;13:20:00;159;17.62;307
E4S 56,780;20220623;13:20:00;13:25:00;160;18.06;307
E4S 56,780;20220623;13:25:00;13:30:00;161;18.13;270
E4S 56,780;20220623;13:30:00;13:35:00;162;17.92;297
E4S 56,780;20220623;13:35:00;13:40:00;163;18.13;283
E4S 56,780;20220623;13:40:00;13:45:00;164;18.62;263
E4S 56,780;20220623;13:45:00;13:50:00;165;18.07;268
E4S 56,780;20220623;13:50:00;13:55:00;166;18.42;264
E4S 56,780;20220623;13:55:00;14:00:00;167;18.45;258
E4S 56,780;20220623;14:00:00;14:05:00;168;17.80;252
E4S 56,780;20220623;14:05:00;14:10:00;169;18.15;249
E4S 56,780;20220623;14:10:00;14:15:00;170;17.87;284
E4S 56,780;20220623;14:15:00;14:20:00;171;18.71;242
E4S 56,780;20220623;14:20:00;14:25:00;172;18.17;308
E4S 56,780;20220623;14:25:00;14:30:00;173;18.28;240
E4S 56,780;20220623;14:30:00;14:35:00;174;17.83;266
E4S 56,780;20220623;14:35:00;14:40:00;175;18.31;279
E4S 56,780;20220623;14:40:00;14:45:00;176;18.37;231
E4S 56,780;20220623;14:45:00;14:50:00;177;18.63;243
E4S 56,780;20220623;14:50:00;14:55:00;178;18.97;241
E4S 56,780;20220623;14:55:00;15:00:00;179;18.78;238
E4S 56,780;20220623;15:00:00;15:05:00;180;17.90;258
E4S 56,780;20220623;15:05:00;15:10:00;181;18.44;263
E4S 56,780;20220623;15:10:00;15:15:00;182;18.42;280
E4S 56,780;20220623;15:15:00;15:20:00;183;18.30;258
E4S 56,780;20220623;15:20:00;15:25:00;184;18.60;272
E4S 56,780;20220623;15:25:00;15:30:00;185;18.62;275
E4S 56,780;20220623;15:30:00;15:35:00;186;18.15;261
E4S 56,780;20220623;15:35:00;15:40:00;187;18.40;250
E4S 56,780;20220623;15:40:00;15:45:00;188;18.54;283
E4S 56,780;20220623;15:45:00;15:50:00;189;19.04;235
E4S 56,780;20220623;15:50:00;15:55:00;190;18.28;236
E4S 56,780;20220623;15:55:00;16:00:00;191;18.31;224
E4S 56,780;20220623;16:00:00;16:05:00;192;18.36;233
E4S 56,780;20220623;16:05:00;16:10:00;193;18.01;267
E4S 56,780;20220623;16:10:00;16:15:00;194;18.94;230
E4S 56,780;20220623;16:15:00;16:20:00;195;19.03;235
E4S 56,780;20220623;16:20:00;16:25:00;196;18.92;222
E4S 56,780;20220623;16:25:00;16:30:00;197;18.79;255
E4S 56,780;20220623;16:30:00;16:35:00;198;18.18;239
E4S 56,780;20220623;16:35:00;16:40:00;199;18.24;297
E4S 56,780;20220623;16:40:00;16:45:00;200;18.32;275
E4S 56,780;20220623;16:45:00;16:50:00;201;18.16;268
E4S 56,780;20220623;16:50:00;16:55:00;202;18.78;260
E4S 56,780;20220623;16:55:00;17:00:00;203;19.06;252
E4S 56,780;20220623;17:00:00;17:05:00;204;19.13;217
E4S 56,780;20220623;17:05:00;17:10:00;205;18.80;219
E4S 56,780;20220623;17:10:00;17:15:00;206;19.14;234
E4S 56,780;20220623;17:15:00;17:20:00;207;19.14;246
E4S 56,780;20220623;17:20:00;17:25:00;208;18.90;244
E4S 56,780;20220623;17:25:00;17:30:00;209;19.01;281
E4S 56,780;20220623;17:30:00;17:35:00;210;18.80;223
E4S 56,780;20220623;17:35:00;17:40:00;211;18.66;240
E4S 56,780;20220623;17:40:00;17:45:00;212;18.96;219
E4S 56,780;20220623;17:45:00;17:50:00;213;19.04;229
E4S 56,780;20220623;17:50:00;17:55:00;214;19.01;196
E4S 56,780;20220623;17:55:00;18:00:00;215;18.64;208
E4S 56,780;20220623;18:00:00;18:05:00;216;18.95;199
E4S 56,780;20220623;18:05:00;18:10:00;217;19.37;189
E4S 56,780;20220623;18:10:00;18:15:00;218;19.22;222
E4S 56,780;20220623;18:15:00;18:20:00;219;18.94;206
E4S 56,780;20220623;18:20:00;18:25:00;220;19.00;227
E4S 56,780;20220623;18:25:00;18:30:00;221;18.96;190
E4S 56,780;20220623;18:30:00;18:35:00;222;19.00;202
E4S 56,780;20220623;18:35:00;18:40:00;223;18.93;192
E4S 56,780;20220623;18:40:00;18:45:00;224;19.03;181
E4S 56,780;20220623;18:45:00;18:50:00;225;19.02;208
E4S 56,780;20220623;18:50:00;18:55:00;226;19.75;190
E4S 56,780;20220623;18:55:00;19:00:00;227;18.94;203
E4S 56,780;20220623;19:00:00;19:05:00;228;18.85;187
E4S 56,780;20220623;19:05:00;19:10:00;229;19.16;169
E4S 56,780;20220623;19:10:00;19:15:00;230;19.41;193
E4S 56,780;20220623;19:15:00;19:20:00;231;19.78;169
E4S 56,780;20220623;19:20:00;19:25:00;232;19.44;210
E4S 56,780;20220623;19:25:00;19:30:00;233;19.13;183
E4S 56,780;20220623;19:30:00;19:35:00;234;19.67;163
E4S 56,780;20220623;19:35:00;19:40:00;235;18.98;159
E4S 56,780;20220623;19:40:00;19:45:00;236;19.91;161
E4S 56,780;20220623;19:45:00;19:50:00;237;20.01;133
E4S 56,780;20220623;19:50:00;19:55:00;238;19.98;165
E4S 56,780;20220623;19:55:00;20:00:00;239;20.22;155
E4S 56,780;20220623;20:00:00;20:05:00;240;20.53;137
E4S 56,780;20220623;20:05:00;20:10:00;241;19.96;117
E4S 56,780;20220623;20:10:00;20:15:00;242;20.27;108
E4S 56,780;20220623;20:15:00;20:20:00;243;20.28;133
E4S 56,780;20220623;20:20:00;20:25:00;244;19.84;130
E4S 56,780;20220623;20:25:00;20:30:00;245;19.83;110
E4S 56,780;20220623;20:30:00;20:35:00;246;20.38;105
E4S 56,780;20220623;20:35:00;20:40:00;247;19.90;92
E4S 56,780;20220623;20:40:00;20:45:00;248;20.52;103
E4S 56,780;20220623;20:45:00;20:50:00;249;19.68;122
E4S 56,780;20220623;20:50:00;20:55:00;250;20.40;86
E4S 56,780;20220623;20:55:00;21:00:00;251;19.52;84
E4S 56,780;20220623;21:00:00;21:05:00;252;19.90;83
E4S 56,780;20220623;21:05:00;21:10:00;253;19.81;90
E4S 56,780;20220623;21:10:00;21:15:00;254;19.92;67
E4S 56,780;20220623;21:15:00;21:20:00;255;20.25;83
E4S 56,780;20220623;21:20:00;21:25:00;256;19.71;93
E4S 56,780;20220623;21:25:00;21:30:00;257;19.76;94
E4S 56,780;20220623;21:30:00;21:35:00;258;20.70;80
E4S 56,780;20220623;21:35:00;21:40:00;259;20.11;76
E4S 56,780;20220623;21:40:00;21:45:00;260;19.78;89
E4S 56,780;20220623;21:45:00;21:50:00;261;20.05;76
E4S 56,780;20220623;21:50:00;21:55:00;262;19.92;69
E4S 56,780;20220623;21:55:00;22:00:00;263;19.82;81
E4S 56,780;20220623;22:00:00;22:05:00;264;20.71;62
E4S 56,780;20220623;22:05:00;22:10:00;265;20.17;66
E4S 56,780;20220623;22:10:00;22:15:00;266;20.74;90
E4S 56,780;20220623;22:15:00;22:20:00;267;20.40;69
E4S 56,780;20220623;22:20:00;22:25:00;268;20.03;56
E4S 56,780;20220623;22:25:00;22:30:00;269;19.82;43
E4S 56,780;20220623;22:30:00;22:35:00;270;20.61;58
E4S 56,780;20220623;22:35:00;22:40:00;271;20.18;38
E4S 56,780;20220623;22:40:00;22:45:00;272;20.06;49
E4S 56,780;20220623;22:45:00;22:50:00;273;20.53;54
E4S 56,780;20220623;22:50:00;22:55:00;274;19.11;44
E4S 56,780;20220623;22:55:00;23:00:00;275;19.84;45
E4S 56,780;20220623;23:00:00;23:05:00;276;20.12;42
E4S 56,780;20220623;23:05:00;23:10:00;277;19.89;35
E4S 56,780;20220623;23:10:00;23:15:00;278;19.63;34
E4S 56,780;20220623;23:15:00;23:20:00;279;20.72;38
E4S 56,780;20220623;23:20:00;23:25:00;280;20.45;64
E4S 56,780;20220623;23:25:00;23:30:00;281;20.34;43
E4S 56,780;20220623;23:30:00;23:35:00;282;21.02;43
E4S 56,780;20220623;23:35:00;23:40:00;283;20.65;36
E4S 56,780;20220623;23:40:00;23:45:00;284;20.70;47
E4S 56,780;20220623;23:45:00;23:50:00;285;21.07;42
E4S 56,780;20220623;23:50:00;23:55:00;286;20.96;30
E4S 56,780;20220623;23:55:00;24:00:00;287;19.85;25
E4S 56,780;20220628;00:00:00;00:05:00;0;20.29;38
E4S 56,780;20220628;00:05:00;00:10:00;1;19.80;57
E4S 56,780;20220628;00:10:00;00:15:00;2;19.04;47
E4S 56,780;20220628;00:15:00;00:20:00;3;21.17;55
E4S 56,780;20220628;00:20:00;00:25:00;4;19.25;36
E4S 56,780;20220628;00:25:00;00:30:00;5;20.92;50
E4S 56,780;20220628;00:30:00;00:35:00;6;20.98;32
E4S 56,780;20220628;00:35:00;00:40:00;7;20.87;28
E4S 56,780;20220628;00:40:00;00:45:00;8;20.96;40
E4S 56,780;20220628;00:45:00;00:50:00;9;19.42;40
E4S 56,780;20220628;00:50:00;00:55:00;10;21.27;37
E4S 56,780;20220628;00:55:00;01:00:00;11;20.83;26
E4S 56,780;20220628;01:00:00;01:05:00;12;19.49;42
E4S 56,780;20220628;01:05:00;01:10:00;13;21.11;47
E4S 56,780;20220628;01:10:00;01:15:00;14;20.86;45
E4S 56,780;20220628;01:15:00;01:20:00;15;20.74;31
E4S 56,780;20220628;01:20:00;01:25:00;16;21.19;49
E4S 56,780;20220628;01:25:00;01:30:00;17;20.64;56
E4S 56,780;20220628;01:30:00;01:35:00;18;20.19;47
E4S 56,780;20220628;01:35:00;01:40:00;19;21.01;42
E4S 56,780;20220628;01:40:00;01:45:00;20;19.90;38
E4S 56,780;20220628;01:45:00;01:50:00;21;20.64;37
E4S 56,780;20220628;01:50:00;01:55:00;22;21.00;56
E4S 56,780;20220628;01:55:00;02:00:00;23;22.00;39
E4S 56,780;20220628;02:00:00;02:05:00;24;20.69;48
E4S 56,780;20220628;02:05:00;02:10:00;25;21.17;38
E4S 56,780;20220628;02:10:00;02:15:00;26;20.93;56
E4S 56,780;20220628;02:15:00;02:20:00;27;20.28;67
E4S 56,780;20220628;02:20:00;02:25:00;28;21.25;59
E4S 56,780;20220628;02:25:00;02:30:00;29;21.03;64
E4S 56,780;20220628;02:30:00;02:35:00;30;21.02;62
E4S 56,780;20220628;02:35:00;02:40:00;31;21.82;76
E4S 56,780;20220628;02:40:00;02:45:00;32;21.16;56
E4S 56,780;20220628;02:45:00;02:50:00;33;20.65;71
E4S 56,780;20220628;02:50:00;02:55:00;34;21.35;49
E4S 56,780;20220628;02:55:00;03:00:00;35;21.19;52
E4S 56,780;20220628;03:00:00;03:05:00;36;21.54;59
E4S 56,780;20220628;03:05:00;03:10:00;37;19.46;49
E4S 56,780;20220628;03:10:00;03:15:00;38;19.77;58
E4S 56,780;20220628;03:15:00;03:20:00;39;21.26;76
E4S 56,780;20220628;03:20:00;03:25:00;40;21.97;80
E4S 56,780;20220628;03:25:00;03:30:00;41;21.62;86
E4S 56,780;20220628;03:30:00;03:35:00;42;21.54;123
E4S 56,780;20220628;03:35:00;03:40:00;43;21.22;135
E4S 56,780;20220628;03:40:00;03:45:00;44;21.41;115
E4S 56,780;20220628;03:45:00;03:50:00;45;21.21;170
E4S 56,780;20220628;03:50:00;03:55:00;46;20.50;208
E4S 56,780;20220628;03:55:00;04:00:00;47;20.66;190
E4S 56,780;20220628;04:00:00;04:05:00;48;20.98;155
E4S 56,780;20220628;04:05:00;04:10:00;49;21.46;173
E4S 56,780;20220628;04:10:00;04:15:00;50;20.65;193
E4S 56,780;20220628;04:15:00;04:20:00;51;20.40;231
E4S 56,780;20220628;04:20:00;04:25:00;52;19.48;286
E4S 56,780;20220628;04:25:00;04:30:00;53;19.75;305
E4S 56,780;20220628;04:30:00;04:35:00;54;19.51;263
E4S 56,780;20220628;04:35:00;04:40:00;55;19.46;293
E4S 56,780;20220628;04:40:00;04:45:00;56;19.14;335
E4S 56,780;20220628;04:45:00;04:50:00;57;20.10;295
E4S 56,780;20220628;04:50:00;04:55:00;58;19.78;288
E4S 56,780;20220628;04:55:00;05:00:00;59;19.80;251
E4S 56,780;20220628;05:00:00;05:05:00;60;19.73;224
E4S 56,780;20220628;05:05:00;05:10:00;61;18.82;263
E4S 56,780;20220628;05:10:00;05:15:00;62;19.70;276
E4S 56,780;20220628;05:15:00;05:20:00;63;19.25;265
E4S 56,780;20220628;05:20:00;05:25:00;64;19.43;302
E4S 56,780;20220628;05:25:00;05:30:00;65;18.30;301
E4S 56,780;20220628;05:30:00;05:35:00;66;18.73;308
E4S 56,780;20220628;05:35:00;05:40:00;67;19.25;296
E4S 56,780;20220628;05:40:00;05:45:00;68;18.90;288
E4S 56,780;20220628;05:45:00;05:50:00;69;18.87;293
E4S 56,780;20220628;05:50:00;05:55:00;70;18.44;291
E4S 56,780;20220628;05:55:00;06:00:00;71;18.41;266
E4S 56,780;20220628;06:00:00;06:05:00;72;18.94;267
E4S 56,780;20220628;06:05:00;06:10:00;73;18.38;255
E4S 56,780;20220628;06:10:00;06:15:00;74;19.02;275
E4S 56,780;20220628;06:15:00;06:20:00;75;18.84;276
E4S 56,780;20220628;06:20:00;06:25:00;76;18.56;288
E4S 56,780;20220628;06:25:00;06:30:00;77;18.77;306
E4S 56,780;20220628;06:30:00;06:35:00;78;19.21;259
E4S 56,780;20220628;06:35:00;06:40:00;79;18.29;311
E4S 56,780;20220628;06:40:00;06:45:00;80;18.15;330
E4S 56,780;20220628;06:45:00;06:50:00;81;17.51;303
E4S 56,780;20220628;06:50:00;06:55:00;82;18.31;279
E4S 56,780;20220628;06:55:00;07:00:00;83;18.33;272
E4S 56,780;20220628;07:00:00;07:05:00;84;18.37;279
E4S 56,780;20220628;07:05:00;07:10:00;85;18.28;279
E4S 56,780;20220628;07:10:00;07:15:00;86;17.98;283
E4S 56,780;20220628;07:15:00;07:20:00;87;18.20;276
E4S 56,780;20220628;07:20:00;07:25:00;88;17.59;305
E4S 56,780;20220628;07:25:00;07:30:00;89;17.89;322
E4S 56,780;20220628;07:30:00;07:35:00;90;17.86;287
E4S 56,780;20220628;07:35:00;07:40:00;91;18.50;312
E4S 56,780;20220628;07:40:00;07:45:00;92;18.42;310
E4S 56,780;20220628;07:45:00;07:50:00;93;18.07;294
E4S 56,780;20220628;07:50:00;07:55:00;94;17.99;275
E4S 56,780;20220628;07:55:00;08:00:00;95;17.68;283
E4S 56,780;20220628;08:00:00;08:05:00;96;17.99;269
E4S 56,780;20220628;08:05:00;08:10:00;97;18.02;284
E4S 56,780;20220628;08:10:00;08:15:00;98;17.88;301
E4S 56,780;20220628;08:15:00;08:20:00;99;17.48;309
E4S 56,780;20220628;08:20:00;08:25:00;100;18.58;277
E4S 56,780;20220628;08:25:00;08:30:00;101;17.07;335
E4S 56,780;20220628;08:30:00;08:35:00;102;17.90;277
E4S 56,780;20220628;08:35:00;08:40:00;103;17.93;277
E4S 56,780;20220628;08:40:00;08:45:00;104;18.04;278
E4S 56,780;20220628;08:45:00;08:50:00;105;17.34;314
E4S 56,780;20220628;08:50:00;08:55:00;106;17.62;302
E4S 56,780;20220628;08:55:00;09:00:00;107;17.90;300
E4S 56,780;20220628;09:00:00;09:05:00;108;17.88;270
E4S 56,780;20220628;09:05:00;09:10:00;109;17.53;327
E4S 56,780;20220628;09:10:00;09:15:00;110;17.91;252
E4S 56,780;20220628;09:15:00;09:20:00;111;17.61;291
E4S 56,780;20220628;09:20:00;09:25:00;112;17.68;313
E4S 56,780;20220628;09:25:00;09:30:00;113;17.90;304
E4S 56,780;20220628;09:30:00;09:35:00;114;18.09;272
E4S 56,780;20220628;09:35:00;09:40:00;115;17.52;287
E4S 56,780;20220628;09:40:00;09:45:00;116;18.35;259
E4S 56,780;20220628;09:45:00;09:50:00;117;18.01;297
E4S 56,780;20220628;09:50:00;09:55:00;118;17.86;290
E4S 56,780;20220628;09:55:00;10:00:00;119;17.66;318
E4S 56,780;20220628;10:00:00;10:05:00;120;17.87;318
E4S 56,780;20220628;10:05:00;10:10:00;121;17.36;317
E4S 56,780;20220628;10:10:00;10:15:00;122;17.86;300
E4S 56,780;20220628;10:15:00;10:20:00;123;17.10;341
E4S 56,780;20220628;10:20:00;10:25:00;124;17.76;326
E4S 56,780;20220628;10:25:00;10:30:00;125;17.19;302
E4S 56,780;20220628;10:30:00;10:35:00;126;17.62;293
E4S 56,780;20220628;10:35:00;10:40:00;127;17.91;273
E4S 56,780;20220628;10:40:00;10:45:00;128;17.40;299
E4S 56,780;20220628;10:45:00;10:50:00;129;17.70;313
E4S 56,780;20220628;10:50:00;10:55:00;130;17.74;293
E4S 56,780;20220628;10:55:00;11:00:00;131;17.71;267
E4S 56,780;20220628;11:00:00;11:05:00;132;16.84;314
E4S 56,780;20220628;11:05:00;11:10:00;133;17.15;325
E4S 56,780;20220628;11:10:00;11:15:00;134;17.94;302
E4S 56,780;20220628;11:15:00;11:20:00;135;17.31;330
E4S 56,780;20220628;11:20:00;11:25:00;136;17.56;323
E4S 56,780;20220628;11:25:00;11:30:00;137;17.26;330
E4S 56,780;20220628;11:30:00;11:35:00;138;17.89;329
E4S 56,780;20220628;11:35:00;11:40:00;139;16.27;326
E4S 56,780;20220628;11:40:00;11:45:00;140;17.84;323
E4S 56,780;20220628;11:45:00;11:50:00;141;17.39;317
E4S 56,780;20220628;11:50:00;11:55:00;142;17.47;305
E4S 56,780;20220628;11:55:00;12:00:00;143;17.15;369
E4S 56,780;20220628;12:00:00;12:05:00;144;17.99;338
E4S 56,780;20220628;12:05:00;12:10:00;145;17.47;342
E4S 56,780;20220628;12:10:00;12:15:00;146;17.06;316
E4S 56,780;20220628;12:15:00;12:20:00;147;17.22;398
E4S 56,780;20220628;12:20:00;12:25:00;148;17.57;353
E4S 56,780;20220628;12:25:00;12:30:00;149;17.23;382
E4S 56,780;20220628;12:30:00;12:35:00;150;17.12;377
E4S 56,780;20220628;12:35:00;12:40:00;151;16.30;380
E4S 56,780;20220628;12:40:00;12:45:00;152;16.67;413
E4S 56,780;20220628;12:45:00;12:50:00;153;17.38;349
E4S 56,780;20220628;12:50:00;12:55:00;154;16.85;329
E4S 56,780;20220628;12:55:00;13:00:00;155;16.32;367
E4S 56,780;20220628;13:00:00;13:05:00;156;11.76;315
E4S 56,780;20220628;13:05:00;13:10:00;157;10.65;291
E4S 56,780;20220628;13:10:00;13:15:00;158;11.28;326
E4S 56,780;20220628;13:15:00;13:20:00;159;12.96;328
E4S 56,780;20220628;13:20:00;13:25:00;160;11.13;351
E4S 56,780;20220628;13:25:00;13:30:00;161;9.90;355
E4S 56,780;20220628;13:30:00;13:35:00;162;9.24;296
E4S 56,780;20220628;13:35:00;13:40:00;163;8.12;226
E4S 56,780;20220628;13:40:00;13:45:00;164;11.57;354
E4S 56,780;20220628;13:45:00;13:50:00;165;10.85;309
E4S 56,780;20220628;13:50:00;13:55:00;166;10.87;309
E4S 56,780;20220628;13:55:00;14:00:00;167;10.18;338
E4S 56,780;20220628;14:00:00;14:05:00;168;12.11;338
E4S 56,780;20220628;14:05:00;14:10:00;169;9.64;330
E4S 56,780;20220628;14:10:00;14:15:00;170;11.45;350
E4S 56,780;20220628;14:15:00;14:20:00;171;9.76;319
E4S 56,780;20220628;14:20:00;14:25:00;172;8.93;292
E4S 56,780;20220628;14:25:00;14:30:00;173;10.73;343
E4S 56,780;20220628;14:30:00;14:35:00;174;12.25;360
E4S 56,780;20220628;14:35:00;14:40:00;175;9.21;303
E4S 56,780;20220628;14:40:00;14:45:00;176;9.13;305
E4S 56,780;20220628;14:45:00;14:50:00;177;10.62;327
E4S 56,780;20220628;14:50:00;14:55:00;178;9.68;302
E4S 56,780;20220628;14:55:00;15:00:00;179;12.62;344
E4S 56,780;20220628;15:00:00;15:05:00;180;10.32;339
E4S 56,780;20220628;15:05:00;15:10:00;181;10.91;344
E4S 56,780;20220628;15:10:00;15:15:00;182;10.39;319
E4S 56,780;20220628;15:15:00;15:20:00;183;10.06;304
E4S 56,780;20220628;15:20:00;15:25:00;184;10.11;301
E4S 56,780;20220628;15:25:00;15:30:00;185;10.44;328
E4S 56,780;20220628;15:30:00;15:35:00;186;15.13;261
E4S 56,780;20220628;15:35:00;15:40:00;187;15.95;269
E4S 56,780;20220628;15:40:00;15:45:00;188;17.00;253
E4S 56,780;20220628;15:45:00;15:50:00;189;16.98;307
E4S 56,780;20220628;15:50:00;15:55:00;190;16.53;249
E4S 56,780;20220628;15:55:00;16:00:00;191;15.84;279
E4S 56,780;20220628;16:00:00;16:05:00;192;16.75;255
E4S 56,780;20220628;16:05:00;16:10:00;193;16.86;262
E4S 56,780;20220628;16:10:00;16:15:00;194;17.43;275
E4S 56,780;20220628;16:15:00;16:20:00;195;16.41;306
E4S 56,780;20220628;16:20:00;16:25:00;196;17.07;272
E4S 56,780;20220628;16:25:00;16:30:00;197;16.52;274
E4S 56,780;20220628;16:30:00;16:35:00;198;16.30;295
E4S 56,780;20220628;16:35:00;16:40:00;199;15.30;302
E4S 56,780;20220628;16:40:00;16:45:00;200;15.93;278
E4S 56,780;20220628;16:45:00;16:50:00;201;16.49;276
E4S 56,780;20220628;16:50:00;16:55:00;202;16.66;274
E4S 56,780;20220628;16:55:00;17:00:00;203;17.73;248
E4S 56,780;20220628;17:00:00;17:05:00;204;17.30;246
E4S 56,780;20220628;17:05:00;17:10:00;205;17.94;206
E4S 56,780;20220628;17:10:00;17:15:00;206;17.21;236
E4S 56,780;20220628;17:15:00;17:20:00;207;17.62;224
E4S 56,780;20220628;17:20:00;17:25:00;208;17.82;228
E4S 56,780;20220628;17:25:00;17:30:00;209;17.36;228
E4S 56,780;20220628;17:30:00;17:35:00;210;18.97;192
E4S 56,780;20220628;17:35:00;17:40:00;211;18.64;241
E4S 56,780;20220628;17:40:00;17:45:00;212;18.79;210
E4S 56,780;20220628;17:45:00;17:50:00;213;19.40;179
E4S 56,780;20220628;17:50:00;17:55:00;214;18.77;195
E4S 56,780;20220628;17:55:00;18:00:00;215;19.20;179
E4S 56,780;20220628;18:00:00;18:05:00;216;18.88;182
E4S 56,780;20220628;18:05:00;18:10:00;217;19.31;177
E4S 56,780;20220628;18:10:00;18:15:00;218;19.34;189
E4S 56,780;20220628;18:15:00;18:20:00;219;19.82;202
E4S 56,780;20220628;18:20:00;18:25:00;220;18.63;234
E4S 56,780;20220628;18:25:00;18:30:00;221;19.11;226
E4S 56,780;20220628;18:30:00;18:35:00;222;18.68;209
E4S 56,780;20220628;18:35:00;18:40:00;223;19.09;210
E4S 56,780;20220628;18:40:00;18:45:00;224;19.53;197
E4S 56,780;20220628;18:45:00;18:50:00;225;19.07;236
E4S 56,780;20220628;18:50:00;18:55:00;226;19.11;224
E4S 56,780;20220628;18:55:00;19:00:00;227;19.12;237
E4S 56,780;20220628;19:00:00;19:05:00;228;18.81;224
E4S 56,780;20220628;19:05:00;19:10:00;229;19.07;204
E4S 56,780;20220628;19:10:00;19:15:00;230;18.82;253
E4S 56,780;20220628;19:15:00;19:20:00;231;18.66;242
E4S 56,780;20220628;19:20:00;19:25:00;232;19.22;225
E4S 56,780;20220628;19:25:00;19:30:00;233;18.87;214
E4S 56,780;20220628;19:30:00;19:35:00;234;19.23;216
E4S 56,780;20220628;19:35:00;19:40:00;235;18.95;207
E4S 56,780;20220628;19:40:00;19:45:00;236;19.24;198
E4S 56,780;20220628;19:45:00;19:50:00;237;19.51;182
E4S 56,780;20220628;19:50:00;19:55:00;238;19.53;182
E4S 56,780;20220628;19:55:00;20:00:00;239;19.02;188
E4S 56,780;20220628;20:00:00;20:05:00;240;18.49;231
E4S 56,780;20220628;20:05:00;20:10:00;241;18.91;215
E4S 56,780;20220628;20:10:00;20:15:00;242;18.77;192
E4S 56,780;20220628;20:15:00;20:20:00;243;19.14;192
E4S 56,780;20220628;20:20:00;20:25:00;244;18.75;182
E4S 56,780;20220628;20:25:00;20:30:00;245;19.05;187
E4S 56,780;20220628;20:30:00;20:35:00;246;19.12;167
E4S 56,780;20220628;20:35:00;20:40:00;247;20.00;148
E4S 56,780;20220628;20:40:00;20:45:00;248;19.39;138
E4S 56,780;20220628;20:45:00;20:50:00;249;18.99;154
E4S 56,780;20220628;20:50:00;20:55:00;250;18.84;111
E4S 56,780;20220628;20:55:00;21:00:00;251;18.68;131
E4S 56,780;20220628;21:00:00;21:05:00;252;18.69;132
E4S 56,780;20220628;21:05:00;21:10:00;253;19.10;110
E4S 56,780;20220628;21:10:00;21:15:00;254;19.66;112
E4S 56,780;20220628;21:15:00;21:20:00;255;19.36;116
E4S 56,780;20220628;21:20:00;21:25:00;256;19.53;93
E4S 56,780;20220628;21:25:00;21:30:00;257;19.83;116
E4S 56,780;20220628;21:30:00;21:35:00;258;19.89;101
E4S 56,780;20220628;21:35:00;21:40:00;259;20.21;90
E4S 56,780;20220628;21:40:00;21:45:00;260;19.05;86
E4S 56,780;20220628;21:45:00;21:50:00;261;19.37;63
E4S 56,780;20220628;21:50:00;21:55:00;262;19.78;86
E4S 56,780;20220628;21:55:00;22:00:00;263;20.25;75
E4S 56,780;20220628;22:00:00;22:05:00;264;19.28;91
E4S 56,780;20220628;22:05:00;22:10:00;265;19.86;80
E4S 56,780;20220628;22:10:00;22:15:00;266;18.81;87
E4S 56,780;20220628;22:15:00;22:20:00;267;19.35;76
E4S 56,780;20220628;22:20:00;22:25:00;268;18.88;84
E4S 56,780;20220628;22:25:00;22:30:00;269;18.82;68
E4S 56,780;20220628;22:30:00;22:35:00;270;19.09;71
E4S 56,780;20220628;22:35:00;22:40:00;271;19.70;61
E4S 56,780;20220628;22:40:00;22:45:00;272;18.95;72
E4S 56,780;20220628;22:45:00;22:50:00;273;19.44;74
E4S 56,780;20220628;22:50:00;22:55:00;274;18.78;71
E4S 56,780;20220628;22:55:00;23:00:00;275;19.36;50
E4S 56,780;20220628;23:00:00;23:05:00;276;18.96;54
E4S 56,780;20220628;23:05:00;23:10:00;277;20.17;38
E4S 56,780;20220628;23:10:00;23:15:00;278;19.94;45
E4S 56,780;20220628;23:15:00;23:20:00;279;18.77;41
E4S 56,780;20220628;23:20:00;23:25:00;280;20.57;47
E4S 56,780;20220628;23:25:00;23:30:00;281;20.71;53
E4S 56,780;20220628;23:30:00;23:35:00;282;20.65;46
E4S 56,780;20220628;23:35:00;23:40:00;283;20.43;48
E4S 56,780;20220628;23:40:00;23:45:00;284;20.11;39
E4S 56,780;20220628;23:45:00;23:50:00;285;20.01;56
E4S 56,780;20220628;23:50:00;23:55:00;286;21.21;44
E4S 56,780;20220628;23:55:00;24:00:00;287;19.83;49
E4S 56,780;20220704;00:00:00;00:05:00;0;19.98;29
E4S 56,780;20220704;00:05:00;00:10:00;1;21.27;26
E4S 56,780;20220704;00:10:00;00:15:00;2;20.70;34
E4S 56,780;20220704;00:15:00;00:20:00;3;20.83;34
E4S 56,780;20220704;00:20:00;00:25:00;4;20.36;26
E4S 56,780;20220704;00:25:00;00:30:00;5;21.04;45
E4S 56,780;20220704;00:30:00;00:35:00;6;21.06;25
E4S 56,780;20220704;00:35:00;00:40:00;7;20.45;30
E4S 56,780;20220704;00:40:00;00:45:00;8;20.88;38
E4S 56,780;20220704;00:45:00;00:50:00;9;21.20;34
E4S 56,780;20220704;00:50:00;00:55:00;10;21.99;22
E4S 56,780;20220704;00:55:00;01:00:00;11;21.35;22
E4S 56,780;20220704;01:00:00;01:05:00;12;21.42;31
E4S 56,780;20220704;01:05:00;01:10:00;13;20.54;28
E4S 56,780;20220704;01:10:00;01:15:00;14;20.53;29
E4S 56,780;20220704;01:15:00;01:20:00;15;22.50;32
E4S 56,780;20220704;01:20:00;01:25:00;16;20.96;29
E4S 56,780;20220704;01:25:00;01:30:00;17;21.15;42
E4S 56,780;20220704;01:30:00;01:35:00;18;21.01;20
E4S 56,780;20220704;01:35:00;01:40:00;19;22.01;36
E4S 56,780;20220704;01:40:00;01:45:00;20;21.66;27
E4S 56,780;20220704;01:45:00;01:50:00;21;20.64;34
E4S 56,780;20220704;01:50:00;01:55:00;22;20.68;34
E4S 56,780;20220704;01:55:00;02:00:00;23;22.69;40
E4S 56,780;20220704;02:00:00;02:05:00;24;20.77;31
E4S 56,780;20220704;02:05:00;02:10:00;25;21.30;34
E4S 56,780;20220704;02:10:00;02:15:00;26;21.01;29
E4S 56,780;20220704;02:15:00;02:20:00;27;21.26;32
E4S 56,780;20220704;02:20:00;02:25:00;28;21.03;44
E4S 56,780;20220704;02:25:00;02:30:00;29;21.26;30
E4S 56,780;20220704;02:30:00;02:35:00;30;21.94;39
E4S 56,780;20220704;02:35:00;02:40:00;31;21.70;46
E4S 56,780;20220704;02:40:00;02:45:00;32;20.55;35
E4S 56,780;20220704;02:45:00;02:50:00;33;20.27;50
E4S 56,780;20220704;02:50:00;02:55:00;34;22.39;40
E4S 56,780;20220704;02:55:00;03:00:00;35;21.42;59
E4S 56,780;20220704;03:00:00;03:05:00;36;21.74;60
E4S 56,780;20220704;03:05:00;03:10:00;37;20.97;51
E4S 56,780;20220704;03:10:00;03:15:00;38;21.72;60
E4S 56,780;20220704;03:15:00;03:20:00;39;20.68;69
E4S 56,780;20220704;03:20:00;03:25:00;40;21.31;82
E4S 56,780;20220704;03:25:00;03:30:00;41;21.43;106
E4S 56,780;20220704;03:30:00;03:35:00;42;21.32;102
E4S 56,780;20220704;03:35:00;03:40:00;43;21.46;118
E4S 56,780;20220704;03:40:00;03:45:00;44;21.30;160
E4S 56,780;20220704;03:45:00;03:50:00;45;21.93;158
E4S 56,780;20220704;03:50:00;03:55:00;46;20.21;198
E4S 56,780;20220704;03:55:00;04:00:00;47;21.15;163
E4S 56,780;20220704;04:00:00;04:05:00;48;21.82;147
E4S 56,780;20220704;04:05:00;04:10:00;49;21.02;177
E4S 56,780;20220704;04:10:00;04:15:00;50;20.10;223
E4S 56,780;20220704;04:15:00;04:20:00;51;20.64;237
E4S 56,780;20220704;04:20:00;04:25:00;52;19.89;273
E4S 56,780;20220704;04:25:00;04:30:00;53;19.59;318
E4S 56,780;20220704;04:30:00;04:35:00;54;19.92;260
E4S 56,780;20220704;04:35:00;04:40:00;55;20.44;263
E4S 56,780;20220704;04:40:00;04:45:00;56;20.09;299
E4S 56,780;20220704;04:45:00;04:50:00;57;19.71;268
E4S 56,780;20220704;04:50:00;04:55:00;58;19.84;260
E4S 56,780;20220704;04:55:00;05:00:00;59;20.03;278
E4S 56,780;20220704;05:00:00;05:05:00;60;19.38;229
E4S 56,780;20220704;05:05:00;05:10:00;61;19.57;232
E4S 56,780;20220704;05:10:00;05:15:00;62;19.07;247
E4S 56,780;20220704;05:15:00;05:20:00;63;19.61;243
E4S 56,780;20220704;05:20:00;05:25:00;64;19.24;245
E4S 56,780;20220704;05:25:00;05:30:00;65;19.41;290
E4S 56,780;20220704;05:30:00;05:35:00;66;19.29;286
E4S 56,780;20220704;05:35:00;05:40:00;67;19.19;285
E4S 56,780;20220704;05:40:00;05:45:00;68;18.52;267
E4S 56,780;20220704;05:45:00;05:50:00;69;18.93;280
E4S 56,780;20220704;05:50:00;05:55:00;70;18.60;307
E4S 56,780;20220704;05:55:00;06:00:00;71;19.18;278
E4S 56,780;20220704;06:00:00;06:05:00;72;18.97;285
E4S 56,780;20220704;06:05:00;06:10:00;73;18.79;293
E4S 56,780;20220704;06:10:00;06:15:00;74;19.71;230
E4S 56,780;20220704;06:15:00;06:20:00;75;19.37;275
E4S 56,780;20220704;06:20:00;06:25:00;76;18.93;264
E4S 56,780;20220704;06:25:00;06:30:00;77;18.99;264
E4S 56,780;20220704;06:30:00;06:35:00;78;18.70;294
E4S 56,780;20220704;06:35:00;06:40:00;79;18.96;282
E4S 56,780;20220704;06:40:00;06:45:00;80;18.23;326
E4S 56,780;20220704;06:45:00;06:50:00;81;18.80;284
E4S 56,780;20220704;06:50:00;06:55:00;82;19.03;249
E4S 56,780;20220704;06:55:00;07:00:00;83;18.55;307
E4S 56,780;20220704;07:00:00;07:05:00;84;19.15;254
E4S 56,780;20220704;07:05:00;07:10:00;85;18.54;271
E4S 56,780;20220704;07:10:00;07:15:00;86;18.75;314
E4S 56,780;20220704;07:15:00;07:20:00;87;18.38;297
E4S 56,780;20220704;07:20:00;07:25:00;88;19.17;251
E4S 56,780;20220704;07:25:00;07:30:00;89;18.81;294
E4S 56,780;20220704;07:30:00;07:35:00;90;18.69;320
E4S 56,780;20220704;07:35:00;07:40:00;91;18.44;309
E4S 56,780;20220704;07:40:00;07:45:00;92;18.18;287
E4S 56,780;20220704;07:45:00;07:50:00;93;18.44;285
E4S 56,780;20220704;07:50:00;07:55:00;94;17.53;334
E4S 56,780;20220704;07:55:00;08:00:00;95;18.00;317
E4S 56,780;20220704;08:00:00;08:05:00;96;18.53;251
E4S 56,780;20220704;08:05:00;08:10:00;97;18.47;307
E4S 56,780;20220704;08:10:00;08:15:00;98;18.18;336
E4S 56,780;20220704;08:15:00;08:20:00;99;18.00;337
E4S 56,780;20220704;08:20:00;08:25:00;100;18.13;280
E4S 56,780;20220704;08:25:00;08:30:00;101;17.66;333
E4S 56,780;20220704;08:30:00;08:35:00;102;17.87;318
E4S 56,780;20220704;08:35:00;08:40:00;103;18.33;296
E4S 56,780;20220704;08:40:00;08:45:00;104;18.25;308
E4S 56,780;20220704;08:45:00;08:50:00;105;18.20;313
E4S 56,780;20220704;08:50:00;08:55:00;106;18.71;288
E4S 56,780;20220704;08:55:00;09:00:00;107;18.00;313
E4S 56,780;20220704;09:00:00;09:05:00;108;18.29;313
E4S 56,780;20220704;09:05:00;09:10:00;109;18.22;274
E4S 56,780;20220704;09:10:00;09:15:00;110;18.99;271
E4S 56,780;20220704;09:15:00;09:20:00;111;17.83;312
E4S 56,780;20220704;09:20:00;09:25:00;112;18.31;306
E4S 56,780;20220704;09:25:00;09:30:00;113;17.74;323
E4S 56,780;20220704;09:30:00;09:35:00;114;17.98;303
E4S 56,780;20220704;09:35:00;09:40:00;115;17.87;306
E4S 56,780;20220704;09:40:00;09:45:00;116;18.41;308
E4S 56,780;20220704;09:45:00;09:50:00;117;18.13;296
E4S 56,780;20220704;09:50:00;09:55:00;118;17.91;286
E4S 56,780;20220704;09:55:00;10:00:00;119;18.09;326
E4S 56,780;20220704;10:00:00;10:05:00;120;18.58;290
E4S 56,780;20220704;10:05:00;10:10:00;121;18.05;315
E4S 56,780;20220704;10:10:00;10:15:00;122;18.04;338
E4S 56,780;20220704;10:15:00;10:20:00;123;17.61;312
E4S 56,780;20220704;10:20:00;10:25:00;124;17.94;327
E4S 56,780;20220704;10:25:00;10:30:00;125;17.34;353
E4S 56,780;20220704;10:30:00;10:35:00;126;17.73;299
E4S 56,780;20220704;10:35:00;10:40:00;127;17.43;290
E4S 56,780;20220704;10:40:00;10:45:00;128;18.00;304
E4S 56,780;20220704;10:45:00;10:50:00;129;16.95;303
E4S 56,780;20220704;10:50:00;10:55:00;130;17.27;289
E4S 56,780;20220704;10:55:00;11:00:00;131;16.69;255
E4S 56,780;20220704;11:00:00;11:05:00;132;16.09;352
E4S 56,780;20220704;11:05:00;11:10:00;133;15.94;184
E4S 56,780;20220704;11:10:00;11:15:00;134;15.05;187
E4S 56,780;20220704;11:15:00;11:20:00;135;17.20;264
E4S 56,780;20220704;11:20:00;11:25:00;136;17.28;303
E4S 56,780;20220704;11:25:00;11:30:00;137;16.64;355
E4S 56,780;20220704;11:30:00;11:35:00;138;16.76;359
E4S 56,780;20220704;11:35:00;11:40:00;139;17.41;337
E4S 56,780;20220704;11:40:00;11:45:00;140;17.95;298
E4S 56,780;20220704;11:45:00;11:50:00;141;17.10;344
E4S 56,780;20220704;11:50:00;11:55:00;142;15.50;264
E4S 56,780;20220704;11:55:00;12:00:00;143;15.98;269
E4S 56,780;20220704;12:00:00;12:05:00;144;12.00;244
E4S 56,780;20220704;12:05:00;12:10:00;145;12.21;257
E4S 56,780;20220704;12:10:00;12:15:00;146;14.06;361
E4S 56,780;20220704;12:15:00;12:20:00;147;13.20;358
E4S 56,780;20220704;12:20:00;12:25:00;148;11.27;375
E4S 56,780;20220704;12:25:00;12:30:00;149;9.10;262
E4S 56,780;20220704;12:30:00;12:35:00;150;12.49;302
E4S 56,780;20220704;12:35:00;12:40:00;151;14.53;409
E4S 56,780;20220704;12:40:00;12:45:00;152;14.64;395
E4S 56,780;20220704;12:45:00;12:50:00;153;13.41;377
E4S 56,780;20220704;12:50:00;12:55:00;154;10.52;337
E4S 56,780;20220704;12:55:00;13:00:00;155;14.23;380
E4S 56,780;20220704;13:00:00;13:05:00;156;12.58;370
E4S 56,780;20220704;13:05:00;13:10:00;157;11.14;361
E4S 56,780;20220704;13:10:00;13:15:00;158;8.25;275
E4S 56,780;20220704;13:15:00;13:20:00;159;11.31;326
E4S 56,780;20220704;13:20:00;13:25:00;160;10.53;310
E4S 56,780;20220704;13:25:00;13:30:00;161;10.16;320
E4S 56,780;20220704;13:30:00;13:35:00;162;8.98;283
E4S 56,780;20220704;13:35:00;13:40:00;163;11.06;343
E4S 56,780;20220704;13:40:00;13:45:00;164;9.34;297
E4S 56,780;20220704;13:45:00;13:50:00;165;11.57;325
E4S 56,780;20220704;13:50:00;13:55:00;166;12.07;336
E4S 56,780;20220704;13:55:00;14:00:00;167;12.19;319
E4S 56,780;20220704;14:00:00;14:05:00;168;9.85;334
E4S 56,780;20220704;14:05:00;14:10:00;169;8.53;280
E4S 56,780;20220704;14:10:00;14:15:00;170;9.59;303
E4S 56,780;20220704;14:15:00;14:20:00;171;8.41;312
E4S 56,780;20220704;14:20:00;14:25:00;172;9.39;256
E4S 56,780;20220704;14:25:00;14:30:00;173;9.48;210
E4S 56,780;20220704;14:30:00;14:35:00;174;9.25;328
E4S 56,780;20220704;14:35:00;14:40:00;175;12.19;367
E4S 56,780;20220704;14:40:00;14:45:00;176;8.99;252
E4S 56,780;20220704;14:45:00;14:50:00;177;12.49;370
E4S 56,780;20220704;14:50:00;14:55:00;178;11.70;364
E4S 56,780;20220704;14:55:00;15:00:00;179;12.58;355
E4S 56,780;20220704;15:00:00;15:05:00;180;12.73;342
E4S 56,780;20220704;15:05:00;15:10:00;181;12.43;327
E4S 56,780;20220704;15:10:00;15:15:00;182;12.93;269
E4S 56,780;20220704;15:15:00;15:20:00;183;15.23;291
E4S 56,780;20220704;15:20:00;15:25:00;184;16.32;302
E4S 56,780;20220704;15:25:00;15:30:00;185;15.67;285
E4S 56,780;20220704;15:30:00;15:35:00;186;16.17;291
E4S 56,780;20220704;15:35:00;15:40:00;187;16.19;272
E4S 56,780;20220704;15:40:00;15:45:00;188;16.12;267
E4S 56,780;20220704;15:45:00;15:50:00;189;15.99;269
E4S 56,780;20220704;15:50:00;15:55:00;190;16.66;274
E4S 56,780;20220704;15:55:00;16:00:00;191;17.72;264
E4S 56,780;20220704;16:00:00;16:05:00;192;17.21;285
E4S 56,780;20220704;16:05:00;16:10:00;193;16.97;266
E4S 56,780;20220704;16:10:00;16:15:00;194;17.19;298
E4S 56,780;20220704;16:15:00;16:20:00;195;16.44;265
E4S 56,780;20220704;16:20:00;16:25:00;196;17.81;258
E4S 56,780;20220704;16:25:00;16:30:00;197;16.77;267
E4S 56,780;20220704;16:30:00;16:35:00;198;16.62;293
E4S 56,780;20220704;16:35:00;16:40:00;199;17.48;307
E4S 56,780;20220704;16:40:00;16:45:00;200;17.16;255
E4S 56,780;20220704;16:45:00;16:50:00;201;18.20;239
E4S 56,780;20220704;16:50:00;16:55:00;202;17.86;283
E4S 56,780;20220704;16:55:00;17:00:00;203;18.35;267
E4S 56,780;20220704;17:00:00;17:05:00;204;18.68;234
E4S 56,780;20220704;17:05:00;17:10:00;205;18.95;229
E4S 56,780;20220704;17:10:00;17:15:00;206;18.99;223
E4S 56,780;20220704;17:15:00;17:20:00;207;18.97;233
E4S 56,780;20220704;17:20:00;17:25:00;208;19.60;206
E4S 56,780;20220704;17:25:00;17:30:00;209;19.78;185
E4S 56,780;20220704;17:30:00;17:35:00;210;19.05;216
E4S 56,780;20220704;17:35:00;17:40:00;211;19.46;229
E4S 56,780;20220704;17:40:00;17:45:00;212;19.17;203
E4S 56,780;20220704;17:45:00;17:50:00;213;19.32;198
E4S 56,780;20220704;17:50:00;17:55:00;214;19.35;175
E4S 56,780;20220704;17:55:00;18:00:00;215;19.46;200
E4S 56,780;20220704;18:00:00;18:05:00;216;19.52;199
E4S 56,780;20220704;18:05:00;18:10:00;217;19.41;206
E4S 56,780;20220704;18:10:00;18:15:00;218;19.37;194
E4S 56,780;20220704;18:15:00;18:20:00;219;19.47;195
E4S 56,780;20220704;18:20:00;18:25:00;220;19.49;188
E4S 56,780;20220704;18:25:00;18:30:00;221;19.27;176
E4S 56,780;20220704;18:30:00;18:35:00;222;19.41;192
E4S 56,780;20220704;18:35:00;18:40:00;223;19.67;149
E4S 56,780;20220704;18:40:00;18:45:00;224;19.71;149
E4S 56,780;20220704;18:45:00;18:50:00;225;20.15;162
E4S 56,780;20220704;18:50:00;18:55:00;226;20.21;160
E4S 56,780;20220704;18:55:00;19:00:00;227;20.29;162
E4S 56,780;20220704;19:00:00;19:05:00;228;19.83;152
E4S 56,780;20220704;19:05:00;19:10:00;229;19.65;130
E4S 56,780;20220704;19:10:00;19:15:00;230;20.18;173
E4S 56,780;20220704;19:15:00;19:20:00;231;19.94;178
E4S 56,780;20220704;19:20:00;19:25:00;232;20.16;152
E4S 56,780;20220704;19:25:00;19:30:00;233;20.43;149
E4S 56,780;20220704;19:30:00;19:35:00;234;19.69;143
E4S 56,780;20220704;19:35:00;19:40:00;235;20.09;137
E4S 56,780;20220704;19:40:00;19:45:00;236;20.47;110
E4S 56,780;20220704;19:45:00;19:50:00;237;19.93;110
E4S 56,780;20220704;19:50:00;19:55:00;238;20.47;121
E4S 56,780;20220704;19:55:00;20:00:00;239;20.02;129
E4S 56,780;20220704;20:00:00;20:05:00;240;20.09;123
E4S 56,780;20220704;20:05:00;20:10:00;241;20.08;110
E4S 56,780;20220704;20:10:00;20:15:00;242;20.19;99
E4S 56,780;20220704;20:15:00;20:20:00;243;19.85;83
E4S 56,780;20220704;20:20:00;20:25:00;244;20.46;67
E4S 56,780;20220704;20:25:00;20:30:00;245;20.10;82
E4S 56,780;20220704;20:30:00;20:35:00;246;19.96;67
E4S 56,780;20220704;20:35:00;20:40:00;247;19.76;69
E4S 56,780;20220704;20:40:00;20:45:00;248;20.58;71
E4S 56,780;20220704;20:45:00;20:50:00;249;20.09;72
E4S 56,780;20220704;20:50:00;20:55:00;250;20.96;75
E4S 56,780;20220704;20:55:00;21:00:00;251;19.52;68
E4S 56,780;20220704;21:00:00;21:05:00;252;19.98;64
E4S 56,780;20220704;21:05:00;21:10:00;253;20.55;65
E4S 56,780;20220704;21:10:00;21:15:00;254;19.89;75
E4S 56,780;20220704;21:15:00;21:20:00;255;20.60;66
E4S 56,780;20220704;21:20:00;21:25:00;256;20.55;60
E4S 56,780;20220704;21:25:00;21:30:00;257;20.19;64
E4S 56,780;20220704;21:30:00;21:35:00;258;20.35;76
E4S 56,780;20220704;21:35:00;21:40:00;259;20.36;63
E4S 56,780;20220704;21:40:00;21:45:00;260;20.20;59
E4S 56,780;20220704;21:45:00;21:50:00;261;20.67;43
E4S 56,780;20220704;21:50:00;21:55:00;262;19.88;44
E4S 56,780;20220704;21:55:00;22:00:00;263;19.82;54
E4S 56,780;20220704;22:00:00;22:05:00;264;19.65;35
E4S 56,780;20220704;22:05:00;22:10:00;265;19.76;65
E4S 56,780;20220704;22:10:00;22:15:00;266;20.34;55
E4S 56,780;20220704;22:15:00;22:20:00;267;19.99;53
E4S 56,780;20220704;22:20:00;22:25:00;268;21.56;47
E4S 56,780;20220704;22:25:00;22:30:00;269;19.91;40
E4S 56,780;20220704;22:30:00;22:35:00;270;20.96;31
E4S 56,780;20220704;22:35:00;22:40:00;271;19.76;54
E4S 56,780;20220704;22:40:00;22:45:00;272;19.00;36
E4S 56,780;20220704;22:45:00;22:50:00;273;21.09;32
E4S 56,780;20220704;22:50:00;22:55:00;274;20.06;28
E4S 56,780;20220704;22:55:00;23:00:00;275;20.18;20
E4S 56,780;20220704;23:00:00;23:05:00;276;19.32;25
E4S 56,780;20220704;23:05:00;23:10:00;277;20.68;26
E4S 56,780;20220704;23:10:00;23:15:00;278;20.01;19
E4S 56,780;20220704;23:15:00;23:20:00;279;19.77;30
E4S 56,780;20220704;23:20:00;23:25:00;280;21.63;21
E4S 56,780;20220704;23:25:00;23:30:00;281;20.75;32
E4S 56,780;20220704;23:30:00;23:35:00;282;20.61;29
E4S 56,780;20220704;23:35:00;23:40:00;283;19.89;34
E4S 56,780;20220704;23:40:00;23:45:00;284;21.19;49
E4S 56,780;20220704;23:45:00;23:50:00;285;21.71;22
E4S 56,780;20220704;23:50:00;23:55:00;286;22.03;34
E4S 56,780;20220704;23:55:00;24:00:00;287;21.18;55
E4S 56,780;20220711;00:00:00;00:05:00;0;19.91;30
E4S 56,780;20220711;00:05:00;00:10:00;1;21.30;23
E4S 56,780;20220711;00:10:00;00:15:00;2;20.34;22
E4S 56,780;20220711;00:15:00;00:20:00;3;21.94;20
E4S 56,780;20220711;00:20:00;00:25:00;4;19.95;17
E4S 56,780;20220711;00:25:00;00:30:00;5;21.12;26
E4S 56,780;20220711;00:30:00;00:35:00;6;21.87;13
E4S 56,780;20220711;00:35:00;00:40:00;7;20.34;36
E4S 56,780;20220711;00:40:00;00:45:00;8;20.18;14
E4S 56,780;20220711;00:45:00;00:50:00;9;21.18;16
E4S 56,780;20220711;00:50:00;00:55:00;10;20.31;23
E4S 56,780;20220711;00:55:00;01:00:00;11;20.82;25
E4S 56,780;20220711;01:00:00;01:05:00;12;20.82;22
E4S 56,780;20220711;01:05:00;01:10:00;13;21.78;25
E4S 56,780;20220711;01:10:00;01:15:00;14;20.74;17
E4S 56,780;20220711;01:15:00;01:20:00;15;19.79;16
E4S 56,780;20220711;01:20:00;01:25:00;16;21.16;13
E4S 56,780;20220711;01:25:00;01:30:00;17;21.89;28
E4S 56,780;20220711;01:30:00;01:35:00;18;19.91;24
E4S 56,780;20220711;01:35:00;01:40:00;19;21.46;26
E4S 56,780;20220711;01:40:00;01:45:00;20;23.08;24
E4S 56,780;20220711;01:45:00;01:50:00;21;20.56;28
E4S 56,780;20220711;01:50:00;01:55:00;22;22.29;17
E4S 56,780;20220711;01:55:00;02:00:00;23;21.42;30
E4S 56,780;20220711;02:00:00;02:05:00;24;21.83;30
E4S 56,780;20220711;02:05:00;02:10:00;25;23.21;28
E4S 56,780;20220711;02:10:00;02:15:00;26;21.39;31
E4S 56,780;20220711;02:15:00;02:20:00;27;21.41;29
E4S 56,780;20220711;02:20:00;02:25:00;28;22.94;29
E4S 56,780;20220711;02:25:00;02:30:00;29;22.37;29
E4S 56,780;20220711;02:30:00;02:35:00;30;22.11;33
E4S 56,780;20220711;02:35:00;02:40:00;31;20.38;39
E4S 56,780;20220711;02:40:00;02:45:00;32;20.79;28
E4S 56,780;20220711;02:45:00;02:50:00;33;21.01;58
E4S 56,780;20220711;02:50:00;02:55:00;34;21.86;44
E4S 56,780;20220711;02:55:00;03:00:00;35;22.30;48
E4S 56,780;20220711;03:00:00;03:05:00;36;21.82;43
E4S 56,780;20220711;03:05:00;03:10:00;37;21.00;54
E4S 56,780;20220711;03:10:00;03:15:00;38;22.02;52
E4S 56,780;20220711;03:15:00;03:20:00;39;21.99;64
E4S 56,780;20220711;03:20:00;03:25:00;40;20.90;81
E4S 56,780;20220711;03:25:00;03:30:00;41;21.42;77
E4S 56,780;20220711;03:30:00;03:35:00;42;21.30;78
E4S 56,780;20220711;03:35:00;03:40:00;43;21.71;115
E4S 56,780;20220711;03:40:00;03:45:00;44;21.47;123
E4S 56,780;20220711;03:45:00;03:50:00;45;21.41;139
E4S 56,780;20220711;03:50:00;03:55:00;46;20.86;133
E4S 56,780;20220711;03:55:00;04:00:00;47;21.41;140
E4S 56,780;20220711;04:00:00;04:05:00;48;21.87;123
E4S 56,780;20220711;04:05:00;04:10:00;49;21.57;127
E4S 56,780;20220711;04:10:00;04:15:00;50;21.25;147
E4S 56,780;20220711;04:15:00;04:20:00;51;21.11;204
E4S 56,780;20220711;04:20:00;04:25:00;52;20.70;226
E4S 56,780;20220711;04:25:00;04:30:00;53;20.46;243
E4S 56,780;20220711;04:30:00;04:35:00;54;19.68;248
E4S 56,780;20220711;04:35:00;04:40:00;55;21.10;232
E4S 56,780;20220711;04:40:00;04:45:00;56;20.91;230
E4S 56,780;20220711;04:45:00;04:50:00;57;20.37;241
E4S 56,780;20220711;04:50:00;04:55:00;58;21.03;198
E4S 56,780;20220711;04:55:00;05:00:00;59;20.44;197
E4S 56,780;20220711;05:00:00;05:05:00;60;20.32;186
E4S 56,780;20220711;05:05:00;05:10:00;61;20.22;207
E4S 56,780;20220711;05:10:00;05:15:00;62;20.16;207
E4S 56,780;20220711;05:15:00;05:20:00;63;20.12;215
E4S 56,780;20220711;05:20:00;05:25:00;64;19.98;233
E4S 56,780;20220711;05:25:00;05:30:00;65;20.26;210
E4S 56,780;20220711;05:30:00;05:35:00;66;20.35;234
E4S 56,780;20220711;05:35:00;05:40:00;67;19.69;213
E4S 56,780;20220711;05:40:00;05:45:00;68;20.03;189
E4S 56,780;20220711;05:45:00;05:50:00;69;20.63;199
E4S 56,780;20220711;05:50:00;05:55:00;70;20.19;213
E4S 56,780;20220711;05:55:00;06:00:00;71;19.16;304
E4S 56,780;20220711;06:00:00;06:05:00;72;19.30;297
E4S 56,780;20220711;06:05:00;06:10:00;73;19.60;237
E4S 56,780;20220711;06:10:00;06:15:00;74;19.49;239
E4S 56,780;20220711;06:15:00;06:20:00;75;19.33;238
E4S 56,780;20220711;06:20:00;06:25:00;76;19.76;226
E4S 56,780;20220711;06:25:00;06:30:00;77;19.70;236
E4S 56,780;20220711;06:30:00;06:35:00;78;19.22;255
E4S 56,780;20220711;06:35:00;06:40:00;79;19.52;229
E4S 56,780;20220711;06:40:00;06:45:00;80;19.31;272
E4S 56,780;20220711;06:45:00;06:50:00;81;18.89;249
E4S 56,780;20220711;06:50:00;06:55:00;82;19.94;232
E4S 56,780;20220711;06:55:00;07:00:00;83;19.27;289
E4S 56,780;20220711;07:00:00;07:05:00;84;19.63;267
E4S 56,780;20220711;07:05:00;07:10:00;85;19.55;239
E4S 56,780;20220711;07:10:00;07:15:00;86;19.40;285
E4S 56,780;20220711;07:15:00;07:20:00;87;19.23;255
E4S 56,780;20220711;07:20:00;07:25:00;88;19.14;275
E4S 56,780;20220711;07:25:00;07:30:00;89;19.65;260
E4S 56,780;20220711;07:30:00;07:35:00;90;18.81;259
E4S 56,780;20220711;07:35:00;07:40:00;91;18.99;263
E4S 56,780;20220711;07:40:00;07:45:00;92;19.08;280
E4S 56,780;20220711;07:45:00;07:50:00;93;18.64;275
E4S 56,780;20220711;07:50:00;07:55:00;94;19.05;292
E4S 56,780;20220711;07:55:00;08:00:00;95;18.71;275
E4S 56,780;20220711;08:00:00;08:05:00;96;18.86;286
E4S 56,780;20220711;08:05:00;08:10:00;97;18.40;303
E4S 56,780;20220711;08:10:00;08:15:00;98;18.18;298
E4S 56,780;20220711;08:15:00;08:20:00;99;18.40;302
E4S 56,780;20220711;08:20:00;08:25:00;100;18.59;317
E4S 56,780;20220711;08:25:00;08:30:00;101;15.78;352
E4S 56,780;20220711;08:30:00;08:35:00;102;9.73;307
E4S 56,780;20220711;08:35:00;08:40:00;103;16.50;323
E4S 56,780;20220711;08:40:00;08:45:00;104;18.14;300
E4S 56,780;20220711;08:45:00;08:50:00;105;17.73;309
E4S 56,780;20220711;08:50:00;08:55:00;106;18.31;309
E4S 56,780;20220711;08:55:00;09:00:00;107;18.02;298
E4S 56,780;20220711;09:00:00;09:05:00;108;18.68;288
E4S 56,780;20220711;09:05:00;09:10:00;109;18.32;300
E4S 56,780;20220711;09:10:00;09:15:00;110;18.18;277
E4S 56,780;20220711;09:15:00;09:20:00;111;18.17;287
E4S 56,780;20220711;09:20:00;09:25:00;112;18.52;321
E4S 56,780;20220711;09:25:00;09:30:00;113;18.43;305
E4S 56,780;20220711;09:30:00;09:35:00;114;18.36;300
E4S 56,780;20220711;09:35:00;09:40:00;115;18.64;301
E4S 56,780;20220711;09:40:00;09:45:00;116;18.19;286
E4S 56,780;20220711;09:45:00;09:50:00;117;18.07;294
E4S 56,780;20220711;09:50:00;09:55:00;118;18.81;273
E4S 56,780;20220711;09:55:00;10:00:00;119;18.47;287
E4S 56,780;20220711;10:00:00;10:05:00;120;18.47;304
E4S 56,780;20220711;10:05:00;10:10:00;121;18.64;276
E4S 56,780;20220711;10:10:00;10:15:00;122;18.52;293
E4S 56,780;20220711;10:15:00;10:20:00;123;18.58;282
E4S 56,780;20220711;10:20:00;10:25:00;124;17.59;325
E4S 56,780;20220711;10:25:00;10:30:00;125;17.81;300
E4S 56,780;20220711;10:30:00;10:35:00;126;16.80;277
E4S 56,780;20220711;10:35:00;10:40:00;127;17.56;294
E4S 56,780;20220711;10:40:00;10:45:00;128;17.87;312
E4S 56,780;20220711;10:45:00;10:50:00;129;18.05;305
E4S 56,780;20220711;10:50:00;10:55:00;130;18.48;276
E4S 56,780;20220711;10:55:00;11:00:00;131;18.07;271
E4S 56,780;20220711;11:00:00;11:05:00;132;18.42;285
E4S 56,780;20220711;11:05:00;11:10:00;133;18.51;261
E4S 56,780;20220711;11:10:00;11:15:00;134;17.93;309
E4S 56,780;20220711;11:15:00;11:20:00;135;18.03;294
E4S 56,780;20220711;11:20:00;11:25:00;136;17.83;335
E4S 56,780;20220711;11:25:00;11:30:00;137;18.16;277
E4S 56,780;20220711;11:30:00;11:35:00;138;17.79;287
E4S 56,780;20220711;11:35:00;11:40:00;139;17.84;312
E4S 56,780;20220711;11:40:00;11:45:00;140;17.74;307
E4S 56,780;20220711;11:45:00;11:50:00;141;17.36;335
E4S 56,780;20220711;11:50:00;11:55:00;142;17.81;304
E4S 56,780;20220711;11:55:00;12:00:00;143;17.54;281
E4S 56,780;20220711;12:00:00;12:05:00;144;18.12;297
E4S 56,780;20220711;12:05:00;12:10:00;145;18.31;303
E4S 56,780;20220711;12:10:00;12:15:00;146;18.71;280
E4S 56,780;20220711;12:15:00;12:20:00;147;18.76;301
E4S 56,780;20220711;12:20:00;12:25:00;148;18.42;304
E4S 56,780;20220711;12:25:00;12:30:00;149;19.10;294
E4S 56,780;20220711;12:30:00;12:35:00;150;18.55;302
E4S 56,780;20220711;12:35:00;12:40:00;151;18.29;273
E4S 56,780;20220711;12:40:00;12:45:00;152;18.44;279
E4S 56,780;20220711;12:45:00;12:50:00;153;17.79;310
E4S 56,780;20220711;12:50:00;12:55:00;154;18.06;309
E4S 56,780;20220711;12:55:00;13:00:00;155;17.64;242
E4S 56,780;20220711;13:00:00;13:05:00;156;16.54;295
E4S 56,780;20220711;13:05:00;13:10:00;157;16.51;316
E4S 56,780;20220711;13:10:00;13:15:00;158;9.08;207
E4S 56,780;20220711;13:15:00;13:20:00;159;10.67;274
E4S 56,780;20220711;13:20:00;13:25:00;160;6.47;185
E4S 56,780;20220711;13:25:00;13:30:00;161;9.04;261
E4S 56,780;20220711;13:30:00;13:35:00;162;8.58;225
E4S 56,780;20220711;13:35:00;13:40:00;163;7.86;185
E4S 56,780;20220711;13:40:00;13:45:00;164;7.44;210
E4S 56,780;20220711;13:45:00;13:50:00;165;5.97;123
E4S 56,780;20220711;13:50:00;13:55:00;166;7.77;231
E4S 56,780;20220711;13:55:00;14:00:00;167;6.89;169
E4S 56,780;20220711;14:00:00;14:05:00;168;8.34;37
E4S 56,780;20220711;14:05:00;14:10:00;169;5.83;98
E4S 56,780;20220711;14:10:00;14:15:00;170;12.46;301
E4S 56,780;20220711;14:15:00;14:20:00;171;14.10;393
E4S 56,780;20220711;14:20:00;14:25:00;172;9.32;238
E4S 56,780;20220711;14:25:00;14:30:00;173;11.33;323
E4S 56,780;20220711;14:30:00;14:35:00;174;9.04;270
E4S 56,780;20220711;14:35:00;14:40:00;175;10.71;323
E4S 56,780;20220711;14:40:00;14:45:00;176;10.38;316
E4S 56,780;20220711;14:45:00;14:50:00;177;10.97;275
E4S 56,780;20220711;14:50:00;14:55:00;178;11.13;349
E4S 56,780;20220711;14:55:00;15:00:00;179;13.25;366
E4S 56,780;20220711;15:00:00;15:05:00;180;12.56;368
E4S 56,780;20220711;15:05:00;15:10:00;181;14.00;355
E4S 56,780;20220711;15:10:00;15:15:00;182;13.47;300
E4S 56,780;20220711;15:15:00;15:20:00;183;13.70;311
E4S 56,780;20220711;15:20:00;15:25:00;184;14.71;288
E4S 56,780;20220711;15:25:00;15:30:00;185;16.04;227
E4S 56,780;20220711;15:30:00;15:35:00;186;16.59;218
E4S 56,780;20220711;15:35:00;15:40:00;187;15.71;284
E4S 56,780;20220711;15:40:00;15:45:00;188;14.26;369
E4S 56,780;20220711;15:45:00;15:50:00;189;16.89;239
E4S 56,780;20220711;15:50:00;15:55:00;190;17.06;253
E4S 56,780;20220711;15:55:00;16:00:00;191;16.73;247
E4S 56,780;20220711;16:00:00;16:05:00;192;17.95;239
E4S 56,780;20220711;16:05:00;16:10:00;193;17.37;253
E4S 56,780;20220711;16:10:00;16:15:00;194;17.24;302
E4S 56,780;20220711;16:15:00;16:20:00;195;17.81;257
E4S 56,780;20220711;16:20:00;16:25:00;196;16.77;285
E4S 56,780;20220711;16:25:00;16:30:00;197;16.95;268
E4S 56,780;20220711;16:30:00;16:35:00;198;16.96;211
E4S 56,780;20220711;16:35:00;16:40:00;199;17.66;242
E4S 56,780;20220711;16:40:00;16:45:00;200;18.42;214
E4S 56,780;20220711;16:45:00;16:50:00;201;18.08;226
E4S 56,780;20220711;16:50:00;16:55:00;202;18.32;167
E4S 56,780;20220711;16:55:00;17:00:00;203;18.49;200
E4S 56,780;20220711;17:00:00;17:05:00;204;18.63;185
E4S 56,780;20220711;17:05:00;17:10:00;205;18.46;217
E4S 56,780;20220711;17:10:00;17:15:00;206;18.64;218
E4S 56,780;20220711;17:15:00;17:20:00;207;19.21;198
E4S 56,780;20220711;17:20:00;17:25:00;208;19.28;196
E4S 56,780;20220711;17:25:00;17:30:00;209;20.01;178
E4S 56,780;20220711;17:30:00;17:35:00;210;19.29;215
E4S 56,780;20220711;17:35:00;17:40:00;211;18.96;191
E4S 56,780;20220711;17:40:00;17:45:00;212;19.42;168
E4S 56,780;20220711;17:45:00;17:50:00;213;18.95;201
E4S 56,780;20220711;17:50:00;17:55:00;214;20.48;165
E4S 56,780;20220711;17:55:00;18:00:00;215;19.32;172
E4S 56,780;20220711;18:00:00;18:05:00;216;19.41;180
E4S 56,780;20220711;18:05:00;18:10:00;217;19.51;167
E4S 56,780;20220711;18:10:00;18:15:00;218;19.51;181
E4S 56,780;20220711;18:15:00;18:20:00;219;19.50;170
E4S 56,780;20220711;18:20:00;18:25:00;220;20.11;140
E4S 56,780;20220711;18:25:00;18:30:00;221;19.13;192
E4S 56,780;20220711;18:30:00;18:35:00;222;19.99;158
E4S 56,780;20220711;18:35:00;18:40:00;223;19.63;153
E4S 56,780;20220711;18:40:00;18:45:00;224;19.82;159
E4S 56,780;20220711;18:45:00;18:50:00;225;19.64;154
E4S 56,780;20220711;18:50:00;18:55:00;226;19.78;143
E4S 56,780;20220711;18:55:00;19:00:00;227;19.52;145
E4S 56,780;20220711;19:00:00;19:05:00;228;19.71;156
E4S 56,780;20220711;19:05:00;19:10:00;229;19.76;167
E4S 56,780;20220711;19:10:00;19:15:00;230;19.73;171
E4S 56,780;20220711;19:15:00;19:20:00;231;19.62;166
E4S 56,780;20220711;19:20:00;19:25:00;232;19.74;157
E4S 56,780;20220711;19:25:00;19:30:00;233;19.45;133
E4S 56,780;20220711;19:30:00;19:35:00;234;20.11;148
E4S 56,780;20220711;19:35:00;19:40:00;235;20.50;116
E4S 56,780;20220711;19:40:00;19:45:00;236;20.20;118
E4S 56,780;20220711;19:45:00;19:50:00;237;19.91;128
E4S 56,780;20220711;19:50:00;19:55:00;238;20.26;135
E4S 56,780;20220711;19:55:00;20:00:00;239;19.98;122
E4S 56,780;20220711;20:00:00;20:05:00;240;20.08;103
E4S 56,780;20220711;20:05:00;20:10:00;241;19.59;119
E4S 56,780;20220711;20:10:00;20:15:00;242;20.00;124
E4S 56,780;20220711;20:15:00;20:20:00;243;19.82;127
E4S 56,780;20220711;20:20:00;20:25:00;244;20.10;101
E4S 56,780;20220711;20:25:00;20:30:00;245;20.78;78
E4S 56,780;20220711;20:30:00;20:35:00;246;19.86;83
E4S 56,780;20220711;20:35:00;20:40:00;247;20.43;111
E4S 56,780;20220711;20:40:00;20:45:00;248;20.62;72
E4S 56,780;20220711;20:45:00;20:50:00;249;20.05;58
E4S 56,780;20220711;20:50:00;20:55:00;250;20.13;76
E4S 56,780;20220711;20:55:00;21:00:00;251;19.57;65
E4S 56,780;20220711;21:00:00;21:05:00;252;20.06;80
E4S 56,780;20220711;21:05:00;21:10:00;253;19.96;81
E4S 56,780;20220711;21:10:00;21:15:00;254;20.17;72
E4S 56,780;20220711;21:15:00;21:20:00;255;20.73;60
E4S 56,780;20220711;21:20:00;21:25:00;256;20.37;62
E4S 56,780;20220711;21:25:00;21:30:00;257;19.45;70
E4S 56,780;20220711;21:30:00;21:35:00;258;20.21;62
E4S 56,780;20220711;21:35:00;21:40:00;259;20.38;56
E4S 56,780;20220711;21:40:00;21:45:00;260;20.02;62
E4S 56,780;20220711;21:45:00;21:50:00;261;19.92;54
E4S 56,780;20220711;21:50:00;21:55:00;262;19.89;54
E4S 56,780;20220711;21:55:00;22:00:00;263;20.04;51
E4S 56,780;20220711;22:00:00;22:05:00;264;20.31;51
E4S 56,780;20220711;22:05:00;22:10:00;265;19.41;53
E4S 56,780;20220711;22:10:00;22:15:00;266;20.75;46
E4S 56,780;20220711;22:15:00;22:20:00;267;19.93;39
E4S 56,780;20220711;22:20:00;22:25:00;268;19.38;28
E4S 56,780;20220711;22:25:00;22:30:00;269;18.88;60
E4S 56,780;20220711;22:30:00;22:35:00;270;20.02;46
E4S 56,780;20220711;22:35:00;22:40:00;271;19.02;37
E4S 56,780;20220711;22:40:00;22:45:00;272;19.43;38
E4S 56,780;20220711;22:45:00;22:50:00;273;18.98;40
E4S 56,780;20220711;22:50:00;22:55:00;274;18.14;40
E4S 56,780;20220711;22:55:00;23:00:00;275;19.12;45
E4S 56,780;20220711;23:00:00;23:05:00;276;19.96;52
E4S 56,780;20220711;23:05:00;23:10:00;277;17.51;35
E4S 56,780;20220711;23:10:00;23:15:00;278;17.65;36
E4S 56,780;20220711;23:15:00;23:20:00;279;17.58;42
E4S 56,780;20220711;23:20:00;23:25:00;280;16.21;35
E4S 56,780;20220711;23:25:00;23:30:00;281;17.70;37
E4S 56,780;20220711;23:30:00;23:35:00;282;17.70;34
E4S 56,780;20220711;23:35:00;23:40:00;283;16.59;35
E4S 56,780;20220711;23:40:00;23:45:00;284;17.00;28
E4S 56,780;20220711;23:45:00;23:50:00;285;18.27;29
E4S 56,780;20220711;23:50:00;23:55:00;286;19.29;39
E4S 56,780;20220711;23:55:00;24:00:00;287;20.38;29
E4S 56,780;20220712;00:00:00;00:05:00;0;20.65;33
E4S 56,780;20220712;00:05:00;00:10:00;1;19.73;27
E4S 56,780;20220712;00:10:00;00:15:00;2;22.15;42
E4S 56,780;20220712;00:15:00;00:20:00;3;20.73;36
E4S 56,780;20220712;00:20:00;00:25:00;4;20.02;31
E4S 56,780;20220712;00:25:00;00:30:00;5;21.38;35
E4S 56,780;20220712;00:30:00;00:35:00;6;20.86;22
E4S 56,780;20220712;00:35:00;00:40:00;7;19.68;22
E4S 56,780;20220712;00:40:00;00:45:00;8;21.02;21
E4S 56,780;20220712;00:45:00;00:50:00;9;20.94;14
E4S 56,780;20220712;00:50:00;00:55:00;10;20.23;16
E4S 56,780;20220712;00:55:00;01:00:00;11;22.08;26
E4S 56,780;20220712;01:00:00;01:05:00;12;19.97;13
E4S 56,780;20220712;01:05:00;01:10:00;13;21.45;25
E4S 56,780;20220712;01:10:00;01:15:00;14;21.07;24
E4S 56,780;20220712;01:15:00;01:20:00;15;21.32;25
E4S 56,780;20220712;01:20:00;01:25:00;16;21.17;21
E4S 56,780;20220712;01:25:00;01:30:00;17;21.04;27
E4S 56,780;20220712;01:30:00;01:35:00;18;21.78;33
E4S 56,780;20220712;01:35:00;01:40:00;19;22.08;25
E4S 56,780;20220712;01:40:00;01:45:00;20;20.47;19
E4S 56,780;20220712;01:45:00;01:50:00;21;22.62;39
E4S 56,780;20220712;01:50:00;01:55:00;22;19.59;24
E4S 56,780;20220712;01:55:00;02:00:00;23;22.56;33
E4S 56,780;20220712;02:00:00;02:05:00;24;20.57;37
E4S 56,780;20220712;02:05:00;02:10:00;25;19.71;30
E4S 56,780;20220712;02:10:00;02:15:00;26;21.04;32
E4S 56,780;20220712;02:15:00;02:20:00;27;22.00;43
E4S 56,780;20220712;02:20:00;02:25:00;28;22.66;41
E4S 56,780;20220712;02:25:00;02:30:00;29;21.68;34
E4S 56,780;20220712;02:30:00;02:35:00;30;20.73;33
E4S 56,780;20220712;02:35:00;02:40:00;31;21.86;38
E4S 56,780;20220712;02:40:00;02:45:00;32;20.43;52
E4S 56,780;20220712;02:45:00;02:50:00;33;21.48;46
E4S 56,780;20220712;02:50:00;02:55:00;34;21.52;29
E4S 56,780;20220712;02:55:00;03:00:00;35;21.58;46
E4S 56,780;20220712;03:00:00;03:05:00;36;21.86;44
E4S 56,780;20220712;03:05:00;03:10:00;37;21.63;35
E4S 56,780;20220712;03:10:00;03:15:00;38;21.55;44
E4S 56,780;20220712;03:15:00;03:20:00;39;21.59;63
E4S 56,780;20220712;03:20:00;03:25:00;40;22.05;71
E4S 56,780;20220712;03:25:00;03:30:00;41;21.29;65
E4S 56,780;20220712;03:30:00;03:35:00;42;22.10;100
E4S 56,780;20220712;03:35:00;03:40:00;43;21.88;83
E4S 56,780;20220712;03:40:00;03:45:00;44;21.87;110
E4S 56,780;20220712;03:45:00;03:50:00;45;21.14;135
E4S 56,780;20220712;03:50:00;03:55:00;46;22.52;114
E4S 56,780;20220712;03:55:00;04:00:00;47;21.21;127
E4S 56,780;20220712;04:00:00;04:05:00;48;21.58;106
E4S 56,780;20220712;04:05:00;04:10:00;49;21.43;131
E4S 56,780;20220712;04:10:00;04:15:00;50;21.48;117
E4S 56,780;20220712;04:15:00;04:20:00;51;21.30;175
E4S 56,780;20220712;04:20:00;04:25:00;52;21.53;194
E4S 56,780;20220712;04:25:00;04:30:00;53;20.73;214
E4S 56,780;20220712;04:30:00;04:35:00;54;20.47;198
E4S 56,780;20220712;04:35:00;04:40:00;55;20.73;212
E4S 56,780;20220712;04:40:00;04:45:00;56;19.98;242
E4S 56,780;20220712;04:45:00;04:50:00;57;20.29;211
E4S 56,780;20220712;04:50:00;04:55:00;58;20.21;207
E4S 56,780;20220712;04:55:00;05:00:00;59;20.31;189
E4S 56,780;20220712;05:00:00;05:05:00;60;20.33;180
E4S 56,780;20220712;05:05:00;05:10:00;61;20.16;167
E4S 56,780;20220712;05:10:00;05:15:00;62;20.13;196
E4S 56,780;20220712;05:15:00;05:20:00;63;20.36;205
E4S 56,780;20220712;05:20:00;05:25:00;64;20.34;182
E4S 56,780;20220712;05:25:00;05:30:00;65;19.65;260
E4S 56,780;20220712;05:30:00;05:35:00;66;19.63;235
E4S 56,780;20220712;05:35:00;05:40:00;67;19.47;280
E4S 56,780;20220712;05:40:00;05:45:00;68;19.81;221
E4S 56,780;20220712;05:45:00;05:50:00;69;19.72;261
E4S 56,780;20220712;05:50:00;05:55:00;70;19.57;246
E4S 56,780;20220712;05:55:00;06:00:00;71;19.83;215
E4S 56,780;20220712;06:00:00;06:05:00;72;19.89;215
E4S 56,780;20220712;06:05:00;06:10:00;73;19.44;231
E4S 56,780;20220712;06:10:00;06:15:00;74;20.24;209
E4S 56,780;20220712;06:15:00;06:20:00;75;20.25;209
E4S 56,780;20220712;06:20:00;06:25:00;76;19.69;232
E4S 56,780;20220712;06:25:00;06:30:00;77;19.61;227
E4S 56,780;20220712;06:30:00;06:35:00;78;19.57;225
E4S 56,780;20220712;06:35:00;06:40:00;79;19.30;245
E4S 56,780;20220712;06:40:00;06:45:00;80;19.49;243
E4S 56,780;20220712;06:45:00;06:50:00;81;19.31;267
E4S 56,780;20220712;06:50:00;06:55:00;82;19.47;255
E4S 56,780;20220712;06:55:00;07:00:00;83;18.95;266
E4S 56,780;20220712;07:00:00;07:05:00;84;19.77;218
E4S 56,780;20220712;07:05:00;07:10:00;85;19.11;223
E4S 56,780;20220712;07:10:00;07:15:00;86;18.84;257
E4S 56,780;20220712;07:15:00;07:20:00;87;19.67;256
E4S 56,780;20220712;07:20:00;07:25:00;88;19.15;232
E4S 56,780;20220712;07:25:00;07:30:00;89;18.53;269
E4S 56,780;20220712;07:30:00;07:35:00;90;18.86;272
E4S 56,780;20220712;07:35:00;07:40:00;91;18.73;296
E4S 56,780;20220712;07:40:00;07:45:00;92;19.38;273
E4S 56,780;20220712;07:45:00;07:50:00;93;18.79;303
E4S 56,780;20220712;07:50:00;07:55:00;94;18.90;265
E4S 56,780;20220712;07:55:00;08:00:00;95;18.78;275
E4S 56,780;20220712;08:00:00;08:05:00;96;18.34;263
E4S 56,780;20220712;08:05:00;08:10:00;97;18.90;256
E4S 56,780;20220712;08:10:00;08:15:00;98;18.60;283
E4S 56,780;20220712;08:15:00;08:20:00;99;18.93;284
E4S 56,780;20220712;08:20:00;08:25:00;100;18.05;324
E4S 56,780;20220712;08:25:00;08:30:00;101;18.56;290
E4S 56,780;20220712;08:30:00;08:35:00;102;18.29;287
E4S 56,780;20220712;08:35:00;08:40:00;103;18.93;285
E4S 56,780;20220712;08:40:00;08:45:00;104;18.07;324
E4S 56,780;20220712;08:45:00;08:50:00;105;18.43;300
E4S 56,780;20220712;08:50:00;08:55:00;106;18.70;275
E4S 56,780;20220712;08:55:00;09:00:00;107;18.69;287
E4S 56,780;20220712;09:00:00;09:05:00;108;18.40;285
E4S 56,780;20220712;09:05:00;09:10:00;109;18.65;271
E4S 56,780;20220712;09:10:00;09:15:00;110;17.57;10
E4S 56,780;20220712;09:15:00;09:20:00;111;16.61;17
E4S 56,780;20220712;09:20:00;09:25:00;112;17.95;13
E4S 56,780;20220712;09:25:00;09:30:00;113;17.11;17
E4S 56,780;20220712;09:30:00;09:35:00;114;17.55;21
E4S 56,780;20220712;09:35:00;09:40:00;115;16.56;16
E4S 56,780;20220712;09:40:00;09:45:00;116;19.67;11
E4S 56,780;20220712;09:45:00;09:50:00;117;17.78;13
E4S 56,780;20220712;09:50:00;09:55:00;118;17.56;20
E4S 56,780;20220712;09:55:00;10:00:00;119;16.83;21
E4S 56,780;20220712;10:00:00;10:05:00;120;17.64;13
E4S 56,780;20220712;10:05:00;10:10:00;121;18.78;18
E4S 56,780;20220712;10:10:00;10:15:00;122;17.17;19
E4S 56,780;20220712;10:15:00;10:20:00;123;17.06;12
E4S 56,780;20220712;10:20:00;10:25:00;124;17.61;12
E4S 56,780;20220712;10:25:00;10:30:00;125;17.72;17
E4S 56,780;20220712;10:30:00;10:35:00;126;16.83;21
E4S 56,780;20220712;10:35:00;10:40:00;127;17.50;16
E4S 56,780;20220712;10:40:00;10:45:00;128;17.43;10
E4S 56,780;20220712;10:45:00;10:50:00;129;18.05;24
E4S 56,780;20220712;10:50:00;10:55:00;130;16.44;16
E4S 56,780;20220712;10:55:00;11:00:00;131;17.36;16
E4S 56,780;20220712;11:00:00;11:05:00;132;18.22;18
E4S 56,780;20220712;11:05:00;11:10:00;133;18.47;7
E4S 56,780;20220712;11:10:00;11:15:00;134;18.34;7
E4S 56,780;20220712;11:15:00;11:20:00;135;17.22;18
E4S 56,780;20220712;11:20:00;11:25:00;136;17.11;17
E4S 56,780;20220712;11:25:00;11:30:00;137;16.78;22
E4S 56,780;20220712;11:30:00;11:35:00;138;17.78;15
E4S 56,780;20220712;11:35:00;11:40:00;139;16.50;18
E4S 56,780;20220712;11:40:00;11:45:00;140;16.11;28
E4S 56,780;20220712;11:45:00;11:50:00;141;16.00;21
E4S 56,780;20220712;11:50:00;11:55:00;142;16.89;16
E4S 56,780;20220712;11:55:00;12:00:00;143;17.95;15
E4S 56,780;20220712;12:00:00;12:05:00;144;17.72;18
E4S 56,780;20220712;12:05:00;12:10:00;145;16.73;22
E4S 56,780;20220712;12:10:00;12:15:00;146;16.04;15
E4S 56,780;20220712;12:15:00;12:20:00;147;15.97;9
E4S 56,780;20220712;12:20:00;12:25:00;148;16.39;1
E4S 56,780;20220712;12:25:00;12:30:00;149;18.39;23
E4S 56,780;20220712;12:30:00;12:35:00;150;17.61;24
E4S 56,780;20220712;12:35:00;12:40:00;151;16.89;21
E4S 56,780;20220712;12:40:00;12:45:00;152;17.02;20
E4S 56,780;20220712;12:45:00;12:50:00;153;17.66;20
E4S 56,780;20220712;12:50:00;12:55:00;154;17.67;28
E4S 56,780;20220712;12:55:00;13:00:00;155;16.00;19
E4S 56,780;20220712;13:00:00;13:05:00;156;17.15;14
E4S 56,780;20220712;13:05:00;13:10:00;157;17.61;28
E4S 56,780;20220712;13:10:00;13:15:00;158;17.50;12
E4S 56,780;20220712;13:15:00;13:20:00;159;17.11;17
E4S 56,780;20220712;13:20:00;13:25:00;160;16.39;24
E4S 56,780;20220712;13:25:00;13:30:00;161;17.56;23
E4S 56,780;20220712;13:30:00;13:35:00;162;16.61;22
E4S 56,780;20220712;13:35:00;13:40:00;163;15.89;15
E4S 56,780;20220712;13:40:00;13:45:00;164;17.55;26
E4S 56,780;20220712;13:45:00;13:50:00;165;18.17;22
E4S 56,780;20220712;13:50:00;13:55:00;166;16.39;19
E4S 56,780;20220712;13:55:00;14:00:00;167;15.95;18
E4S 56,780;20220712;14:00:00;14:05:00;168;17.06;12
E4S 56,780;20220712;14:05:00;14:10:00;169;17.56;21
E4S 56,780;20220712;14:10:00;14:15:00;170;17.45;23
E4S 56,780;20220712;14:15:00;14:20:00;171;16.61;29
E4S 56,780;20220712;14:20:00;14:25:00;172;17.39;13
E4S 56,780;20220712;14:25:00;14:30:00;173;17.44;16
E4S 56,780;20220712;14:30:00;14:35:00;174;15.97;19
E4S 56,780;20220712;14:35:00;14:40:00;175;17.22;28
E4S 56,780;20220712;14:40:00;14:45:00;176;17.67;20
E4S 56,780;20220712;14:45:00;14:50:00;177;16.61;25
E4S 56,780;20220712;14:50:00;14:55:00;178;16.17;17
E4S 56,780;20220712;14:55:00;15:00:00;179;17.22;11
E4S 56,780;20220712;15:00:00;15:05:00;180;17.08;10
E4S 56,780;20220712;15:05:00;15:10:00;181;16.00;32
E4S 56,780;20220712;15:10:00;15:15:00;182;16.95;29
E4S 56,780;20220712;15:15:00;15:20:00;183;16.78;26
E4S 56,780;20220712;15:20:00;15:25:00;184;16.61;23
E4S 56,780;20220712;15:25:00;15:30:00;185;16.95;30
E4S 56,780;20220712;15:30:00;15:35:00;186;16.55;24
E4S 56,780;20220712;15:35:00;15:40:00;187;16.67;32
E4S 56,780;20220712;15:40:00;15:45:00;188;16.28;24
E4S 56,780;20220712;15:45:00;15:50:00;189;17.11;25
E4S 56,780;20220712;15:50:00;15:55:00;190;16.78;26
E4S 56,780;20220712;15:55:00;16:00:00;191;16.28;39
E4S 56,780;20220712;16:00:00;16:05:00;192;16.22;34
E4S 56,780;20220712;16:05:00;16:10:00;193;16.94;24
E4S 56,780;20220712;16:10:00;16:15:00;194;16.67;45
E4S 56,780;20220712;16:15:00;16:20:00;195;17.06;23
E4S 56,780;20220712;16:20:00;16:25:00;196;16.22;31
E4S 56,780;20220712;16:25:00;16:30:00;197;16.67;24
E4S 56,780;20220712;16:30:00;16:35:00;198;17.17;20
E4S 56,780;20220712;16:35:00;16:40:00;199;16.28;23
E4S 56,780;20220712;16:40:00;16:45:00;200;17.00;23
E4S 56,780;20220712;16:45:00;16:50:00;201;17.33;28
E4S 56,780;20220712;16:50:00;16:55:00;202;17.00;16
E4S 56,780;20220712;16:55:00;17:00:00;203;17.61;21
E4S 56,780;20220712;17:00:00;17:05:00;204;18.17;21
E4S 56,780;20220712;17:05:00;17:10:00;205;18.06;19
E4S 56,780;20220712;17:10:00;17:15:00;206;16.45;26
E4S 56,780;20220712;17:15:00;17:20:00;207;16.44;25
E4S 56,780;20220712;17:20:00;17:25:00;208;17.17;28
E4S 56,780;20220712;17:25:00;17:30:00;209;17.95;24
E4S 56,780;20220712;17:30:00;17:35:00;210;16.53;13
E4S 56,780;20220712;17:35:00;17:40:00;211;17.64;14
E4S 56,780;20220712;17:40:00;17:45:00;212;16.83;25
E4S 56,780;20220712;17:45:00;17:50:00;213;17.33;21
E4S 56,780;20220712;17:50:00;17:55:00;214;17.78;23
E4S 56,780;20220712;17:55:00;18:00:00;215;17.78;12
E4S 56,780;20220712;18:00:00;18:05:00;216;18.94;16
E4S 56,780;20220712;18:05:00;18:10:00;217;17.72;22
E4S 56,780;20220712;18:10:00;18:15:00;218;17.22;14
E4S 56,780;20220712;18:15:00;18:20:00;219;17.16;14
E4S 56,780;20220712;18:20:00;18:25:00;220;17.66;14
E4S 56,780;20220712;18:25:00;18:30:00;221;17.15;13
E4S 56,780;20220712;18:30:00;18:35:00;222;17.43;19
E4S 56,780;20220712;18:35:00;18:40:00;223;16.85;10
E4S 56,780;20220712;18:40:00;18:45:00;224;17.50;13
E4S 56,780;20220712;18:45:00;18:50:00;225;18.50;8
E4S 56,780;20220712;18:50:00;18:55:00;226;19.65;15
E4S 56,780;20220712;18:55:00;19:00:00;227;17.89;13
E4S 56,780;20220712;19:00:00;19:05:00;228;18.68;7
E4S 56,780;20220712;19:05:00;19:10:00;229;19.89;15
E4S 56,780;20220712;19:10:00;19:15:00;230;18.50;14
E4S 56,780;20220712;19:15:00;19:20:00;231;17.98;13
E4S 56,780;20220712;19:20:00;19:25:00;232;18.89;15
E4S 56,780;20220712;19:25:00;19:30:00;233;18.96;13
E4S 56,780;20220712;19:30:00;19:35:00;234;19.67;12
E4S 56,780;20220712;19:35:00;19:40:00;235;18.39;19
E4S 56,780;20220712;19:40:00;19:45:00;236;18.39;14
E4S 56,780;20220712;19:45:00;19:50:00;237;19.58;5
E4S 56,780;20220712;19:50:00;19:55:00;238;17.29;8
E4S 56,780;20220712;19:55:00;20:00:00;239;19.45;9
E4S 56,780;20220712;20:00:00;20:05:00;240;18.72;13
E4S 56,780;20220712;20:05:00;20:10:00;241;18.43;4
E4S 56,780;20220712;20:10:00;20:15:00;242;16.28;7
E4S 56,780;20220712;20:15:00;20:20:00;243;17.68;5
E4S 56,780;20220712;20:20:00;20:25:00;244;17.78;9
E4S 56,780;20220712;20:25:00;20:30:00;245;19.38;6
E4S 56,780;20220712;20:30:00;20:35:00;246;17.95;9
E4S 56,780;20220712;20:35:00;20:40:00;247;19.03;4
E4S 56,780;20220712;20:40:00;20:45:00;248;18.61;17
E4S 56,780;20220712;20:45:00;20:50:00;249;18.54;7
E4S 56,780;20220712;20:50:00;20:55:00;250;17.83;9
E4S 56,780;20220712;20:55:00;21:00:00;251;18.17;12
E4S 56,780;20220712;21:00:00;21:05:00;252;18.89;10
E4S 56,780;20220712;21:05:00;21:10:00;253;18.95;13
E4S 56,780;20220712;21:10:00;21:15:00;254;18.20;7
E4S 56,780;20220712;21:15:00;21:20:00;255;17.78;9
E4S 56,780;20220712;21:20:00;21:25:00;256;17.87;6
E4S 56,780;20220712;21:25:00;21:30:00;257;23.89;10
E4S 56,780;20220712;21:30:00;21:35:00;258;20.00;5
E4S 56,780;20220712;21:35:00;21:40:00;259;17.91;14
E4S 56,780;20220712;21:40:00;21:45:00;260;18.61;4
E4S 56,780;20220712;21:45:00;21:50:00;261;20.55;3
E4S 56,780;20220712;21:50:00;21:55:00;262;19.07;6
E4S 56,780;20220712;21:55:00;22:00:00;263;18.83;8
E4S 56,780;20220712;22:00:00;22:05:00;264;19.89;7
E4S 56,780;20220712;22:05:00;22:10:00;265;17.11;9
E4S 56,780;20220712;22:10:00;22:15:00;266;18.89;9
E4S 56,780;20220712;22:15:00;22:20:00;267;17.87;7
E4S 56,780;20220712;22:20:00;22:25:00;268;19.08;6
E4S 56,780;20220712;22:25:00;22:30:00;269;20.83;3
E4S 56,780;20220712;22:30:00;22:35:00;270;19.45;4
E4S 56,780;20220712;22:35:00;22:40:00;271;17.71;7
E4S 56,780;20220712;22:40:00;22:45:00;272;18.11;10
E4S 56,780;20220712;22:45:00;22:50:00;273;18.55;8
E4S 56,780;20220712;22:50:00;22:55:00;274;19.08;4
E4S 56,780;20220712;22:55:00;23:00:00;275;19.38;6
E4S 56,780;20220712;23:00:00;23:05:00;276;18.15;3
E4S 56,780;20220712;23:05:00;23:10:00;277;17.85;6
E4S 56,780;20220712;23:10:00;23:15:00;278;18.61;3
E4S 56,780;20220712;23:15:00;23:20:00;279;17.56;8
E4S 56,780;20220712;23:20:00;23:25:00;280;19.17;8
E4S 56,780;20220712;23:25:00;23:30:00;281;20.55;8
E4S 56,780;20220712;23:30:00;23:35:00;282;19.17;6
E4S 56,780;20220712;23:35:00;23:40:00;283;19.52;4
E4S 56,780;20220712;23:40:00;23:45:00;284;18.06;2
E4S 56,780;20220712;23:45:00;23:50:00;285;18.20;4
E4S 56,780;20220712;23:50:00;23:55:00;286;18.42;4
E4S 56,780;20220712;23:55:00;24:00:00;287;20.46;3
E4S 56,780;20220715;00:00:00;00:05:00;0;16.94;1
E4S 56,780;20220715;00:05:00;00:10:00;1;19.82;3
E4S 56,780;20220715;00:10:00;00:15:00;2;18.61;2
E4S 56,780;20220715;00:15:00;00:20:00;3;16.95;3
E4S 56,780;20220715;00:20:00;00:25:00;4;18.33;4
E4S 56,780;20220715;00:25:00;00:30:00;5;18.15;3
E4S 56,780;20220715;00:30:00;00:35:00;6;19.45;7
E4S 56,780;20220715;00:35:00;00:40:00;7;19.54;4
E4S 56,780;20220715;00:40:00;00:45:00;8;16.67;2
E4S 56,780;20220715;00:45:00;00:50:00;9;19.30;5
E4S 56,780;20220715;00:50:00;00:55:00;10;17.50;3
E4S 56,780;20220715;00:55:00;01:00:00;11;18.20;2
E4S 56,780;20220715;01:00:00;01:05:00;12;27.78;1
E4S 56,780;20220715;01:05:00;01:10:00;13;21.53;2
E4S 56,780;20220715;01:10:00;01:15:00;14;16.94;4
E4S 56,780;20220715;01:15:00;01:20:00;15;20.55;2
E4S 56,780;20220715;01:20:00;01:25:00;16;19.72;3
E4S 56,780;20220715;01:25:00;01:30:00;17;14.73;2
E4S 56,780;20220715;01:30:00;01:35:00;18;16.67;1
E4S 56,780;20220715;01:35:00;01:40:00;19;18.61;3
E4S 56,780;20220715;01:40:00;01:45:00;20;20.00;2
E4S 56,780;20220715;01:45:00;01:50:00;21;16.80;3
E4S 56,780;20220715;01:50:00;01:55:00;22;19.72;3
E4S 56,780;20220715;01:55:00;02:00:00;23;16.73;4
E4S 56,780;20220715;02:00:00;02:05:00;24;18.20;2
E4S 56,780;20220715;02:05:00;02:10:00;25;18.89;2
E4S 56,780;20220715;02:10:00;02:15:00;26;18.34;2
E4S 56,780;20220715;02:15:00;02:20:00;27;17.22;1
E4S 56,780;20220715;02:20:00;02:25:00;28;20.00;3
E4S 56,780;20220715;02:30:00;02:35:00;30;19.31;2
E4S 56,780;20220715;02:35:00;02:40:00;31;15.56;2
E4S 56,780;20220715;02:45:00;02:50:00;33;18.61;1
E4S 56,780;20220715;02:50:00;02:55:00;34;20.27;2
E4S 56,780;20220715;03:00:00;03:05:00;36;16.95;4
E4S 56,780;20220715;03:10:00;03:15:00;38;18.05;2
E4S 56,780;20220715;03:15:00;03:20:00;39;20.28;1
E4S 56,780;20220715;03:20:00;03:25:00;40;18.61;1
E4S 56,780;20220715;03:30:00;03:35:00;42;18.89;1
E4S 56,780;20220715;03:35:00;03:40:00;43;19.45;2
E4S 56,780;20220715;03:40:00;03:45:00;44;19.44;2
E4S 56,780;20220715;03:45:00;03:50:00;45;21.95;2
E4S 56,780;20220715;03:50:00;03:55:00;46;30.56;1
E4S 56,780;20220715;03:55:00;04:00:00;47;21.11;4
E4S 56,780;20220715;04:00:00;04:05:00;48;19.16;3
E4S 56,780;20220715;04:05:00;04:10:00;49;17.64;2
E4S 56,780;20220715;04:10:00;04:15:00;50;19.17;3
E4S 56,780;20220715;04:15:00;04:20:00;51;17.77;2
E4S 56,780;20220715;04:25:00;04:30:00;53;20.37;3
E4S 56,780;20220715;04:35:00;04:40:00;55;23.06;1
E4S 56,780;20220715;04:40:00;04:45:00;56;21.53;2
E4S 56,780;20220715;04:45:00;04:50:00;57;13.33;1
E4S 56,780;20220715;04:50:00;04:55:00;58;27.23;2
E4S 56,780;20220715;04:55:00;05:00:00;59;20.00;2
E4S 56,780;20220715;05:00:00;05:05:00;60;17.22;5
E4S 56,780;20220715;05:05:00;05:10:00;61;20.09;3
E4S 56,780;20220715;05:10:00;05:15:00;62;17.68;6
E4S 56,780;20220715;05:15:00;05:20:00;63;20.28;2
E4S 56,780;20220715;05:20:00;05:25:00;64;16.11;3
E4S 56,780;20220715;05:25:00;05:30:00;65;19.86;5
E4S 56,780;20220715;05:30:00;05:35:00;66;19.44;3
E4S 56,780;20220715;05:35:00;05:40:00;67;17.11;10
E4S 56,780;20220715;05:40:00;05:45:00;68;18.50;6
E4S 56,780;20220715;05:45:00;05:50:00;69;18.33;15
E4S 56,780;20220715;05:50:00;05:55:00;70;18.11;9
E4S 56,780;20220715;05:55:00;06:00:00;71;17.78;3
E4S 56,780;20220715;06:00:00;06:05:00;72;18.89;9
E4S 56,780;20220715;06:05:00;06:10:00;73;18.44;9
E4S 56,780;20220715;06:10:00;06:15:00;74;18.68;9
E4S 56,780;20220715;06:15:00;06:20:00;75;17.50;8
E4S 56,780;20220715;06:20:00;06:25:00;76;20.74;6
E4S 56,780;20220715;06:25:00;06:30:00;77;21.11;17
E4S 56,780;20220715;06:30:00;06:35:00;78;17.33;14
E4S 56,780;20220715;06:35:00;06:40:00;79;19.06;12
E4S 56,780;20220715;06:40:00;06:45:00;80;19.45;12
E4S 56,780;20220715;06:45:00;06:50:00;81;18.75;12
E4S 56,780;20220715;06:50:00;06:55:00;82;20.07;14
E4S 56,780;20220715;06:55:00;07:00:00;83;18.61;14
E4S 56,780;20220715;07:00:00;07:05:00;84;18.00;21
E4S 56,780;20220715;07:05:00;07:10:00;85;18.28;12
E4S 56,780;20220715;07:10:00;07:15:00;86;18.00;17
E4S 56,780;20220715;07:15:00;07:20:00;87;19.22;19
E4S 56,780;20220715;07:20:00;07:25:00;88;19.95;8
E4S 56,780;20220715;07:25:00;07:30:00;89;17.06;13
E4S 56,780;20220715;07:30:00;07:35:00;90;19.31;12
E4S 56,780;20220715;07:35:00;07:40:00;91;19.37;15
E4S 56,780;20220715;07:40:00;07:45:00;92;18.94;18
E4S 56,780;20220715;07:45:00;07:50:00;93;18.61;17
E4S 56,780;20220715;07:50:00;07:55:00;94;18.00;16
E4S 56,780;20220715;07:55:00;08:00:00;95;18.33;18
E4S 56,780;20220715;08:00:00;08:05:00;96;20.11;14
E4S 56,780;20220715;08:05:00;08:10:00;97;18.54;19
E4S 56,780;20220715;08:10:00;08:15:00;98;18.44;9
E4S 56,780;20220715;08:15:00;08:20:00;99;17.39;17
E4S 56,780;20220715;08:20:00;08:25:00;100;20.22;10
E4S 56,780;20220715;08:25:00;08:30:00;101;18.28;26
E4S 56,780;20220715;08:30:00;08:35:00;102;18.47;15
E4S 56,780;20220715;08:35:00;08:40:00;103;18.22;11
E4S 56,780;20220715;08:40:00;08:45:00;104;19.44;17
E4S 56,780;20220715;08:45:00;08:50:00;105;17.72;12
E4S 56,780;20220715;08:50:00;08:55:00;106;16.48;7
E4S 56,780;20220715;08:55:00;09:00:00;107;18.28;17
E4S 56,780;20220715;09:00:00;09:05:00;108;18.33;16
E4S 56,780;20220715;09:05:00;09:10:00;109;16.72;16
E4S 56,780;20220715;09:10:00;09:15:00;110;19.72;8
E4S 56,780;20220715;09:15:00;09:20:00;111;17.61;16
E4S 56,780;20220715;09:20:00;09:25:00;112;19.79;8
E4S 56,780;20220715;09:25:00;09:30:00;113;17.28;17
E4S 56,780;20220715;09:30:00;09:35:00;114;17.39;17
E4S 56,780;20220715;09:35:00;09:40:00;115;15.97;8
E4S 56,780;20220715;09:40:00;09:45:00;116;17.61;16
E4S 56,780;20220715;09:45:00;09:50:00;117;18.89;16
E4S 56,780;20220715;09:50:00;09:55:00;118;17.44;14
E4S 56,780;20220715;09:55:00;10:00:00;119;19.00;9
E4S 56,780;20220715;10:00:00;10:05:00;120;18.80;10
E4S 56,780;20220715;10:05:00;10:10:00;121;17.22;24
E4S 56,780;20220715;10:10:00;10:15:00;122;16.67;25
E4S 56,780;20220715;10:15:00;10:20:00;123;17.28;19
E4S 56,780;20220715;10:20:00;10:25:00;124;18.28;16
E4S 56,780;20220715;10:25:00;10:30:00;125;17.39;19
E4S 56,780;20220715;10:30:00;10:35:00;126;16.22;17
E4S 56,780;20220715;10:35:00;10:40:00;127;17.28;17
E4S 56,780;20220715;10:40:00;10:45:00;128;17.61;22
E4S 56,780;20220715;10:45:00;10:50:00;129;17.78;18
E4S 56,780;20220715;10:50:00;10:55:00;130;18.68;9
E4S 56,780;20220715;10:55:00;11:00:00;131;16.83;12
E4S 56,780;20220715;11:00:00;11:05:00;132;18.00;14
E4S 56,780;20220715;11:05:00;11:10:00;133;16.67;11
E4S 56,780;20220715;11:10:00;11:15:00;134;16.50;14
E4S 56,780;20220715;11:15:00;11:20:00;135;16.78;15
E4S 56,780;20220715;11:20:00;11:25:00;136;16.89;17
E4S 56,780;20220715;11:25:00;11:30:00;137;19.00;21
E4S 56,780;20220715;11:30:00;11:35:00;138;16.72;17
E4S 56,780;20220715;11:35:00;11:40:00;139;17.02;17
E4S 56,780;20220715;11:40:00;11:45:00;140;17.50;13
E4S 56,780;20220715;11:45:00;11:50:00;141;17.33;22
E4S 56,780;20220715;11:50:00;11:55:00;142;16.60;16
E4S 56,780;20220715;11:55:00;12:00:00;143;17.09;18
E4S 56,780;20220715;12:00:00;12:05:00;144;18.78;18
E4S 56,780;20220715;12:05:00;12:10:00;145;16.55;20
E4S 56,780;20220715;12:10:00;12:15:00;146;17.83;15
E4S 56,780;20220715;12:15:00;12:20:00;147;16.39;17
E4S 56,780;20220715;12:20:00;12:25:00;148;17.00;15
E4S 56,780;20220715;12:25:00;12:30:00;149;16.94;20
E4S 56,780;20220715;12:30:00;12:35:00;150;17.28;23
E4S 56,780;20220715;12:35:00;12:40:00;151;17.06;17
E4S 56,780;20220715;12:40:00;12:45:00;152;16.56;23
E4S 56,780;20220715;12:45:00;12:50:00;153;17.67;24
E4S 56,780;20220715;12:50:00;12:55:00;154;17.28;15
E4S 56,780;20220715;12:55:00;13:00:00;155;16.11;24
E4S 56,780;20220715;13:00:00;13:05:00;156;15.67;20
E4S 56,780;20220715;13:05:00;13:10:00;157;16.78;22
E4S 56,780;20220715;13:10:00;13:15:00;158;17.78;16
E4S 56,780;20220715;13:15:00;13:20:00;159;17.06;14
E4S 56,780;20220715;13:20:00;13:25:00;160;16.28;21
E4S 56,780;20220715;13:25:00;13:30:00;161;17.57;15
E4S 56,780;20220715;13:30:00;13:35:00;162;17.44;24
E4S 56,780;20220715;13:35:00;13:40:00;163;16.78;33
E4S 56,780;20220715;13:40:00;13:45:00;164;17.17;16
E4S 56,780;20220715;13:45:00;13:50:00;165;15.95;17
E4S 56,780;20220715;13:50:00;13:55:00;166;16.72;27
E4S 56,780;20220715;13:55:00;14:00:00;167;16.83;17
E4S 56,780;20220715;14:00:00;14:05:00;168;17.72;21
E4S 56,780;20220715;14:05:00;14:10:00;169;15.11;26
E4S 56,780;20220715;14:10:00;14:15:00;170;17.89;18
E4S 56,780;20220715;14:15:00;14:20:00;171;15.83;27
E4S 56,780;20220715;14:20:00;14:25:00;172;16.45;17
E4S 56,780;20220715;14:25:00;14:30:00;173;17.33;25
E4S 56,780;20220715;14:30:00;14:35:00;174;17.28;26
E4S 56,780;20220715;14:35:00;14:40:00;175;17.72;17
E4S 56,780;20220715;14:40:00;14:45:00;176;16.28;18
E4S 56,780;20220715;14:45:00;14:50:00;177;18.22;21
E4S 56,780;20220715;14:50:00;14:55:00;178;16.50;24
E4S 56,780;20220715;14:55:00;15:00:00;179;16.56;16
E4S 56,780;20220715;15:00:00;15:05:00;180;17.16;23
E4S 56,780;20220715;15:05:00;15:10:00;181;16.33;25
E4S 56,780;20220715;15:10:00;15:15:00;182;17.67;31
E4S 56,780;20220715;15:15:00;15:20:00;183;15.89;17
E4S 56,780;20220715;15:20:00;15:25:00;184;15.28;17
E4S 56,780;20220715;15:25:00;15:30:00;185;16.33;28
E4S 56,780;20220715;15:30:00;15:35:00;186;17.94;19
E4S 56,780;20220715;15:35:00;15:40:00;187;16.05;22
E4S 56,780;20220715;15:40:00;15:45:00;188;17.17;23
E4S 56,780;20220715;15:45:00;15:50:00;189;17.00;24
E4S 56,780;20220715;15:50:00;15:55:00;190;16.67;22
E4S 56,780;20220715;15:55:00;16:00:00;191;17.61;26
E4S 56,780;20220715;16:00:00;16:05:00;192;17.39;18
E4S 56,780;20220715;16:05:00;16:10:00;193;15.50;25
E4S 56,780;20220715;16:10:00;16:15:00;194;16.56;24
E4S 56,780;20220715;16:15:00;16:20:00;195;16.45;23
E4S 56,780;20220715;16:20:00;16:25:00;196;17.44;19
E4S 56,780;20220715;16:25:00;16:30:00;197;17.17;29
E4S 56,780;20220715;16:30:00;16:35:00;198;18.00;28
E4S 56,780;20220715;16:35:00;16:40:00;199;16.53;26
E4S 56,780;20220715;16:40:00;16:45:00;200;18.72;20
E4S 56,780;20220715;16:45:00;16:50:00;201;17.36;22
E4S 56,780;20220715;16:50:00;16:55:00;202;18.28;17
E4S 56,780;20220715;16:55:00;17:00:00;203;20.56;9
E4S 56,780;20220715;17:00:00;17:05:00;204;17.67;14
E4S 56,780;20220715;17:05:00;17:10:00;205;16.00;24
E4S 56,780;20220715;17:10:00;17:15:00;206;18.44;28
E4S 56,780;20220715;17:15:00;17:20:00;207;16.28;20
E4S 56,780;20220715;17:20:00;17:25:00;208;16.67;23
E4S 56,780;20220715;17:25:00;17:30:00;209;17.50;22
E4S 56,780;20220715;17:30:00;17:35:00;210;18.39;17
E4S 56,780;20220715;17:35:00;17:40:00;211;17.83;13
E4S 56,780;20220715;17:40:00;17:45:00;212;19.65;14
E4S 56,780;20220715;17:45:00;17:50:00;213;17.55;14
E4S 56,780;20220715;17:50:00;17:55:00;214;18.61;17
E4S 56,780;20220715;17:55:00;18:00:00;215;16.80;17
E4S 56,780;20220715;18:00:00;18:05:00;216;17.50;20
E4S 56,780;20220715;18:05:00;18:10:00;217;19.10;12
E4S 56,780;20220715;18:10:00;18:15:00;218;18.47;9
E4S 56,780;20220715;18:15:00;18:20:00;219;17.96;12
E4S 56,780;20220715;18:20:00;18:25:00;220;18.89;20
E4S 56,780;20220715;18:25:00;18:30:00;221;19.39;14
E4S 56,780;20220715;18:30:00;18:35:00;222;16.45;16
E4S 56,780;20220715;18:35:00;18:40:00;223;17.50;15
E4S 56,780;20220715;18:40:00;18:45:00;224;17.22;19
E4S 56,780;20220715;18:45:00;18:50:00;225;17.64;13
E4S 56,780;20220715;18:50:00;18:55:00;226;17.57;14
E4S 56,780;20220715;18:55:00;19:00:00;227;19.94;14
E4S 56,780;20220715;19:00:00;19:05:00;228;18.89;7
E4S 56,780;20220715;19:05:00;19:10:00;229;19.28;11
E4S 56,780;20220715;19:10:00;19:15:00;230;17.50;10
E4S 56,780;20220715;19:15:00;19:20:00;231;18.61;13
E4S 56,780;20220715;19:20:00;19:25:00;232;17.69;9
E4S 56,780;20220715;19:25:00;19:30:00;233;19.03;13
E4S 56,780;20220715;19:30:00;19:35:00;234;18.94;7
E4S 56,780;20220715;19:35:00;19:40:00;235;17.84;6
E4S 56,780;20220715;19:40:00;19:45:00;236;17.92;8
E4S 56,780;20220715;19:45:00;19:50:00;237;19.52;9
E4S 56,780;20220715;19:50:00;19:55:00;238;18.98;7
E4S 56,780;20220715;19:55:00;20:00:00;239;17.50;6
E4S 56,780;20220715;20:00:00;20:05:00;240;18.00;15
E4S 56,780;20220715;20:05:00;20:10:00;241;19.11;9
E4S 56,780;20220715;20:10:00;20:15:00;242;19.65;5
E4S 56,780;20220715;20:15:00;20:20:00;243;19.54;9
E4S 56,780;20220715;20:20:00;20:25:00;244;17.22;7
E4S 56,780;20220715;20:25:00;20:30:00;245;18.96;9
E4S 56,780;20220715;20:30:00;20:35:00;246;17.08;10
E4S 56,780;20220715;20:35:00;20:40:00;247;17.64;7
E4S 56,780;20220715;20:40:00;20:45:00;248;18.26;10
E4S 56,780;20220715;20:45:00;20:50:00;249;18.62;2
E4S 56,780;20220715;20:50:00;20:55:00;250;17.32;10
E4S 56,780;20220715;20:55:00;21:00:00;251;17.36;7
E4S 56,780;20220715;21:00:00;21:05:00;252;19.55;14
E4S 56,780;20220715;21:05:00;21:10:00;253;17.78;14
E4S 56,780;20220715;21:10:00;21:15:00;254;17.78;8
E4S 56,780;20220715;21:15:00;21:20:00;255;17.28;7
E4S 56,780;20220715;21:20:00;21:25:00;256;17.67;9
E4S 56,780;20220715;21:25:00;21:30:00;257;18.28;8
E4S 56,780;20220715;21:30:00;21:35:00;258;19.56;8
E4S 56,780;20220715;21:35:00;21:40:00;259;20.33;8
E4S 56,780;20220715;21:40:00;21:45:00;260;18.89;7
E4S 56,780;20220715;21:45:00;21:50:00;261;17.95;8
E4S 56,780;20220715;21:50:00;21:55:00;262;18.28;8
E4S 56,780;20220715;21:55:00;22:00:00;263;19.72;3
E4S 56,780;20220715;22:00:00;22:05:00;264;19.10;4
E4S 56,780;20220715;22:05:00;22:10:00;265;18.26;8
E4S 56,780;20220715;22:10:00;22:15:00;266;17.78;5
E4S 56,780;20220715;22:15:00;22:20:00;267;17.59;4
E4S 56,780;20220715;22:20:00;22:25:00;268;18.34;5
E4S 56,780;20220715;22:25:00;22:30:00;269;18.98;6
E4S 56,780;20220715;22:30:00;22:35:00;270;18.15;5
E4S 56,780;20220715;22:35:00;22:40:00;271;20.42;3
E4S 56,780;20220715;22:40:00;22:45:00;272;19.38;5
E4S 56,780;20220715;22:45:00;22:50:00;273;18.17;9
E4S 56,780;20220715;22:50:00;22:55:00;274;17.59;5
E4S 56,780;20220715;22:55:00;23:00:00;275;20.56;5
E4S 56,780;20220715;23:00:00;23:05:00;276;17.68;4
E4S 56,780;20220715;23:05:00;23:10:00;277;20.37;5
E4S 56,780;20220715;23:10:00;23:15:00;278;22.67;6
E4S 56,780;20220715;23:15:00;23:20:00;279;18.98;9
E4S 56,780;20220715;23:20:00;23:25:00;280;18.61;5
E4S 56,780;20220715;23:25:00;23:30:00;281;19.73;3
E4S 56,780;20220715;23:30:00;23:35:00;282;21.60;5
E4S 56,780;20220715;23:35:00;23:40:00;283;17.22;2
E4S 56,780;20220715;23:40:00;23:45:00;284;18.34;2
E4S 56,780;20220715;23:45:00;23:50:00;285;18.61;6
E4S 56,780;20220715;23:50:00;23:55:00;286;20.65;4
E4S 56,780;20220715;23:55:00;24:00:00;287;17.98;5
E4S 56,780;20220718;00:00:00;00:05:00;0;17.69;5
E4S 56,780;20220718;00:05:00;00:10:00;1;20.00;2
E4S 56,780;20220718;00:10:00;00:15:00;2;20.83;3
E4S 56,780;20220718;00:15:00;00:20:00;3;19.63;4
E4S 56,780;20220718;00:20:00;00:25:00;4;18.19;4
E4S 56,780;20220718;00:25:00;00:30:00;5;18.20;2
E4S 56,780;20220718;00:30:00;00:35:00;6;17.36;2
E4S 56,780;20220718;00:35:00;00:40:00;7;18.33;1
E4S 56,780;20220718;00:40:00;00:45:00;8;20.00;5
E4S 56,780;20220718;00:45:00;00:50:00;9;19.45;2
E4S 56,780;20220718;00:50:00;00:55:00;10;16.39;1
E4S 56,780;20220718;00:55:00;01:00:00;11;19.17;3
E4S 56,780;20220718;01:00:00;01:05:00;12;18.79;5
E4S 56,780;20220718;01:05:00;01:10:00;13;17.59;3
E4S 56,780;20220718;01:10:00;01:15:00;14;16.85;5
E4S 56,780;20220718;01:15:00;01:20:00;15;16.80;2
E4S 56,780;20220718;01:20:00;01:25:00;16;17.50;1
E4S 56,780;20220718;01:25:00;01:30:00;17;15.42;3
E4S 56,780;20220718;01:30:00;01:35:00;18;19.54;3
E4S 56,780;20220718;01:35:00;01:40:00;19;18.05;3
E4S 56,780;20220718;01:40:00;01:45:00;20;19.58;3
E4S 56,780;20220718;01:45:00;01:50:00;21;18.34;2
E4S 56,780;20220718;01:50:00;01:55:00;22;18.20;2
E4S 56,780;20220718;01:55:00;02:00:00;23;17.50;1
E4S 56,780;20220718;02:00:00;02:05:00;24;20.00;2
E4S 56,780;20220718;02:05:00;02:10:00;25;19.16;2
E4S 56,780;20220718;02:20:00;02:25:00;28;20.09;3
E4S 56,780;20220718;02:25:00;02:30:00;29;20.00;1
E4S 56,780;20220718;02:30:00;02:35:00;30;20.56;1
E4S 56,780;20220718;02:35:00;02:40:00;31;20.14;2
E4S 56,780;20220718;02:40:00;02:45:00;32;19.26;4
E4S 56,780;20220718;02:45:00;02:50:00;33;20.00;1
E4S 56,780;20220718;02:50:00;02:55:00;34;19.45;3
E4S 56,780;20220718;02:55:00;03:00:00;35;15.83;1
E4S 56,780;20220718;03:00:00;03:05:00;36;21.39;1
E4S 56,780;20220718;03:05:00;03:10:00;37;20.56;1
E4S 56,780;20220718;03:10:00;03:15:00;38;19.72;2
E4S 56,780;20220718;03:15:00;03:20:00;39;18.48;2
E4S 56,780;20220718;03:35:00;03:40:00;43;21.67;1
E4S 56,780;20220718;03:40:00;03:45:00;44;19.51;5
E4S 56,780;20220718;03:45:00;03:50:00;45;16.94;1
E4S 56,780;20220718;03:55:00;04:00:00;47;19.44;1
E4S 56,780;20220718;04:00:00;04:05:00;48;22.78;1
E4S 56,780;20220718;04:05:00;04:10:00;49;18.89;5
E4S 56,780;20220718;04:10:00;04:15:00;50;20.74;3
E4S 56,780;20220718;04:15:00;04:20:00;51;21.67;1
E4S 56,780;20220718;04:25:00;04:30:00;53;22.22;1
E4S 56,780;20220718;04:35:00;04:40:00;55;17.50;1
E4S 56,780;20220718;04:40:00;04:45:00;56;19.45;2
E4S 56,780;20220718;04:45:00;04:50:00;57;18.61;1
E4S 56,780;20220718;04:50:00;04:55:00;58;14.86;3
E4S 56,780;20220718;04:55:00;05:00:00;59;19.30;3
E4S 56,780;20220718;05:00:00;05:05:00;60;17.78;3
E4S 56,780;20220718;05:05:00;05:10:00;61;18.98;3
E4S 56,780;20220718;05:10:00;05:15:00;62;20.37;4
E4S 56,780;20220718;05:15:00;05:20:00;63;19.63;5
E4S 56,780;20220718;05:20:00;05:25:00;64;18.83;6
E4S 56,780;20220718;05:25:00;05:30:00;65;18.52;4
E4S 56,780;20220718;05:30:00;05:35:00;66;23.88;4
E4S 56,780;20220718;05:35:00;05:40:00;67;20.78;8
E4S 56,780;20220718;05:40:00;05:45:00;68;18.34;5
E4S 56,780;20220718;05:45:00;05:50:00;69;19.28;7
E4S 56,780;20220718;05:50:00;05:55:00;70;18.72;7
E4S 56,780;20220718;05:55:00;06:00:00;71;19.35;6
E4S 56,780;20220718;06:00:00;06:05:00;72;20.91;10
E4S 56,780;20220718;06:05:00;06:10:00;73;17.89;13
E4S 56,780;20220718;06:10:00;06:15:00;74;17.72;15
E4S 56,780;20220718;06:15:00;06:20:00;75;19.30;6
E4S 56,780;20220718;06:20:00;06:25:00;76;16.81;7
E4S 56,780;20220718;06:25:00;06:30:00;77;18.56;16
E4S 56,780;20220718;06:30:00;06:35:00;78;17.78;9
E4S 56,780;20220718;06:35:00;06:40:00;79;18.22;14
E4S 56,780;20220718;06:40:00;06:45:00;80;18.33;13
E4S 56,780;20220718;06:45:00;06:50:00;81;19.00;16
E4S 56,780;20220718;06:50:00;06:55:00;82;19.17;9
E4S 56,780;20220718;06:55:00;07:00:00;83;17.78;1
E4S 56,780;20220718;07:00:00;07:05:00;84;19.00;18
E4S 56,780;20220718;07:05:00;07:10:00;85;18.06;10
E4S 56,780;20220718;07:10:00;07:15:00;86;18.44;14
E4S 56,780;20220718;07:15:00;07:20:00;87;19.39;13
E4S 56,780;20220718;07:20:00;07:25:00;88;19.61;12
E4S 56,780;20220718;07:25:00;07:30:00;89;18.22;13
E4S 56,780;20220718;07:30:00;07:35:00;90;18.50;22
E4S 56,780;20220718;07:35:00;07:40:00;91;20.22;11
E4S 56,780;20220718;07:40:00;07:45:00;92;18.19;14
E4S 56,780;20220718;07:45:00;07:50:00;93;19.06;17
E4S 56,780;20220718;07:50:00;07:55:00;94;17.98;8
E4S 56,780;20220718;07:55:00;08:00:00;95;18.39;12
E4S 56,780;20220718;08:00:00;08:05:00;96;18.28;13
E4S 56,780;20220718;08:05:00;08:10:00;97;17.78;20
E4S 56,780;20220718;08:10:00;08:15:00;98;18.68;11
E4S 56,780;20220718;08:15:00;08:20:00;99;20.62;12
E4S 56,780;20220718;08:20:00;08:25:00;100;17.61;19
E4S 56,780;20220718;08:25:00;08:30:00;101;18.61;9
E4S 56,780;20220718;08:30:00;08:35:00;102;17.64;16
E4S 56,780;20220718;08:35:00;08:40:00;103;18.28;19
E4S 56,780;20220718;08:40:00;08:45:00;104;17.57;21
E4S 56,780;20220718;08:45:00;08:50:00;105;18.39;19
E4S 56,780;20220718;08:50:00;08:55:00;106;17.50;15
E4S 56,780;20220718;08:55:00;09:00:00;107;17.33;12
E4S 56,780;20220718;09:00:00;09:05:00;108;19.28;11
E4S 56,780;20220718;09:05:00;09:10:00;109;18.16;10
E4S 56,780;20220718;09:10:00;09:15:00;110;20.00;9
E4S 56,780;20220718;09:15:00;09:20:00;111;17.43;12
E4S 56,780;20220718;09:20:00;09:25:00;112;18.22;13
E4S 56,780;20220718;09:25:00;09:30:00;113;18.28;13
E4S 56,780;20220718;09:30:00;09:35:00;114;17.71;17
E4S 56,780;20220718;09:35:00;09:40:00;115;16.95;13
E4S 56,780;20220718;09:40:00;09:45:00;116;17.00;14
E4S 56,780;20220718;09:45:00;09:50:00;117;16.61;21
E4S 56,780;20220718;09:50:00;09:55:00;118;18.80;11
E4S 56,780;20220718;09:55:00;10:00:00;119;17.83;16
E4S 56,780;20220718;10:00:00;10:05:00;120;17.67;18
E4S 56,780;20220718;10:05:00;10:10:00;121;17.72;14
E4S 56,780;20220718;10:10:00;10:15:00;122;15.41;15
E4S 56,780;20220718;10:15:00;10:20:00;123;15.89;20
E4S 56,780;20220718;10:20:00;10:25:00;124;18.06;24
E4S 56,780;20220718;10:25:00;10:30:00;125;16.50;20
E4S 56,780;20220718;10:30:00;10:35:00;126;14.93;16
E4S 56,780;20220718;10:35:00;10:40:00;127;17.43;13
E4S 56,780;20220718;10:40:00;10:45:00;128;17.08;6
E4S 56,780;20220718;10:45:00;10:50:00;129;18.72;9
E4S 56,780;20220718;10:50:00;10:55:00;130;16.88;13
E4S 56,780;20220718;10:55:00;11:00:00;131;18.12;14
E4S 56,780;20220718;11:00:00;11:05:00;132;16.78;14
E4S 56,780;20220718;11:05:00;11:10:00;133;17.15;20
E4S 56,780;20220718;11:10:00;11:15:00;134;17.06;17
E4S 56,780;20220718;11:15:00;11:20:00;135;18.05;21
E4S 56,780;20220718;11:20:00;11:25:00;136;16.78;18
E4S 56,780;20220718;11:25:00;11:30:00;137;16.39;20
E4S 56,780;20220718;11:30:00;11:35:00;138;17.78;20
E4S 56,780;20220718;11:35:00;11:40:00;139;16.83;17
E4S 56,780;20220718;11:40:00;11:45:00;140;16.50;21
E4S 56,780;20220718;11:45:00;11:50:00;141;16.55;11
E4S 56,780;20220718;11:50:00;11:55:00;142;16.61;14
E4S 56,780;20220718;11:55:00;12:00:00;143;17.39;20
E4S 56,780;20220718;12:00:00;12:05:00;144;17.56;13
E4S 56,780;20220718;12:05:00;12:10:00;145;16.18;20
E4S 56,780;20220718;12:10:00;12:15:00;146;17.44;19
E4S 56,780;20220718;12:15:00;12:20:00;147;18.06;13
E4S 56,780;20220718;12:20:00;12:25:00;148;16.94;10
E4S 56,780;20220718;12:25:00;12:30:00;149;16.78;20
E4S 56,780;20220718;12:30:00;12:35:00;150;17.50;18
E4S 56,780;20220718;12:35:00;12:40:00;151;16.89;15
E4S 56,780;20220718;12:40:00;12:45:00;152;17.78;17
E4S 56,780;20220718;12:45:00;12:50:00;153;17.00;25
E4S 56,780;20220718;12:50:00;12:55:00;154;17.11;21
E4S 56,780;20220718;12:55:00;13:00:00;155;16.89;13
E4S 56,780;20220718;13:00:00;13:05:00;156;16.88;15
E4S 56,780;20220718;13:05:00;13:10:00;157;17.83;17
E4S 56,780;20220718;13:10:00;13:15:00;158;17.05;21
E4S 56,780;20220718;13:15:00;13:20:00;159;16.72;21
E4S 56,780;20220718;13:20:00;13:25:00;160;16.66;20
E4S 56,780;20220718;13:25:00;13:30:00;161;16.28;20
E4S 56,780;20220718;13:30:00;13:35:00;162;17.00;26
E4S 56,780;20220718;13:35:00;13:40:00;163;20.83;1
E4S 56,780;20220718;13:40:00;13:45:00;164;17.08;19
E4S 56,780;20220718;13:45:00;13:50:00;165;16.94;16
E4S 56,780;20220718;13:50:00;13:55:00;166;17.06;26
E4S 56,780;20220718;13:55:00;14:00:00;167;18.20;21
E4S 56,780;20220718;14:00:00;14:05:00;168;17.66;20
E4S 56,780;20220718;14:05:00;14:10:00;169;16.67;20
E4S 56,780;20220718;14:10:00;14:15:00;170;16.55;19
E4S 56,780;20220718;14:15:00;14:20:00;171;17.50;23
E4S 56,780;20220718;14:20:00;14:25:00;172;16.94;28
E4S 56,780;20220718;14:25:00;14:30:00;173;16.44;17
E4S 56,780;20220718;14:30:00;14:35:00;174;16.39;18
E4S 56,780;20220718;14:35:00;14:40:00;175;16.78;13
E4S 56,780;20220718;14:40:00;14:45:00;176;17.44;27
E4S 56,780;20220718;14:45:00;14:50:00;177;16.67;19
E4S 56,780;20220718;14:50:00;14:55:00;178;17.39;13
E4S 56,780;20220718;14:55:00;15:00:00;179;16.73;19
E4S 56,780;20220718;15:00:00;15:05:00;180;17.16;16
E4S 56,780;20220718;15:05:00;15:10:00;181;16.89;18
E4S 56,780;20220718;15:10:00;15:15:00;182;15.94;28
E4S 56,780;20220718;15:15:00;15:20:00;183;16.18;19
E4S 56,780;20220718;15:20:00;15:25:00;184;15.83;26
E4S 56,780;20220718;15:25:00;15:30:00;185;16.17;29
E4S 56,780;20220718;15:30:00;15:35:00;186;16.22;24
E4S 56,780;20220718;15:35:00;15:40:00;187;14.95;27
E4S 56,780;20220718;15:40:00;15:45:00;188;16.44;21
E4S 56,780;20220718;15:45:00;15:50:00;189;16.28;24
E4S 56,780;20220718;15:50:00;15:55:00;190;18.05;23
E4S 56,780;20220718;15:55:00;16:00:00;191;17.17;18
E4S 56,780;20220718;16:00:00;16:05:00;192;17.22;25
E4S 56,780;20220718;16:05:00;16:10:00;193;17.00;29
E4S 56,780;20220718;16:10:00;16:15:00;194;13.94;22
E4S 56,780;20220718;16:15:00;16:20:00;195;11.78;19
E4S 56,780;20220718;16:20:00;16:25:00;196;14.11;29
E4S 56,780;20220718;16:25:00;16:30:00;197;16.45;20
E4S 56,780;20220718;16:30:00;16:35:00;198;17.56;19
E4S 56,780;20220718;16:35:00;16:40:00;199;17.11;22
E4S 56,780;20220718;16:40:00;16:45:00;200;16.78;24
E4S 56,780;20220718;16:45:00;16:50:00;201;16.80;14
E4S 56,780;20220718;16:50:00;16:55:00;202;17.94;25
E4S 56,780;20220718;16:55:00;17:00:00;203;17.67;17
E4S 56,780;20220718;17:00:00;17:05:00;204;17.50;21
E4S 56,780;20220718;17:05:00;17:10:00;205;17.15;19
E4S 56,780;20220718;17:10:00;17:15:00;206;20.11;20
E4S 56,780;20220718;17:15:00;17:20:00;207;17.61;25
E4S 56,780;20220718;17:20:00;17:25:00;208;17.89;13
E4S 56,780;20220718;17:25:00;17:30:00;209;16.78;22
E4S 56,780;20220718;17:30:00;17:35:00;210;16.83;21
E4S 56,780;20220718;17:35:00;17:40:00;211;17.99;20
E4S 56,780;20220718;17:40:00;17:45:00;212;17.50;23
E4S 56,780;20220718;17:45:00;17:50:00;213;19.11;16
E4S 56,780;20220718;17:50:00;17:55:00;214;18.89;15
E4S 56,780;20220718;17:55:00;18:00:00;215;18.28;15
E4S 56,780;20220718;18:00:00;18:05:00;216;18.67;18
E4S 56,780;20220718;18:05:00;18:10:00;217;16.50;14
E4S 56,780;20220718;18:10:00;18:15:00;218;18.00;15
E4S 56,780;20220718;18:15:00;18:20:00;219;17.28;14
E4S 56,780;20220718;18:20:00;18:25:00;220;19.03;8
E4S 56,780;20220718;18:25:00;18:30:00;221;15.78;15
E4S 56,780;20220718;18:30:00;18:35:00;222;17.72;14
E4S 56,780;20220718;18:35:00;18:40:00;223;17.01;7
E4S 56,780;20220718;18:40:00;18:45:00;224;17.71;10
E4S 56,780;20220718;18:45:00;18:50:00;225;16.11;7
E4S 56,780;20220718;18:50:00;18:55:00;226;16.83;12
E4S 56,780;20220718;18:55:00;19:00:00;227;18.20;11
E4S 56,780;20220718;19:00:00;19:05:00;228;18.27;10
E4S 56,780;20220718;19:05:00;19:10:00;229;18.61;12
E4S 56,780;20220718;19:10:00;19:15:00;230;17.95;11
E4S 56,780;20220718;19:15:00;19:20:00;231;18.17;9
E4S 56,780;20220718;19:20:00;19:25:00;232;18.67;16
E4S 56,780;20220718;19:25:00;19:30:00;233;19.00;8
E4S 56,780;20220718;19:30:00;19:35:00;234;17.92;9
E4S 56,780;20220718;19:35:00;19:40:00;235;17.72;13
E4S 56,780;20220718;19:40:00;19:45:00;236;18.54;9
E4S 56,780;20220718;19:45:00;19:50:00;237;15.77;5
E4S 56,780;20220718;19:50:00;19:55:00;238;21.11;12
E4S 56,780;20220718;19:55:00;20:00:00;239;17.02;12
E4S 56,780;20220718;20:00:00;20:05:00;240;18.11;17
E4S 56,780;20220718;20:05:00;20:10:00;241;17.99;11
E4S 56,780;20220718;20:10:00;20:15:00;242;18.15;7
E4S 56,780;20220718;20:15:00;20:20:00;243;18.89;8
E4S 56,780;20220718;20:20:00;20:25:00;244;17.98;7
E4S 56,780;20220718;20:25:00;20:30:00;245;19.38;12
E4S 56,780;20220718;20:30:00;20:35:00;246;17.16;7
E4S 56,780;20220718;20:35:00;20:40:00;247;18.96;9
E4S 56,780;20220718;20:40:00;20:45:00;248;19.67;8
E4S 56,780;20220718;20:45:00;20:50:00;249;19.79;11
E4S 56,780;20220718;20:50:00;20:55:00;250;17.83;16
E4S 56,780;20220718;20:55:00;21:00:00;251;19.35;7
E4S 56,780;20220718;21:00:00;21:05:00;252;17.99;11
E4S 56,780;20220718;21:05:00;21:10:00;253;17.85;9
E4S 56,780;20220718;21:10:00;21:15:00;254;18.56;7
E4S 56,780;20220718;21:15:00;21:20:00;255;17.69;4
E4S 56,780;20220718;21:20:00;21:25:00;256;21.11;3
E4S 56,780;20220718;21:25:00;21:30:00;257;18.13;8
E4S 56,780;20220718;21:30:00;21:35:00;258;19.09;7
E4S 56,780;20220718;21:35:00;21:40:00;259;16.46;6
E4S 56,780;20220718;21:40:00;21:45:00;260;18.68;11
E4S 56,780;20220718;21:45:00;21:50:00;261;17.59;7
E4S 56,780;20220718;21:50:00;21:55:00;262;20.37;7
E4S 56,780;20220718;21:55:00;22:00:00;263;18.28;8
E4S 56,780;20220718;22:00:00;22:05:00;264;18.68;15
E4S 56,780;20220718;22:05:00;22:10:00;265;17.89;8
E4S 56,780;20220718;22:10:00;22:15:00;266;17.22;6
E4S 56,780;20220718;22:15:00;22:20:00;267;16.44;9
E4S 56,780;20220718;22:20:00;22:25:00;268;20.00;7
E4S 56,780;20220718;22:25:00;22:30:00;269;18.33;6
E4S 56,780;20220718;22:30:00;22:35:00;270;18.89;6
E4S 56,780;20220718;22:35:00;22:40:00;271;20.19;9
E4S 56,780;20220718;22:40:00;22:45:00;272;19.35;5
E4S 56,780;20220718;22:45:00;22:50:00;273;20.56;3
E4S 56,780;20220718;22:50:00;22:55:00;274;19.44;1
E4S 56,780;20220718;22:55:00;23:00:00;275;19.17;3
E4S 56,780;20220718;23:00:00;23:05:00;276;19.17;5
E4S 56,780;20220718;23:05:00;23:10:00;277;20.27;4
E4S 56,780;20220718;23:10:00;23:15:00;278;15.56;3
E4S 56,780;20220718;23:15:00;23:20:00;279;19.54;3
E4S 56,780;20220718;23:20:00;23:25:00;280;19.24;8
E4S 56,780;20220718;23:25:00;23:30:00;281;17.91;5
E4S 56,780;20220718;23:30:00;23:35:00;282;18.48;3
E4S 56,780;20220718;23:35:00;23:40:00;283;19.07;4
E4S 56,780;20220718;23:40:00;23:45:00;284;19.72;4
E4S 56,780;20220718;23:45:00;23:50:00;285;19.54;5
E4S 56,780;20220718;23:50:00;23:55:00;286;25.00;1
E4S 56,780;20220718;23:55:00;24:00:00;287;18.20;4
E4S 56,780;20220724;00:05:00;00:10:00;1;19.65;5
E4S 56,780;20220724;00:10:00;00:15:00;2;17.13;5
E4S 56,780;20220724;00:15:00;00:20:00;3;17.13;3
E4S 56,780;20220724;00:20:00;00:25:00;4;17.50;3
E4S 56,780;20220724;00:25:00;00:30:00;5;17.84;14
E4S 56,780;20220724;00:30:00;00:35:00;6;18.06;6
E4S 56,780;20220724;00:35:00;00:40:00;7;16.80;8
E4S 56,780;20220724;00:40:00;00:45:00;8;16.94;1
E4S 56,780;20220724;00:45:00;00:50:00;9;18.72;6
E4S 56,780;20220724;00:50:00;00:55:00;10;13.61;1
E4S 56,780;20220724;00:55:00;01:00:00;11;19.72;5
E4S 56,780;20220724;01:00:00;01:05:00;12;16.67;1
E4S 56,780;20220724;01:10:00;01:15:00;14;18.61;5
E4S 56,780;20220724;01:15:00;01:20:00;15;15.56;4
E4S 56,780;20220724;01:20:00;01:25:00;16;16.11;1
E4S 56,780;20220724;01:25:00;01:30:00;17;19.63;5
E4S 56,780;20220724;01:30:00;01:35:00;18;17.78;1
E4S 56,780;20220724;01:35:00;01:40:00;19;19.63;3
E4S 56,780;20220724;01:40:00;01:45:00;20;21.39;1
E4S 56,780;20220724;01:50:00;01:55:00;22;17.22;3
E4S 56,780;20220724;01:55:00;02:00:00;23;17.36;2
E4S 56,780;20220724;02:00:00;02:05:00;24;18.89;1
E4S 56,780;20220724;02:15:00;02:20:00;27;19.87;3
E4S 56,780;20220724;02:20:00;02:25:00;28;18.19;4
E4S 56,780;20220724;02:25:00;02:30:00;29;16.67;1
E4S 56,780;20220724;03:05:00;03:10:00;37;20.00;3
E4S 56,780;20220724;03:10:00;03:15:00;38;16.80;3
E4S 56,780;20220724;03:20:00;03:25:00;40;19.23;4
E4S 56,780;20220724;03:30:00;03:35:00;42;29.17;1
E4S 56,780;20220724;03:40:00;03:45:00;44;19.17;3
E4S 56,780;20220724;03:45:00;03:50:00;45;20.00;1
E4S 56,780;20220724;03:50:00;03:55:00;46;19.17;2
E4S 56,780;20220724;03:55:00;04:00:00;47;18.05;4
E4S 56,780;20220724;04:05:00;04:10:00;49;18.06;1
E4S 56,780;20220724;04:10:00;04:15:00;50;18.89;2
E4S 56,780;20220724;04:15:00;04:20:00;51;18.89;1
E4S 56,780;20220724;04:25:00;04:30:00;53;20.19;4
E4S 56,780;20220724;04:30:00;04:35:00;54;18.48;2
E4S 56,780;20220724;04:35:00;04:40:00;55;21.94;1
E4S 56,780;20220724;04:45:00;04:50:00;57;21.95;3
E4S 56,780;20220724;04:50:00;04:55:00;58;20.00;2
E4S 56,780;20220724;04:55:00;05:00:00;59;16.85;4
E4S 56,780;20220724;05:00:00;05:05:00;60;19.72;3
E4S 56,780;20220724;05:10:00;05:15:00;62;20.56;2
E4S 56,780;20220724;05:20:00;05:25:00;64;20.14;3
E4S 56,780;20220724;05:25:00;05:30:00;65;16.25;3
E4S 56,780;20220724;05:30:00;05:35:00;66;20.41;2
E4S 56,780;20220724;05:40:00;05:45:00;68;20.56;3
E4S 56,780;20220724;05:45:00;05:50:00;69;19.54;4
E4S 56,780;20220724;05:50:00;05:55:00;70;17.50;1
E4S 56,780;20220724;05:55:00;06:00:00;71;18.80;4
E4S 56,780;20220724;06:00:00;06:05:00;72;16.11;7
E4S 56,780;20220724;06:05:00;06:10:00;73;19.45;3
E4S 56,780;20220724;06:10:00;06:15:00;74;17.78;1
E4S 56,780;20220724;06:20:00;06:25:00;76;17.32;8
E4S 56,780;20220724;06:25:00;06:30:00;77;15.00;1
E4S 56,780;20220724;06:30:00;06:35:00;78;21.11;3
E4S 56,780;20220724;06:35:00;06:40:00;79;21.02;4
E4S 56,780;20220724;06:40:00;06:45:00;80;19.82;3
E4S 56,780;20220724;06:45:00;06:50:00;81;25.00;1
E4S 56,780;20220724;06:50:00;06:55:00;82;19.83;8
E4S 56,780;20220724;06:55:00;07:00:00;83;21.25;3
E4S 56,780;20220724;07:00:00;07:05:00;84;20.49;5
E4S 56,780;20220724;07:05:00;07:10:00;85;19.51;8
E4S 56,780;20220724;07:10:00;07:15:00;86;22.36;2
E4S 56,780;20220724;07:15:00;07:20:00;87;21.67;2
E4S 56,780;20220724;07:20:00;07:25:00;88;17.91;2
E4S 56,780;20220724;07:25:00;07:30:00;89;18.20;3
E4S 56,780;20220724;07:30:00;07:35:00;90;20.70;3
E4S 56,780;20220724;07:35:00;07:40:00;91;20.92;4
E4S 56,780;20220724;07:40:00;07:45:00;92;15.00;1
E4S 56,780;20220724;07:45:00;07:50:00;93;19.44;2
E4S 56,780;20220724;07:50:00;07:55:00;94;18.61;4
E4S 56,780;20220724;07:55:00;08:00:00;95;16.80;3
E4S 56,780;20220724;08:00:00;08:05:00;96;18.20;5
E4S 56,780;20220724;08:05:00;08:10:00;97;21.67;1
E4S 56,780;20220724;08:10:00;08:15:00;98;22.04;5
E4S 56,780;20220724;08:15:00;08:20:00;99;16.67;1
E4S 56,780;20220724;08:20:00;08:25:00;100;24.72;1
E4S 56,780;20220724;08:25:00;08:30:00;101;18.61;2
E4S 56,780;20220724;08:30:00;08:35:00;102;18.61;4
E4S 56,780;20220724;08:35:00;08:40:00;103;17.71;9
E4S 56,780;20220724;08:40:00;08:45:00;104;17.50;3
E4S 56,780;20220724;08:45:00;08:50:00;105;18.96;4
E4S 56,780;20220724;08:50:00;08:55:00;106;16.60;5
E4S 56,780;20220724;08:55:00;09:00:00;107;19.86;6
E4S 56,780;20220724;09:00:00;09:05:00;108;17.64;8
E4S 56,780;20220724;09:05:00;09:10:00;109;18.89;3
E4S 56,780;20220724;09:10:00;09:15:00;110;18.34;10
E4S 56,780;20220724;09:15:00;09:20:00;111;19.56;10
E4S 56,780;20220724;09:20:00;09:25:00;112;18.06;7
E4S 56,780;20220724;09:25:00;09:30:00;113;17.43;16
E4S 56,780;20220724;09:30:00;09:35:00;114;16.95;7
E4S 56,780;20220724;09:35:00;09:40:00;115;17.50;7
E4S 56,780;20220724;09:40:00;09:45:00;116;18.72;14
E4S 56,780;20220724;09:45:00;09:50:00;117;17.91;10
E4S 56,780;20220724;09:50:00;09:55:00;118;18.82;5
E4S 56,780;20220724;09:55:00;10:00:00;119;19.11;7
E4S 56,780;20220724;10:00:00;10:05:00;120;19.58;8
E4S 56,780;20220724;10:05:00;10:10:00;121;17.06;15
E4S 56,780;20220724;10:10:00;10:15:00;122;17.28;19
E4S 56,780;20220724;10:15:00;10:20:00;123;17.84;17
E4S 56,780;20220724;10:20:00;10:25:00;124;17.11;14
E4S 56,780;20220724;10:25:00;10:30:00;125;17.68;7
E4S 56,780;20220724;10:30:00;10:35:00;126;16.83;22
E4S 56,780;20220724;10:35:00;10:40:00;127;18.96;8
E4S 56,780;20220724;10:40:00;10:45:00;128;17.01;14
E4S 56,780;20220724;10:45:00;10:50:00;129;19.11;14
E4S 56,780;20220724;10:50:00;10:55:00;130;18.22;12
E4S 56,780;20220724;10:55:00;11:00:00;131;17.29;8
E4S 56,780;20220724;11:00:00;11:05:00;132;17.50;13
E4S 56,780;20220724;11:05:00;11:10:00;133;19.95;13
E4S 56,780;20220724;11:10:00;11:15:00;134;17.16;12
E4S 56,780;20220724;11:15:00;11:20:00;135;17.63;10
E4S 56,780;20220724;11:20:00;11:25:00;136;16.78;16
E4S 56,780;20220724;11:25:00;11:30:00;137;16.67;14
E4S 56,780;20220724;11:30:00;11:35:00;138;17.95;17
E4S 56,780;20220724;11:35:00;11:40:00;139;16.25;13
E4S 56,780;20220724;11:40:00;11:45:00;140;17.06;16
E4S 56,780;20220724;11:45:00;11:50:00;141;18.34;9
E4S 56,780;20220724;11:50:00;11:55:00;142;18.41;11
E4S 56,780;20220724;11:55:00;12:00:00;143;18.22;15
E4S 56,780;20220724;12:00:00;12:05:00;144;17.78;15
E4S 56,780;20220724;12:05:00;12:10:00;145;16.94;17
E4S 56,780;20220724;12:10:00;12:15:00;146;17.61;18
E4S 56,780;20220724;12:15:00;12:20:00;147;19.00;15
E4S 56,780;20220724;12:20:00;12:25:00;148;16.89;16
E4S 56,780;20220724;12:25:00;12:30:00;149;18.94;11
E4S 56,780;20220724;12:30:00;12:35:00;150;16.80;18
E4S 56,780;20220724;12:35:00;12:40:00;151;18.44;14
E4S 56,780;20220724;12:40:00;12:45:00;152;17.67;22
E4S 56,780;20220724;12:45:00;12:50:00;153;16.67;13
E4S 56,780;20220724;12:50:00;12:55:00;154;18.50;15
E4S 56,780;20220724;12:55:00;13:00:00;155;18.68;14
E4S 56,780;20220724;13:00:00;13:05:00;156;17.29;11
E4S 56,780;20220724;13:05:00;13:10:00;157;18.50;10
E4S 56,780;20220724;13:10:00;13:15:00;158;18.28;15
E4S 56,780;20220724;13:15:00;13:20:00;159;19.17;16
E4S 56,780;20220724;13:20:00;13:25:00;160;18.22;15
E4S 56,780;20220724;13:25:00;13:30:00;161;17.57;13
E4S 56,780;20220724;13:30:00;13:35:00;162;16.95;12
E4S 56,780;20220724;13:35:00;13:40:00;163;16.94;13
E4S 56,780;20220724;13:40:00;13:45:00;164;17.98;12
E4S 56,780;20220724;13:45:00;13:50:00;165;16.56;11
E4S 56,780;20220724;13:50:00;13:55:00;166;17.78;12
E4S 56,780;20220724;13:55:00;14:00:00;167;17.36;13
E4S 56,780;20220724;14:00:00;14:05:00;168;17.28;13
E4S 56,780;20220724;14:05:00;14:10:00;169;19.72;11
E4S 56,780;20220724;14:10:00;14:15:00;170;16.06;13
E4S 56,780;20220724;14:15:00;14:20:00;171;16.83;10
E4S 56,780;20220724;14:20:00;14:25:00;172;17.72;13
E4S 56,780;20220724;14:25:00;14:30:00;173;18.05;14
E4S 56,780;20220724;14:30:00;14:35:00;174;18.48;8
E4S 56,780;20220724;14:35:00;14:40:00;175;17.67;13
E4S 56,780;20220724;14:40:00;14:45:00;176;15.50;17
E4S 56,780;20220724;14:45:00;14:50:00;177;18.89;16
E4S 56,780;20220724;14:50:00;14:55:00;178;18.61;14
E4S 56,780;20220724;14:55:00;15:00:00;179;17.17;12
E4S 56,780;20220724;15:00:00;15:05:00;180;18.61;3
E4S 56,780;20220724;15:05:00;15:10:00;181;17.36;15
E4S 56,780;20220724;15:10:00;15:15:00;182;18.11;10
E4S 56,780;20220724;15:15:00;15:20:00;183;17.22;13
E4S 56,780;20220724;15:20:00;15:25:00;184;18.78;14
E4S 56,780;20220724;15:25:00;15:30:00;185;17.06;11
E4S 56,780;20220724;15:30:00;15:35:00;186;17.78;11
E4S 56,780;20220724;15:35:00;15:40:00;187;17.61;20
E4S 56,780;20220724;15:40:00;15:45:00;188;16.72;8
E4S 56,780;20220724;15:45:00;15:50:00;189;17.11;14
E4S 56,780;20220724;15:50:00;15:55:00;190;16.25;14
E4S 56,780;20220724;15:55:00;16:00:00;191;17.22;13
E4S 56,780;20220724;16:00:00;16:05:00;192;16.56;17
E4S 56,780;20220724;16:05:00;16:10:00;193;17.06;20
E4S 56,780;20220724;16:10:00;16:15:00;194;18.05;12
E4S 56,780;20220724;16:15:00;16:20:00;195;17.09;9
E4S 56,780;20220724;16:20:00;16:25:00;196;17.43;7
E4S 56,780;20220724;16:25:00;16:30:00;197;18.47;11
E4S 56,780;20220724;16:30:00;16:35:00;198;17.61;16
E4S 56,780;20220724;16:35:00;16:40:00;199;17.72;11
E4S 56,780;20220724;16:40:00;16:45:00;200;16.85;10
E4S 56,780;20220724;16:45:00;16:50:00;201;17.39;18
E4S 56,780;20220724;16:50:00;16:55:00;202;17.72;9
E4S 56,780;20220724;16:55:00;17:00:00;203;17.01;10
E4S 56,780;20220724;17:00:00;17:05:00;204;18.11;13
E4S 56,780;20220724;17:05:00;17:10:00;205;16.94;11
E4S 56,780;20220724;17:10:00;17:15:00;206;19.06;14
E4S 56,780;20220724;17:15:00;17:20:00;207;18.22;13
E4S 56,780;20220724;17:20:00;17:25:00;208;17.98;11
E4S 56,780;20220724;17:25:00;17:30:00;209;18.39;10
E4S 56,780;20220724;17:30:00;17:35:00;210;17.44;15
E4S 56,780;20220724;17:35:00;17:40:00;211;16.39;8
E4S 56,780;20220724;17:40:00;17:45:00;212;17.36;14
E4S 56,780;20220724;17:45:00;17:50:00;213;16.67;13
E4S 56,780;20220724;17:50:00;17:55:00;214;18.40;15
E4S 56,780;20220724;17:55:00;18:00:00;215;19.89;11
E4S 56,780;20220724;18:00:00;18:05:00;216;16.04;14
E4S 56,780;20220724;18:05:00;18:10:00;217;17.61;13
E4S 56,780;20220724;18:10:00;18:15:00;218;16.89;9
E4S 56,780;20220724;18:15:00;18:20:00;219;17.15;12
E4S 56,780;20220724;18:20:00;18:25:00;220;19.22;13
E4S 56,780;20220724;18:25:00;18:30:00;221;17.43;16
E4S 56,780;20220724;18:30:00;18:35:00;222;17.94;15
E4S 56,780;20220724;18:35:00;18:40:00;223;18.15;11
E4S 56,780;20220724;18:40:00;18:45:00;224;19.30;11
E4S 56,780;20220724;18:45:00;18:50:00;225;18.56;13
E4S 56,780;20220724;18:50:00;18:55:00;226;17.02;9
E4S 56,780;20220724;18:55:00;19:00:00;227;17.87;11
E4S 56,780;20220724;19:00:00;19:05:00;228;17.98;8
E4S 56,780;20220724;19:05:00;19:10:00;229;17.08;12
E4S 56,780;20220724;19:10:00;19:15:00;230;18.11;17
E4S 56,780;20220724;19:15:00;19:20:00;231;18.22;12
E4S 56,780;20220724;19:20:00;19:25:00;232;19.10;7
E4S 56,780;20220724;19:25:00;19:30:00;233;16.94;10
E4S 56,780;20220724;19:30:00;19:35:00;234;18.40;7
E4S 56,780;20220724;19:35:00;19:40:00;235;18.50;15
E4S 56,780;20220724;19:40:00;19:45:00;236;17.57;6
E4S 56,780;20220724;19:45:00;19:50:00;237;16.94;10
E4S 56,780;20220724;19:50:00;19:55:00;238;19.03;10
E4S 56,780;20220724;19:55:00;20:00:00;239;19.39;9
E4S 56,780;20220724;20:00:00;20:05:00;240;17.43;10
E4S 56,780;20220724;20:05:00;20:10:00;241;17.43;12
E4S 56,780;20220724;20:10:00;20:15:00;242;20.21;8
E4S 56,780;20220724;20:15:00;20:20:00;243;18.43;5
E4S 56,780;20220724;20:20:00;20:25:00;244;18.75;9
E4S 56,780;20220724;20:25:00;20:30:00;245;20.00;8
E4S 56,780;20220724;20:30:00;20:35:00;246;18.22;11
E4S 56,780;20220724;20:35:00;20:40:00;247;15.83;6
E4S 56,780;20220724;20:40:00;20:45:00;248;17.99;9
E4S 56,780;20220724;20:45:00;20:50:00;249;16.25;9
E4S 56,780;20220724;20:50:00;20:55:00;250;19.03;8
E4S 56,780;20220724;20:55:00;21:00:00;251;17.99;6
E4S 56,780;20220724;21:00:00;21:05:00;252;20.41;7
E4S 56,780;20220724;21:05:00;21:10:00;253;20.14;6
E4S 56,780;20220724;21:10:00;21:15:00;254;20.09;4
E4S 56,780;20220724;21:15:00;21:20:00;255;17.67;10
E4S 56,780;20220724;21:20:00;21:25:00;256;17.92;9
E4S 56,780;20220724;21:25:00;21:30:00;257;19.28;10
E4S 56,780;20220724;21:30:00;21:35:00;258;17.96;5
E4S 56,780;20220724;21:35:00;21:40:00;259;20.98;2
E4S 56,780;20220724;21:40:00;21:45:00;260;17.22;3
E4S 56,780;20220724;21:45:00;21:50:00;261;18.05;9
E4S 56,780;20220724;21:50:00;21:55:00;262;20.14;6
E4S 56,780;20220724;21:55:00;22:00:00;263;16.25;2
E4S 56,780;20220724;22:00:00;22:05:00;264;16.67;10
E4S 56,780;20220724;22:05:00;22:10:00;265;18.20;2
E4S 56,780;20220724;22:10:00;22:15:00;266;18.96;7
E4S 56,780;20220724;22:15:00;22:20:00;267;17.69;7
E4S 56,780;20220724;22:20:00;22:25:00;268;16.60;7
E4S 56,780;20220724;22:25:00;22:30:00;269;18.47;6
E4S 56,780;20220724;22:30:00;22:35:00;270;18.15;4
E4S 56,780;20220724;22:35:00;22:40:00;271;20.50;10
E4S 56,780;20220724;22:40:00;22:45:00;272;17.50;5
E4S 56,780;20220724;22:45:00;22:50:00;273;20.70;6
E4S 56,780;20220724;22:50:00;22:55:00;274;19.00;8
E4S 56,780;20220724;22:55:00;23:00:00;275;18.61;2
E4S 56,780;20220724;23:00:00;23:05:00;276;18.47;4
E4S 56,780;20220724;23:05:00;23:10:00;277;18.33;2
E4S 56,780;20220724;23:10:00;23:15:00;278;17.43;6
E4S 56,780;20220724;23:15:00;23:20:00;279;17.36;6
E4S 56,780;20220724;23:20:00;23:25:00;280;18.89;4
E4S 56,780;20220724;23:25:00;23:30:00;281;20.70;3
E4S 56,780;20220724;23:30:00;23:35:00;282;18.89;3
E4S 56,780;20220724;23:40:00;23:45:00;284;18.34;3
E4S 56,780;20220724;23:45:00;23:50:00;285;18.27;6
E4S 56,780;20220724;23:50:00;23:55:00;286;18.06;1
E4S 56,780;20220724;23:55:00;24:00:00;287;20.00;2
E4S 56,780;20220726;00:00:00;00:05:00;0;18.05;3
E4S 56,780;20220726;00:05:00;00:10:00;1;17.98;8
E4S 56,780;20220726;00:10:00;00:15:00;2;19.03;4
E4S 56,780;20220726;00:15:00;00:20:00;3;16.94;1
E4S 56,780;20220726;00:20:00;00:25:00;4;17.78;2
E4S 56,780;20220726;00:30:00;00:35:00;6;20.55;2
E4S 56,780;20220726;00:35:00;00:40:00;7;19.44;2
E4S 56,780;20220726;00:40:00;00:45:00;8;18.06;1
E4S 56,780;20220726;00:45:00;00:50:00;9;16.81;3
E4S 56,780;20220726;01:00:00;01:05:00;12;18.61;5
E4S 56,780;20220726;01:05:00;01:10:00;13;20.56;2
E4S 56,780;20220726;01:10:00;01:15:00;14;18.33;4
E4S 56,780;20220726;01:15:00;01:20:00;15;19.07;3
E4S 56,780;20220726;01:20:00;01:25:00;16;15.55;2
E4S 56,780;20220726;01:25:00;01:30:00;17;18.34;4
E4S 56,780;20220726;01:30:00;01:35:00;18;18.33;2
E4S 56,780;20220726;01:40:00;01:45:00;20;18.24;3
E4S 56,780;20220726;01:45:00;01:50:00;21;22.08;2
E4S 56,780;20220726;01:50:00;01:55:00;22;21.11;3
E4S 56,780;20220726;01:55:00;02:00:00;23;22.50;1
E4S 56,780;20220726;02:05:00;02:10:00;25;18.61;4
E4S 56,780;20220726;02:10:00;02:15:00;26;20.00;1
E4S 56,780;20220726;02:15:00;02:20:00;27;18.33;1
E4S 56,780;20220726;02:20:00;02:25:00;28;15.70;2
E4S 56,780;20220726;02:25:00;02:30:00;29;16.39;1
E4S 56,780;20220726;02:30:00;02:35:00;30;21.66;2
E4S 56,780;20220726;02:35:00;02:40:00;31;18.20;3
E4S 56,780;20220726;02:40:00;02:45:00;32;13.61;1
E4S 56,780;20220726;02:50:00;02:55:00;34;17.91;2
E4S 56,780;20220726;03:15:00;03:20:00;39;17.78;1
E4S 56,780;20220726;03:20:00;03:25:00;40;20.97;2
E4S 56,780;20220726;03:25:00;03:30:00;41;16.80;2
E4S 56,780;20220726;03:35:00;03:40:00;43;18.89;1
E4S 56,780;20220726;03:40:00;03:45:00;44;18.05;3
E4S 56,780;20220726;03:45:00;03:50:00;45;20.97;2
E4S 56,780;20220726;03:50:00;03:55:00;46;19.58;3
E4S 56,780;20220726;04:00:00;04:05:00;48;19.72;1
E4S 56,780;20220726;04:05:00;04:10:00;49;18.20;3
E4S 56,780;20220726;04:10:00;04:15:00;50;19.17;3
E4S 56,780;20220726;04:15:00;04:20:00;51;24.30;3
E4S 56,780;20220726;04:20:00;04:25:00;52;20.28;3
E4S 56,780;20220726;04:25:00;04:30:00;53;21.11;3
E4S 56,780;20220726;04:30:00;04:35:00;54;16.95;4
E4S 56,780;20220726;04:40:00;04:45:00;56;19.72;2
E4S 56,780;20220726;04:45:00;04:50:00;57;20.56;2
E4S 56,780;20220726;04:50:00;04:55:00;58;18.19;6
E4S 56,780;20220726;04:55:00;05:00:00;59;18.88;2
E4S 56,780;20220726;05:00:00;05:05:00;60;19.45;3
E4S 56,780;20220726;05:05:00;05:10:00;61;16.52;4
E4S 56,780;20220726;05:10:00;05:15:00;62;15.97;3
E4S 56,780;20220726;05:15:00;05:20:00;63;20.46;4
E4S 56,780;20220726;05:20:00;05:25:00;64;20.00;5
E4S 56,780;20220726;05:25:00;05:30:00;65;19.30;6
E4S 56,780;20220726;05:30:00;05:35:00;66;20.48;7
E4S 56,780;20220726;05:35:00;05:40:00;67;17.96;7
E4S 56,780;20220726;05:40:00;05:45:00;68;19.86;9
E4S 56,780;20220726;05:45:00;05:50:00;69;18.75;8
E4S 56,780;20220726;05:50:00;05:55:00;70;19.50;11
E4S 56,780;20220726;05:55:00;06:00:00;71;18.00;7
E4S 56,780;20220726;06:00:00;06:05:00;72;19.78;7
E4S 56,780;20220726;06:05:00;06:10:00;73;19.17;6
E4S 56,780;20220726;06:10:00;06:15:00;74;17.78;6
E4S 56,780;20220726;06:15:00;06:20:00;75;19.86;13
E4S 56,780;20220726;06:20:00;06:25:00;76;19.23;13
E4S 56,780;20220726;06:25:00;06:30:00;77;17.78;6
E4S 56,780;20220726;06:30:00;06:35:00;78;19.61;11
E4S 56,780;20220726;06:35:00;06:40:00;79;18.72;9
E4S 56,780;20220726;06:40:00;06:45:00;80;20.17;17
E4S 56,780;20220726;06:45:00;06:50:00;81;19.39;12
E4S 56,780;20220726;06:50:00;06:55:00;82;17.92;10
E4S 56,780;20220726;06:55:00;07:00:00;83;20.11;16
E4S 56,780;20220726;07:00:00;07:05:00;84;18.72;18
E4S 56,780;20220726;07:05:00;07:10:00;85;18.50;17
E4S 56,780;20220726;07:10:00;07:15:00;86;19.39;15
E4S 56,780;20220726;07:15:00;07:20:00;87;17.43;18
E4S 56,780;20220726;07:20:00;07:25:00;88;17.83;11
E4S 56,780;20220726;07:25:00;07:30:00;89;17.94;15
E4S 56,780;20220726;07:30:00;07:35:00;90;18.05;10
E4S 56,780;20220726;07:35:00;07:40:00;91;17.33;10
E4S 56,780;20220726;07:40:00;07:45:00;92;17.98;14
E4S 56,780;20220726;07:45:00;07:50:00;93;18.05;15
E4S 56,780;20220726;07:50:00;07:55:00;94;18.05;10
E4S 56,780;20220726;07:55:00;08:00:00;95;17.78;8
E4S 56,780;20220726;08:00:00;08:05:00;96;18.54;14
E4S 56,780;20220726;08:05:00;08:10:00;97;18.33;11
E4S 56,780;20220726;08:10:00;08:15:00;98;18.39;14
E4S 56,780;20220726;08:15:00;08:20:00;99;18.00;14
E4S 56,780;20220726;08:20:00;08:25:00;100;18.39;14
E4S 56,780;20220726;08:25:00;08:30:00;101;18.82;10
E4S 56,780;20220726;08:30:00;08:35:00;102;18.89;14
E4S 56,780;20220726;08:35:00;08:40:00;103;19.06;11
E4S 56,780;20220726;08:40:00;08:45:00;104;18.11;16
E4S 56,780;20220726;08:45:00;08:50:00;105;18.44;23
E4S 56,780;20220726;08:50:00;08:55:00;106;18.11;15
E4S 56,780;20220726;08:55:00;09:00:00;107;18.89;7
E4S 56,780;20220726;09:00:00;09:05:00;108;17.39;17
E4S 56,780;20220726;09:05:00;09:10:00;109;18.22;12
E4S 56,780;20220726;09:10:00;09:15:00;110;17.05;18
E4S 56,780;20220726;09:15:00;09:20:00;111;18.28;16
E4S 56,780;20220726;09:20:00;09:25:00;112;18.27;16
E4S 56,780;20220726;09:25:00;09:30:00;113;18.67;18
E4S 56,780;20220726;09:30:00;09:35:00;114;18.28;12
E4S 56,780;20220726;09:35:00;09:40:00;115;17.11;11
E4S 56,780;20220726;09:40:00;09:45:00;116;18.05;17
E4S 56,780;20220726;09:45:00;09:50:00;117;18.89;14
E4S 56,780;20220726;09:50:00;09:55:00;118;17.83;21
E4S 56,780;20220726;09:55:00;10:00:00;119;17.39;23
E4S 56,780;20220726;10:00:00;10:05:00;120;17.28;13
E4S 56,780;20220726;10:05:00;10:10:00;121;17.78;15
E4S 56,780;20220726;10:10:00;10:15:00;122;16.60;18
E4S 56,780;20220726;10:15:00;10:20:00;123;16.78;20
E4S 56,780;20220726;10:20:00;10:25:00;124;17.08;16
E4S 56,780;20220726;10:25:00;10:30:00;125;16.17;15
E4S 56,780;20220726;10:30:00;10:35:00;126;17.01;18
E4S 56,780;20220726;10:35:00;10:40:00;127;17.15;13
E4S 56,780;20220726;10:40:00;10:45:00;128;16.55;17
E4S 56,780;20220726;10:45:00;10:50:00;129;17.15;10
E4S 56,780;20220726;10:50:00;10:55:00;130;17.05;19
E4S 56,780;20220726;10:55:00;11:00:00;131;19.27;11
E4S 56,780;20220726;11:00:00;11:05:00;132;18.89;11
E4S 56,780;20220726;11:05:00;11:10:00;133;15.91;9
E4S 56,780;20220726;11:10:00;11:15:00;134;17.29;12
E4S 56,780;20220726;11:15:00;11:20:00;135;17.72;17
E4S 56,780;20220726;11:20:00;11:25:00;136;17.33;21
E4S 56,780;20220726;11:25:00;11:30:00;137;16.22;19
E4S 56,780;20220726;11:30:00;11:35:00;138;17.98;16
E4S 56,780;20220726;11:35:00;11:40:00;139;17.33;22
E4S 56,780;20220726;11:40:00;11:45:00;140;17.33;17
E4S 56,780;20220726;11:45:00;11:50:00;141;17.29;16
E4S 56,780;20220726;11:50:00;11:55:00;142;18.33;17
E4S 56,780;20220726;11:55:00;12:00:00;143;17.11;12
E4S 56,780;20220726;12:00:00;12:05:00;144;17.78;14
E4S 56,780;20220726;12:05:00;12:10:00;145;16.21;12
E4S 56,780;20220726;12:10:00;12:15:00;146;16.61;20
E4S 56,780;20220726;12:15:00;12:20:00;147;16.44;16
E4S 56,780;20220726;12:20:00;12:25:00;148;17.22;19
E4S 56,780;20220726;12:25:00;12:30:00;149;16.78;17
E4S 56,780;20220726;12:30:00;12:35:00;150;16.83;18
E4S 56,780;20220726;12:35:00;12:40:00;151;16.17;25
E4S 56,780;20220726;12:40:00;12:45:00;152;17.83;22
E4S 56,780;20220726;12:45:00;12:50:00;153;17.28;23
E4S 56,780;20220726;12:50:00;12:55:00;154;17.28;23
E4S 56,780;20220726;12:55:00;13:00:00;155;18.11;17
E4S 56,780;20220726;13:00:00;13:05:00;156;16.83;21
E4S 56,780;20220726;13:05:00;13:10:00;157;18.05;16
E4S 56,780;20220726;13:10:00;13:15:00;158;16.67;15
E4S 56,780;20220726;13:15:00;13:20:00;159;16.00;21
E4S 56,780;20220726;13:20:00;13:25:00;160;17.56;17
E4S 56,780;20220726;13:25:00;13:30:00;161;18.06;20
E4S 56,780;20220726;13:30:00;13:35:00;162;16.83;17
E4S 56,780;20220726;13:35:00;13:40:00;163;17.06;26
E4S 56,780;20220726;13:40:00;13:45:00;164;16.94;23
E4S 56,780;20220726;13:45:00;13:50:00;165;16.46;22
E4S 56,780;20220726;13:50:00;13:55:00;166;18.96;13
E4S 56,780;20220726;13:55:00;14:00:00;167;16.39;19
E4S 56,780;20220726;14:00:00;14:05:00;168;17.22;14
E4S 56,780;20220726;14:05:00;14:10:00;169;16.80;15
E4S 56,780;20220726;14:10:00;14:15:00;170;17.50;18
E4S 56,780;20220726;14:15:00;14:20:00;171;16.56;27
E4S 56,780;20220726;14:20:00;14:25:00;172;16.33;19
E4S 56,780;20220726;14:25:00;14:30:00;173;16.60;18
E4S 56,780;20220726;14:30:00;14:35:00;174;16.56;23
E4S 56,780;20220726;14:35:00;14:40:00;175;16.89;25
E4S 56,780;20220726;14:40:00;14:45:00;176;16.06;24
E4S 56,780;20220726;14:45:00;14:50:00;177;16.61;20
E4S 56,780;20220726;14:50:00;14:55:00;178;16.67;26
E4S 56,780;20220726;14:55:00;15:00:00;179;16.67;18
E4S 56,780;20220726;15:00:00;15:05:00;180;17.89;26
E4S 56,780;20220726;15:05:00;15:10:00;181;18.28;25
E4S 56,780;20220726;15:10:00;15:15:00;182;17.00;21
E4S 56,780;20220726;15:15:00;15:20:00;183;17.06;24
E4S 56,780;20220726;15:20:00;15:25:00;184;17.95;29
E4S 56,780;20220726;15:25:00;15:30:00;185;16.72;19
E4S 56,780;20220726;15:30:00;15:35:00;186;17.44;18
E4S 56,780;20220726;15:35:00;15:40:00;187;16.44;23
E4S 56,780;20220726;15:40:00;15:45:00;188;16.94;23
E4S 56,780;20220726;15:45:00;15:50:00;189;17.50;23
E4S 56,780;20220726;15:50:00;15:55:00;190;16.67;25
E4S 56,780;20220726;15:55:00;16:00:00;191;16.56;22
E4S 56,780;20220726;16:00:00;16:05:00;192;18.05;25
E4S 56,780;20220726;16:05:00;16:10:00;193;16.50;34
E4S 56,780;20220726;16:10:00;16:15:00;194;16.17;29
E4S 56,780;20220726;16:15:00;16:20:00;195;17.22;30
E4S 56,780;20220726;16:20:00;16:25:00;196;17.61;20
E4S 56,780;20220726;16:25:00;16:30:00;197;18.28;24
E4S 56,780;20220726;16:30:00;16:35:00;198;18.45;23
E4S 56,780;20220726;16:35:00;16:40:00;199;15.41;22
E4S 56,780;20220726;16:40:00;16:45:00;200;16.83;34
E4S 56,780;20220726;16:45:00;16:50:00;201;16.61;21
E4S 56,780;20220726;16:50:00;16:55:00;202;16.11;26
E4S 56,780;20220726;16:55:00;17:00:00;203;17.22;20
E4S 56,780;20220726;17:00:00;17:05:00;204;17.28;26
E4S 56,780;20220726;17:05:00;17:10:00;205;16.45;21
E4S 56,780;20220726;17:10:00;17:15:00;206;17.56;22
E4S 56,780;20220726;17:15:00;17:20:00;207;16.78;21
E4S 56,780;20220726;17:20:00;17:25:00;208;17.17;15
E4S 56,780;20220726;17:25:00;17:30:00;209;17.72;18
E4S 56,780;20220726;17:30:00;17:35:00;210;17.22;14
E4S 56,780;20220726;17:35:00;17:40:00;211;17.61;20
E4S 56,780;20220726;17:40:00;17:45:00;212;18.19;22
E4S 56,780;20220726;17:45:00;17:50:00;213;17.78;13
E4S 56,780;20220726;17:50:00;17:55:00;214;17.11;21
E4S 56,780;20220726;17:55:00;18:00:00;215;17.17;14
E4S 56,780;20220726;18:00:00;18:05:00;216;17.61;17
E4S 56,780;20220726;18:05:00;18:10:00;217;18.44;21
E4S 56,780;20220726;18:10:00;18:15:00;218;16.61;13
E4S 56,780;20220726;18:15:00;18:20:00;219;18.44;16
E4S 56,780;20220726;18:20:00;18:25:00;220;18.22;15
E4S 56,780;20220726;18:25:00;18:30:00;221;16.83;17
E4S 56,780;20220726;18:30:00;18:35:00;222;17.78;20
E4S 56,780;20220726;18:35:00;18:40:00;223;17.39;15
E4S 56,780;20220726;18:40:00;18:45:00;224;17.72;10
E4S 56,780;20220726;18:45:00;18:50:00;225;19.23;9
E4S 56,780;20220726;18:50:00;18:55:00;226;17.29;14
E4S 56,780;20220726;18:55:00;19:00:00;227;18.78;6
E4S 56,780;20220726;19:00:00;19:05:00;228;18.17;16
E4S 56,780;20220726;19:05:00;19:10:00;229;16.89;9
E4S 56,780;20220726;19:10:00;19:15:00;230;18.24;6
E4S 56,780;20220726;19:15:00;19:20:00;231;18.34;12
E4S 56,780;20220726;19:20:00;19:25:00;232;19.35;8
E4S 56,780;20220726;19:25:00;19:30:00;233;19.33;11
E4S 56,780;20220726;19:30:00;19:35:00;234;19.00;14
E4S 56,780;20220726;19:35:00;19:40:00;235;18.27;10
E4S 56,780;20220726;19:40:00;19:45:00;236;18.20;10
E4S 56,780;20220726;19:45:00;19:50:00;237;18.78;6
E4S 56,780;20220726;19:50:00;19:55:00;238;18.39;10
E4S 56,780;20220726;19:55:00;20:00:00;239;18.00;11
E4S 56,780;20220726;20:00:00;20:05:00;240;18.54;10
E4S 56,780;20220726;20:05:00;20:10:00;241;17.83;17
E4S 56,780;20220726;20:10:00;20:15:00;242;19.03;12
E4S 56,780;20220726;20:15:00;20:20:00;243;18.28;11
E4S 56,780;20220726;20:20:00;20:25:00;244;18.33;11
E4S 56,780;20220726;20:25:00;20:30:00;245;19.11;9
E4S 56,780;20220726;20:30:00;20:35:00;246;18.88;9
E4S 56,780;20220726;20:35:00;20:40:00;247;20.00;5
E4S 56,780;20220726;20:40:00;20:45:00;248;19.28;9
E4S 56,780;20220726;20:45:00;20:50:00;249;19.51;4
E4S 56,780;20220726;20:50:00;20:55:00;250;18.00;17
E4S 56,780;20220726;20:55:00;21:00:00;251;20.37;6
E4S 56,780;20220726;21:00:00;21:05:00;252;19.03;6
E4S 56,780;20220726;21:05:00;21:10:00;253;18.89;12
E4S 56,780;20220726;21:10:00;21:15:00;254;19.54;6
E4S 56,780;20220726;21:15:00;21:20:00;255;17.85;13
E4S 56,780;20220726;21:20:00;21:25:00;256;20.28;1
E4S 56,780;20220726;21:25:00;21:30:00;257;20.21;8
E4S 56,780;20220726;21:30:00;21:35:00;258;21.67;11
E4S 56,780;20220726;21:35:00;21:40:00;259;22.13;5
E4S 56,780;20220726;21:40:00;21:45:00;260;19.79;10
E4S 56,780;20220726;21:45:00;21:50:00;261;17.68;4
E4S 56,780;20220726;21:50:00;21:55:00;262;19.17;6
E4S 56,780;20220726;21:55:00;22:00:00;263;20.21;9
E4S 56,780;20220726;22:00:00;22:05:00;264;18.89;3
E4S 56,780;20220726;22:05:00;22:10:00;265;18.05;3
E4S 56,780;20220726;22:10:00;22:15:00;266;18.68;9
E4S 56,780;20220726;22:15:00;22:20:00;267;18.71;9
E4S 56,780;20220726;22:20:00;22:25:00;268;18.20;2
E4S 56,780;20220726;22:25:00;22:30:00;269;17.64;3
E4S 56,780;20220726;22:30:00;22:35:00;270;19.22;13
E4S 56,780;20220726;22:35:00;22:40:00;271;16.39;2
E4S 56,780;20220726;22:40:00;22:45:00;272;19.93;7
E4S 56,780;20220726;22:45:00;22:50:00;273;17.29;5
E4S 56,780;20220726;22:50:00;22:55:00;274;19.65;7
E4S 56,780;20220726;22:55:00;23:00:00;275;19.30;4
E4S 56,780;20220726;23:00:00;23:05:00;276;19.59;7
E4S 56,780;20220726;23:05:00;23:10:00;277;17.59;4
E4S 56,780;20220726;23:10:00;23:15:00;278;17.50;8
E4S 56,780;20220726;23:15:00;23:20:00;279;18.96;4
E4S 56,780;20220726;23:20:00;23:25:00;280;19.24;8
E4S 56,780;20220726;23:25:00;23:30:00;281;21.39;7
E4S 56,780;20220726;23:30:00;23:35:00;282;17.68;4
E4S 56,780;20220726;23:35:00;23:40:00;283;18.75;6
E4S 56,780;20220726;23:40:00;23:45:00;284;22.09;2
E4S 56,780;20220726;23:45:00;23:50:00;285;21.30;4
E4S 56,780;20220726;23:50:00;23:55:00;286;19.72;1
E4S 56,780;20220726;23:55:00;24:00:00;287;19.59;5
E4S 56,780;20220804;00:00:00;00:05:00;0;18.15;4
E4S 56,780;20220804;00:05:00;00:10:00;1;18.05;5
E4S 56,780;20220804;00:10:00;00:15:00;2;21.25;7
E4S 56,780;20220804;00:15:00;00:20:00;3;19.72;4
E4S 56,780;20220804;00:20:00;00:25:00;4;22.09;3
E4S 56,780;20220804;00:25:00;00:30:00;5;20.65;4
E4S 56,780;20220804;00:35:00;00:40:00;7;17.22;2
E4S 56,780;20220804;00:40:00;00:45:00;8;18.82;6
E4S 56,780;20220804;00:45:00;00:50:00;9;15.41;2
E4S 56,780;20220804;00:50:00;00:55:00;10;21.66;2
E4S 56,780;20220804;00:55:00;01:00:00;11;17.50;1
E4S 56,780;20220804;01:00:00;01:05:00;12;13.61;1
E4S 56,780;20220804;01:05:00;01:10:00;13;20.00;1
E4S 56,780;20220804;01:10:00;01:15:00;14;16.11;1
E4S 56,780;20220804;01:20:00;01:25:00;16;19.79;5
E4S 56,780;20220804;01:25:00;01:30:00;17;18.41;4
E4S 56,780;20220804;01:30:00;01:35:00;18;18.33;2
E4S 56,780;20220804;01:35:00;01:40:00;19;19.17;1
E4S 56,780;20220804;01:40:00;01:45:00;20;20.14;3
E4S 56,780;20220804;01:45:00;01:50:00;21;16.53;2
E4S 56,780;20220804;01:50:00;01:55:00;22;21.94;1
E4S 56,780;20220804;01:55:00;02:00:00;23;17.50;4
E4S 56,780;20220804;02:00:00;02:05:00;24;16.11;1
E4S 56,780;20220804;02:05:00;02:10:00;25;14.72;1
E4S 56,780;20220804;02:10:00;02:15:00;26;15.56;1
E4S 56,780;20220804;02:15:00;02:20:00;27;19.44;1
E4S 56,780;20220804;02:20:00;02:25:00;28;18.75;2
E4S 56,780;20220804;02:25:00;02:30:00;29;22.32;3
E4S 56,780;20220804;02:30:00;02:35:00;30;15.56;1
E4S 56,780;20220804;02:35:00;02:40:00;31;18.33;1
E4S 56,780;20220804;02:45:00;02:50:00;33;18.33;1
E4S 56,780;20220804;02:50:00;02:55:00;34;17.96;5
E4S 56,780;20220804;02:55:00;03:00:00;35;30.00;1
E4S 56,780;20220804;03:00:00;03:05:00;36;19.72;1
E4S 56,780;20220804;03:10:00;03:15:00;38;17.22;1
E4S 56,780;20220804;03:20:00;03:25:00;40;18.06;1
E4S 56,780;20220804;03:25:00;03:30:00;41;14.17;1
E4S 56,780;20220804;03:35:00;03:40:00;43;18.75;3
E4S 56,780;20220804;03:40:00;03:45:00;44;19.17;1
E4S 56,780;20220804;03:45:00;03:50:00;45;17.36;3
E4S 56,780;20220804;03:50:00;03:55:00;46;17.78;2
E4S 56,780;20220804;04:00:00;04:05:00;48;20.70;2
E4S 56,780;20220804;04:05:00;04:10:00;49;18.62;3
E4S 56,780;20220804;04:10:00;04:15:00;50;19.72;2
E4S 56,780;20220804;04:15:00;04:20:00;51;18.33;1
E4S 56,780;20220804;04:20:00;04:25:00;52;22.92;2
E4S 56,780;20220804;04:25:00;04:30:00;53;18.48;2
E4S 56,780;20220804;04:30:00;04:35:00;54;20.74;7
E4S 56,780;20220804;04:35:00;04:40:00;55;21.39;7
E4S 56,780;20220804;04:40:00;04:45:00;56;20.56;3
E4S 56,780;20220804;04:45:00;04:50:00;57;19.03;3
E4S 56,780;20220804;04:50:00;04:55:00;58;19.17;2
E4S 56,780;20220804;04:55:00;05:00:00;59;20.42;2
E4S 56,780;20220804;05:00:00;05:05:00;60;16.80;2
E4S 56,780;20220804;05:05:00;05:10:00;61;18.24;5
E4S 56,780;20220804;05:10:00;05:15:00;62;19.26;4
E4S 56,780;20220804;05:15:00;05:20:00;63;13.61;1
E4S 56,780;20220804;05:20:00;05:25:00;64;16.53;3
E4S 56,780;20220804;05:25:00;05:30:00;65;20.11;7
E4S 56,780;20220804;05:30:00;05:35:00;66;19.79;6
E4S 56,780;20220804;05:35:00;05:40:00;67;16.21;6
E4S 56,780;20220804;05:40:00;05:45:00;68;16.80;7
E4S 56,780;20220804;05:45:00;05:50:00;69;19.65;6
E4S 56,780;20220804;05:50:00;05:55:00;70;18.72;9
E4S 56,780;20220804;05:55:00;06:00:00;71;17.71;7
E4S 56,780;20220804;06:00:00;06:05:00;72;19.22;6
E4S 56,780;20220804;06:05:00;06:10:00;73;19.58;10
E4S 56,780;20220804;06:10:00;06:15:00;74;20.14;6
E4S 56,780;20220804;06:15:00;06:20:00;75;17.41;10
E4S 56,780;20220804;06:20:00;06:25:00;76;19.00;11
E4S 56,780;20220804;06:25:00;06:30:00;77;17.50;24
E4S 56,780;20220804;06:30:00;06:35:00;78;17.61;12
E4S 56,780;20220804;06:35:00;06:40:00;79;19.50;12
E4S 56,780;20220804;06:40:00;06:45:00;80;18.89;11
E4S 56,780;20220804;06:45:00;06:50:00;81;21.61;15
E4S 56,780;20220804;06:50:00;06:55:00;82;19.66;22
E4S 56,780;20220804;06:55:00;07:00:00;83;19.03;17
E4S 56,780;20220804;07:00:00;07:05:00;84;19.54;8
E4S 56,780;20220804;07:05:00;07:10:00;85;18.20;14
E4S 56,780;20220804;07:10:00;07:15:00;86;18.94;15
E4S 56,780;20220804;07:15:00;07:20:00;87;18.54;13
E4S 56,780;20220804;07:20:00;07:25:00;88;18.17;6
E4S 56,780;20220804;07:25:00;07:30:00;89;18.28;12
E4S 56,780;20220804;07:30:00;07:35:00;90;17.85;11
E4S 56,780;20220804;07:35:00;07:40:00;91;18.33;13
E4S 56,780;20220804;07:40:00;07:45:00;92;16.78;17
E4S 56,780;20220804;07:45:00;07:50:00;93;19.83;17
E4S 56,780;20220804;07:50:00;07:55:00;94;18.33;31
E4S 56,780;20220804;07:55:00;08:00:00;95;19.11;13
E4S 56,780;20220804;08:00:00;08:05:00;96;20.55;12
E4S 56,780;20220804;08:05:00;08:10:00;97;17.56;17
E4S 56,780;20220804;08:10:00;08:15:00;98;15.83;20
E4S 56,780;20220804;08:15:00;08:20:00;99;20.46;14
E4S 56,780;20220804;08:20:00;08:25:00;100;17.43;20
E4S 56,780;20220804;08:25:00;08:30:00;101;17.64;15
E4S 56,780;20220804;08:30:00;08:35:00;102;19.22;10
E4S 56,780;20220804;08:35:00;08:40:00;103;18.68;18
E4S 56,780;20220804;08:40:00;08:45:00;104;18.61;15
E4S 56,780;20220804;08:45:00;08:50:00;105;16.80;8
E4S 56,780;20220804;08:50:00;08:55:00;106;18.00;17
E4S 56,780;20220804;08:55:00;09:00:00;107;17.56;15
E4S 56,780;20220804;09:00:00;09:05:00;108;15.89;18
E4S 56,780;20220804;09:05:00;09:10:00;109;17.22;14
E4S 56,780;20220804;09:10:00;09:15:00;110;18.83;12
E4S 56,780;20220804;09:15:00;09:20:00;111;17.29;15
E4S 56,780;20220804;09:20:00;09:25:00;112;17.89;18
E4S 56,780;20220804;09:25:00;09:30:00;113;18.22;22
E4S 56,780;20220804;09:30:00;09:35:00;114;17.11;19
E4S 56,780;20220804;09:35:00;09:40:00;115;17.89;17
E4S 56,780;20220804;09:40:00;09:45:00;116;18.22;13
E4S 56,780;20220804;09:45:00;09:50:00;117;17.33;13
E4S 56,780;20220804;09:50:00;09:55:00;118;18.06;25
E4S 56,780;20220804;09:55:00;10:00:00;119;16.72;20
E4S 56,780;20220804;10:00:00;10:05:00;120;17.67;20
E4S 56,780;20220804;10:05:00;10:10:00;121;17.64;12
E4S 56,780;20220804;10:10:00;10:15:00;122;17.67;15
E4S 56,780;20220804;10:15:00;10:20:00;123;16.83;17
E4S 56,780;20220804;10:20:00;10:25:00;124;17.06;22
E4S 56,780;20220804;10:25:00;10:30:00;125;17.22;17
E4S 56,780;20220804;10:30:00;10:35:00;126;17.36;12
E4S 56,780;20220804;10:35:00;10:40:00;127;17.71;17
E4S 56,780;20220804;10:40:00;10:45:00;128;16.25;17
E4S 56,780;20220804;10:45:00;10:50:00;129;17.28;15
E4S 56,780;20220804;10:50:00;10:55:00;130;17.29;16
E4S 56,780;20220804;10:55:00;11:00:00;131;16.89;10
E4S 56,780;20220804;11:00:00;11:05:00;132;16.50;21
E4S 56,780;20220804;11:05:00;11:10:00;133;15.56;23
E4S 56,780;20220804;11:10:00;11:15:00;134;16.18;13
E4S 56,780;20220804;11:15:00;11:20:00;135;16.67;20
E4S 56,780;20220804;11:20:00;11:25:00;136;17.34;23
E4S 56,780;20220804;11:25:00;11:30:00;137;17.50;18
E4S 56,780;20220804;11:30:00;11:35:00;138;17.22;14
E4S 56,780;20220804;11:35:00;11:40:00;139;17.28;23
E4S 56,780;20220804;11:40:00;11:45:00;140;16.72;23
E4S 56,780;20220804;11:45:00;11:50:00;141;19.03;15
E4S 56,780;20220804;11:50:00;11:55:00;142;17.28;22
E4S 56,780;20220804;11:55:00;12:00:00;143;16.72;18
E4S 56,780;20220804;12:00:00;12:05:00;144;16.83;31
E4S 56,780;20220804;12:05:00;12:10:00;145;16.11;25
E4S 56,780;20220804;12:10:00;12:15:00;146;17.16;20
E4S 56,780;20220804;12:15:00;12:20:00;147;16.67;21
E4S 56,780;20220804;12:20:00;12:25:00;148;17.05;24
E4S 56,780;20220804;12:25:00;12:30:00;149;16.94;24
E4S 56,780;20220804;12:30:00;12:35:00;150;17.00;12
E4S 56,780;20220804;12:35:00;12:40:00;151;18.05;12
E4S 56,780;20220804;12:40:00;12:45:00;152;17.00;21
E4S 56,780;20220804;12:45:00;12:50:00;153;16.56;22
E4S 56,780;20220804;12:50:00;12:55:00;154;17.00;23
E4S 56,780;20220804;12:55:00;13:00:00;155;17.29;11
E4S 56,780;20220804;13:00:00;13:05:00;156;17.44;24
E4S 56,780;20220804;13:05:00;13:10:00;157;15.56;18
E4S 56,780;20220804;13:10:00;13:15:00;158;16.06;22
E4S 56,780;20220804;13:15:00;13:20:00;159;16.18;13
E4S 56,780;20220804;13:20:00;13:25:00;160;18.19;16
E4S 56,780;20220804;13:25:00;13:30:00;161;16.22;19
E4S 56,780;20220804;13:30:00;13:35:00;162;16.39;15
E4S 56,780;20220804;13:35:00;13:40:00;163;16.56;21
E4S 56,780;20220804;13:40:00;13:45:00;164;16.67;25
E4S 56,780;20220804;13:45:00;13:50:00;165;18.05;17
E4S 56,780;20220804;13:50:00;13:55:00;166;17.02;16
E4S 56,780;20220804;13:55:00;14:00:00;167;16.53;21
E4S 56,780;20220804;14:00:00;14:05:00;168;17.00;18
E4S 56,780;20220804;14:05:00;14:10:00;169;16.56;21
E4S 56,780;20220804;14:10:00;14:15:00;170;16.17;19
E4S 56,780;20220804;14:15:00;14:20:00;171;16.61;29
E4S 56,780;20220804;14:20:00;14:25:00;172;16.88;11
E4S 56,780;20220804;14:25:00;14:30:00;173;16.61;15
E4S 56,780;20220804;14:30:00;14:35:00;174;16.28;25
E4S 56,780;20220804;14:35:00;14:40:00;175;15.72;28
E4S 56,780;20220804;14:40:00;14:45:00;176;16.84;17
E4S 56,780;20220804;14:45:00;14:50:00;177;16.83;15
E4S 56,780;20220804;14:50:00;14:55:00;178;15.95;30
E4S 56,780;20220804;14:55:00;15:00:00;179;17.78;27
E4S 56,780;20220804;15:00:00;15:05:00;180;15.97;21
E4S 56,780;20220804;15:05:00;15:10:00;181;18.22;23
E4S 56,780;20220804;15:10:00;15:15:00;182;18.11;18
E4S 56,780;20220804;15:15:00;15:20:00;183;16.50;27
E4S 56,780;20220804;15:20:00;15:25:00;184;17.72;15
E4S 56,780;20220804;15:25:00;15:30:00;185;17.39;28
E4S 56,780;20220804;15:30:00;15:35:00;186;16.06;27
E4S 56,780;20220804;15:35:00;15:40:00;187;16.39;23
E4S 56,780;20220804;15:40:00;15:45:00;188;17.11;29
E4S 56,780;20220804;15:45:00;15:50:00;189;16.94;20
E4S 56,780;20220804;15:50:00;15:55:00;190;16.67;23
E4S 56,780;20220804;15:55:00;16:00:00;191;17.11;30
E4S 56,780;20220804;16:00:00;16:05:00;192;16.55;31
E4S 56,780;20220804;16:05:00;16:10:00;193;17.22;19
E4S 56,780;20220804;16:10:00;16:15:00;194;17.11;27
E4S 56,780;20220804;16:15:00;16:20:00;195;16.55;22
E4S 56,780;20220804;16:20:00;16:25:00;196;17.67;26
E4S 56,780;20220804;16:25:00;16:30:00;197;15.34;23
E4S 56,780;20220804;16:30:00;16:35:00;198;16.55;26
E4S 56,780;20220804;16:35:00;16:40:00;199;17.22;21
E4S 56,780;20220804;16:40:00;16:45:00;200;17.00;24
E4S 56,780;20220804;16:45:00;16:50:00;201;17.00;24
E4S 56,780;20220804;16:50:00;16:55:00;202;16.56;28
E4S 56,780;20220804;16:55:00;17:00:00;203;17.00;12
E4S 56,780;20220804;17:00:00;17:05:00;204;16.89;17
E4S 56,780;20220804;17:05:00;17:10:00;205;17.22;19
E4S 56,780;20220804;17:10:00;17:15:00;206;17.33;15
E4S 56,780;20220804;17:15:00;17:20:00;207;16.33;27
E4S 56,780;20220804;17:20:00;17:25:00;208;16.17;12
E4S 56,780;20220804;17:25:00;17:30:00;209;18.83;17
E4S 56,780;20220804;17:30:00;17:35:00;210;17.78;18
E4S 56,780;20220804;17:35:00;17:40:00;211;17.72;15
E4S 56,780;20220804;17:40:00;17:45:00;212;18.00;17
E4S 56,780;20220804;17:45:00;17:50:00;213;17.06;14
E4S 56,780;20220804;17:50:00;17:55:00;214;18.61;12
E4S 56,780;20220804;17:55:00;18:00:00;215;18.96;14
E4S 56,780;20220804;18:00:00;18:05:00;216;19.22;23
E4S 56,780;20220804;18:05:00;18:10:00;217;15.72;10
E4S 56,780;20220804;18:10:00;18:15:00;218;18.22;20
E4S 56,780;20220804;18:15:00;18:20:00;219;18.75;12
E4S 56,780;20220804;18:20:00;18:25:00;220;16.95;8
E4S 56,780;20220804;18:25:00;18:30:00;221;18.28;13
E4S 56,780;20220804;18:30:00;18:35:00;222;17.11;22
E4S 56,780;20220804;18:35:00;18:40:00;223;16.11;10
E4S 56,780;20220804;18:40:00;18:45:00;224;18.55;17
E4S 56,780;20220804;18:45:00;18:50:00;225;17.78;16
E4S 56,780;20220804;18:50:00;18:55:00;226;18.27;11
E4S 56,780;20220804;18:55:00;19:00:00;227;17.28;13
E4S 56,780;20220804;19:00:00;19:05:00;228;17.22;9
E4S 56,780;20220804;19:05:00;19:10:00;229;17.50;9
E4S 56,780;20220804;19:10:00;19:15:00;230;17.78;9
E4S 56,780;20220804;19:15:00;19:20:00;231;17.33;16
E4S 56,780;20220804;19:20:00;19:25:00;232;17.61;14
E4S 56,780;20220804;19:25:00;19:30:00;233;17.83;11
E4S 56,780;20220804;19:30:00;19:35:00;234;18.24;11
E4S 56,780;20220804;19:35:00;19:40:00;235;18.72;11
E4S 56,780;20220804;19:40:00;19:45:00;236;17.99;9
E4S 56,780;20220804;19:45:00;19:50:00;237;17.72;12
E4S 56,780;20220804;19:50:00;19:55:00;238;18.05;8
E4S 56,780;20220804;19:55:00;20:00:00;239;18.28;9
E4S 56,780;20220804;20:00:00;20:05:00;240;19.00;13
E4S 56,780;20220804;20:05:00;20:10:00;241;18.22;17
E4S 56,780;20220804;20:10:00;20:15:00;242;18.48;8
E4S 56,780;20220804;20:15:00;20:20:00;243;18.50;12
E4S 56,780;20220804;20:20:00;20:25:00;244;18.83;9
E4S 56,780;20220804;20:25:00;20:30:00;245;19.22;12
E4S 56,780;20220804;20:30:00;20:35:00;246;16.60;8
E4S 56,780;20220804;20:35:00;20:40:00;247;19.10;7
E4S 56,780;20220804;20:40:00;20:45:00;248;20.42;6
E4S 56,780;20220804;20:45:00;20:50:00;249;17.28;9
E4S 56,780;20220804;20:50:00;20:55:00;250;17.64;7
E4S 56,780;20220804;20:55:00;21:00:00;251;18.68;8
E4S 56,780;20220804;21:00:00;21:05:00;252;16.67;10
E4S 56,780;20220804;21:05:00;21:10:00;253;18.89;7
E4S 56,780;20220804;21:10:00;21:15:00;254;17.67;19
E4S 56,780;20220804;21:15:00;21:20:00;255;19.93;9
E4S 56,780;20220804;21:20:00;21:25:00;256;18.50;21
E4S 56,780;20220804;21:25:00;21:30:00;257;18.44;27
E4S 56,780;20220804;21:30:00;21:35:00;258;16.94;19
E4S 56,780;20220804;21:35:00;21:40:00;259;16.78;16
E4S 56,780;20220804;21:40:00;21:45:00;260;16.56;10
E4S 56,780;20220804;21:45:00;21:50:00;261;16.74;15
E4S 56,780;20220804;21:50:00;21:55:00;262;19.54;6
E4S 56,780;20220804;21:55:00;22:00:00;263;19.56;12
E4S 56,780;20220804;22:00:00;22:05:00;264;18.12;8
E4S 56,780;20220804;22:05:00;22:10:00;265;16.39;10
E4S 56,780;20220804;22:10:00;22:15:00;266;19.22;15
E4S 56,780;20220804;22:15:00;22:20:00;267;17.32;5
E4S 56,780;20220804;22:20:00;22:25:00;268;16.56;12
E4S 56,780;20220804;22:25:00;22:30:00;269;17.41;7
E4S 56,780;20220804;22:30:00;22:35:00;270;19.17;7
E4S 56,780;20220804;22:35:00;22:40:00;271;17.13;6
E4S 56,780;20220804;22:40:00;22:45:00;272;17.41;6
E4S 56,780;20220804;22:45:00;22:50:00;273;20.00;8
E4S 56,780;20220804;22:50:00;22:55:00;274;20.07;6
E4S 56,780;20220804;22:55:00;23:00:00;275;18.43;5
E4S 56,780;20220804;23:00:00;23:05:00;276;17.08;5
E4S 56,780;20220804;23:05:00;23:10:00;277;17.69;3
E4S 56,780;20220804;23:10:00;23:15:00;278;21.95;4
E4S 56,780;20220804;23:15:00;23:20:00;279;17.50;2
E4S 56,780;20220804;23:20:00;23:25:00;280;16.02;3
E4S 56,780;20220804;23:25:00;23:30:00;281;15.98;7
E4S 56,780;20220804;23:30:00;23:35:00;282;20.00;3
E4S 56,780;20220804;23:35:00;23:40:00;283;17.78;1
E4S 56,780;20220804;23:40:00;23:45:00;284;19.03;6
E4S 56,780;20220804;23:45:00;23:50:00;285;24.91;5
E4S 56,780;20220804;23:50:00;23:55:00;286;21.25;3
E4S 56,780;20220804;23:55:00;24:00:00;287;18.33;5
E4S 56,780;20220825;00:00:00;00:05:00;0;19.80;10
E4S 56,780;20220825;00:05:00;00:10:00;1;18.70;5
E4S 56,780;20220825;00:10:00;00:15:00;2;19.30;7
E4S 56,780;20220825;00:15:00;00:20:00;3;16.80;4
E4S 56,780;20220825;00:20:00;00:25:00;4;20.65;4
E4S 56,780;20220825;00:25:00;00:30:00;5;17.96;4
E4S 56,780;20220825;00:30:00;00:35:00;6;20.22;8
E4S 56,780;20220825;00:35:00;00:40:00;7;20.55;2
E4S 56,780;20220825;00:40:00;00:45:00;8;19.72;6
E4S 56,780;20220825;00:45:00;00:50:00;9;16.30;3
E4S 56,780;20220825;00:50:00;00:55:00;10;18.48;2
E4S 56,780;20220825;00:55:00;01:00:00;11;17.37;3
E4S 56,780;20220825;01:00:00;01:05:00;12;20.00;3
E4S 56,780;20220825;01:05:00;01:10:00;13;22.78;1
E4S 56,780;20220825;01:10:00;01:15:00;14;17.22;2
E4S 56,780;20220825;01:15:00;01:20:00;15;18.33;4
E4S 56,780;20220825;01:20:00;01:25:00;16;18.52;4
E4S 56,780;20220825;01:25:00;01:30:00;17;23.75;4
E4S 56,780;20220825;01:35:00;01:40:00;19;24.86;2
E4S 56,780;20220825;01:40:00;01:45:00;20;18.52;6
E4S 56,780;20220825;01:45:00;01:50:00;21;15.00;1
E4S 56,780;20220825;01:50:00;01:55:00;22;19.35;4
E4S 56,780;20220825;01:55:00;02:00:00;23;19.17;3
E4S 56,780;20220825;02:05:00;02:10:00;25;17.78;1
E4S 56,780;20220825;02:10:00;02:15:00;26;19.91;3
E4S 56,780;20220825;02:15:00;02:20:00;27;16.11;2
E4S 56,780;20220825;02:20:00;02:25:00;28;17.96;3
E4S 56,780;20220825;02:25:00;02:30:00;29;21.48;3
E4S 56,780;20220825;02:30:00;02:35:00;30;17.50;2
E4S 56,780;20220825;02:35:00;02:40:00;31;20.92;4
E4S 56,780;20220825;02:40:00;02:45:00;32;19.30;2
E4S 56,780;20220825;02:45:00;02:50:00;33;18.61;2
E4S 56,780;20220825;02:50:00;02:55:00;34;19.07;6
E4S 56,780;20220825;02:55:00;03:00:00;35;20.28;2
E4S 56,780;20220825;03:00:00;03:05:00;36;19.02;3
E4S 56,780;20220825;03:05:00;03:10:00;37;17.41;3
E4S 56,780;20220825;03:10:00;03:15:00;38;17.64;2
E4S 56,780;20220825;03:15:00;03:20:00;39;15.97;2
E4S 56,780;20220825;03:20:00;03:25:00;40;20.07;8
E4S 56,780;20220825;03:25:00;03:30:00;41;19.30;2
E4S 56,780;20220825;03:30:00;03:35:00;42;19.26;4
E4S 56,780;20220825;03:35:00;03:40:00;43;20.09;3
E4S 56,780;20220825;03:40:00;03:45:00;44;19.17;1
E4S 56,780;20220825;03:45:00;03:50:00;45;20.56;2
E4S 56,780;20220825;03:50:00;03:55:00;46;21.52;2
E4S 56,780;20220825;03:55:00;04:00:00;47;16.94;2
E4S 56,780;20220825;04:00:00;04:05:00;48;21.11;4
E4S 56,780;20220825;04:05:00;04:10:00;49;18.34;3
E4S 56,780;20220825;04:10:00;04:15:00;50;16.39;1
E4S 56,780;20220825;04:15:00;04:20:00;51;18.20;2
E4S 56,780;20220825;04:20:00;04:25:00;52;18.33;1
E4S 56,780;20220825;04:25:00;04:30:00;53;19.44;1
E4S 56,780;20220825;04:30:00;04:35:00;54;24.17;1
E4S 56,780;20220825;04:35:00;04:40:00;55;18.06;2
E4S 56,780;20220825;04:40:00;04:45:00;56;18.47;3
E4S 56,780;20220825;04:45:00;04:50:00;57;20.70;2
E4S 56,780;20220825;04:50:00;04:55:00;58;19.72;5
E4S 56,780;20220825;04:55:00;05:00:00;59;19.72;5
E4S 56,780;20220825;05:00:00;05:05:00;60;16.80;4
E4S 56,780;20220825;05:05:00;05:10:00;61;18.80;7
E4S 56,780;20220825;05:10:00;05:15:00;62;17.64;2
E4S 56,780;20220825;05:15:00;05:20:00;63;16.52;3
E4S 56,780;20220825;05:20:00;05:25:00;64;17.64;6
E4S 56,780;20220825;05:25:00;05:30:00;65;17.96;6
E4S 56,780;20220825;05:30:00;05:35:00;66;19.16;8
E4S 56,780;20220825;05:35:00;05:40:00;67;17.85;11
E4S 56,780;20220825;05:40:00;05:45:00;68;19.95;8
E4S 56,780;20220825;05:45:00;05:50:00;69;18.82;15
E4S 56,780;20220825;05:50:00;05:55:00;70;17.72;15
E4S 56,780;20220825;05:55:00;06:00:00;71;19.22;10
E4S 56,780;20220825;06:00:00;06:05:00;72;19.37;14
E4S 56,780;20220825;06:05:00;06:10:00;73;18.33;15
E4S 56,780;20220825;06:10:00;06:15:00;74;17.83;14
E4S 56,780;20220825;06:15:00;06:20:00;75;17.95;17
E4S 56,780;20220825;06:20:00;06:25:00;76;15.06;14
E4S 56,780;20220825;06:25:00;06:30:00;77;16.83;19
E4S 56,780;20220825;06:30:00;06:35:00;78;16.61;21
E4S 56,780;20220825;06:35:00;06:40:00;79;17.22;22
E4S 56,780;20220825;06:40:00;06:45:00;80;17.72;24
E4S 56,780;20220825;06:45:00;06:50:00;81;17.33;24
E4S 56,780;20220825;06:50:00;06:55:00;82;15.78;23
E4S 56,780;20220825;06:55:00;07:00:00;83;17.17;21
E4S 56,780;20220825;07:00:00;07:05:00;84;17.56;25
E4S 56,780;20220825;07:05:00;07:10:00;85;17.44;27
E4S 56,780;20220825;07:10:00;07:15:00;86;17.39;17
E4S 56,780;20220825;07:15:00;07:20:00;87;17.50;34
E4S 56,780;20220825;07:20:00;07:25:00;88;17.39;28
E4S 56,780;20220825;07:25:00;07:30:00;89;17.57;17
E4S 56,780;20220825;07:30:00;07:35:00;90;16.94;21
E4S 56,780;20220825;07:35:00;07:40:00;91;17.00;21
E4S 56,780;20220825;07:40:00;07:45:00;92;17.04;18
E4S 56,780;20220825;07:45:00;07:50:00;93;15.95;22
E4S 56,780;20220825;07:50:00;07:55:00;94;17.56;30
E4S 56,780;20220825;07:55:00;08:00:00;95;17.06;21
E4S 56,780;20220825;08:00:00;08:05:00;96;17.61;33
E4S 56,780;20220825;08:05:00;08:10:00;97;16.39;24
E4S 56,780;20220825;08:10:00;08:15:00;98;16.06;31
E4S 56,780;20220825;08:15:00;08:20:00;99;17.50;19
E4S 56,780;20220825;08:20:00;08:25:00;100;17.50;17
E4S 56,780;20220825;08:25:00;08:30:00;101;16.89;34
E4S 56,780;20220825;08:30:00;08:35:00;102;17.16;31
E4S 56,780;20220825;08:35:00;08:40:00;103;15.44;29
E4S 56,780;20220825;08:40:00;08:45:00;104;17.72;21
E4S 56,780;20220825;08:45:00;08:50:00;105;17.61;27
E4S 56,780;20220825;08:50:00;08:55:00;106;17.22;25
E4S 56,780;20220825;08:55:00;09:00:00;107;16.78;30
E4S 56,780;20220825;09:00:00;09:05:00;108;15.78;15
E4S 56,780;20220825;09:05:00;09:10:00;109;15.44;25
E4S 56,780;20220825;09:10:00;09:15:00;110;17.44;23
E4S 56,780;20220825;09:15:00;09:20:00;111;15.72;18
E4S 56,780;20220825;09:20:00;09:25:00;112;16.11;17
E4S 56,780;20220825;09:25:00;09:30:00;113;16.45;19
E4S 56,780;20220825;09:30:00;09:35:00;114;17.00;17
E4S 56,780;20220825;09:35:00;09:40:00;115;15.05;24
E4S 56,780;20220825;09:40:00;09:45:00;116;16.72;22
E4S 56,780;20220825;09:45:00;09:50:00;117;16.32;20
E4S 56,780;20220825;09:50:00;09:55:00;118;15.83;20
E4S 56,780;20220825;09:55:00;10:00:00;119;15.97;24
E4S 56,780;20220825;10:00:00;10:05:00;120;17.22;30
E4S 56,780;20220825;10:05:00;10:10:00;121;16.66;18
E4S 56,780;20220825;10:10:00;10:15:00;122;17.39;29
E4S 56,780;20220825;10:15:00;10:20:00;123;16.39;25
E4S 56,780;20220825;10:20:00;10:25:00;124;16.22;13
E4S 56,780;20220825;10:25:00;10:30:00;125;17.22;18
E4S 56,780;20220825;10:30:00;10:35:00;126;17.29;19
E4S 56,780;20220825;10:35:00;10:40:00;127;16.00;25
E4S 56,780;20220825;10:40:00;10:45:00;128;16.78;23
E4S 56,780;20220825;10:45:00;10:50:00;129;16.89;30
E4S 56,780;20220825;10:50:00;10:55:00;130;17.17;26
E4S 56,780;20220825;10:55:00;11:00:00;131;15.89;28
E4S 56,780;20220825;11:00:00;11:05:00;132;17.11;19
E4S 56,780;20220825;11:05:00;11:10:00;133;16.66;21
E4S 56,780;20220825;11:10:00;11:15:00;134;16.61;23
E4S 56,780;20220825;11:15:00;11:20:00;135;16.84;16
E4S 56,780;20220825;11:20:00;11:25:00;136;17.56;32
E4S 56,780;20220825;11:25:00;11:30:00;137;18.06;23
E4S 56,780;20220825;11:30:00;11:35:00;138;16.46;21
E4S 56,780;20220825;11:35:00;11:40:00;139;16.56;26
E4S 56,780;20220825;11:40:00;11:45:00;140;15.61;21
E4S 56,780;20220825;11:45:00;11:50:00;141;16.94;27
E4S 56,780;20220825;11:50:00;11:55:00;142;16.33;34
E4S 56,780;20220825;11:55:00;12:00:00;143;17.50;25
E4S 56,780;20220825;12:00:00;12:05:00;144;16.94;27
E4S 56,780;20220825;12:05:00;12:10:00;145;16.06;21
E4S 56,780;20220825;12:10:00;12:15:00;146;16.00;31
E4S 56,780;20220825;12:15:00;12:20:00;147;16.78;23
E4S 56,780;20220825;12:20:00;12:25:00;148;16.61;28
E4S 56,780;20220825;12:25:00;12:30:00;149;18.06;20
E4S 56,780;20220825;12:30:00;12:35:00;150;15.72;24
E4S 56,780;20220825;12:35:00;12:40:00;151;15.61;29
E4S 56,780;20220825;12:40:00;12:45:00;152;15.95;21
E4S 56,780;20220825;12:45:00;12:50:00;153;16.28;35
E4S 56,780;20220825;12:50:00;12:55:00;154;17.11;24
E4S 56,780;20220825;12:55:00;13:00:00;155;15.67;29
E4S 56,780;20220825;13:00:00;13:05:00;156;9.55;13
E4S 56,780;20220825;13:05:00;13:10:00;157;14.67;23
E4S 56,780;20220825;13:10:00;13:15:00;158;14.94;21
E4S 56,780;20220825;13:15:00;13:20:00;159;15.50;33
E4S 56,780;20220825;13:20:00;13:25:00;160;17.44;28
E4S 56,780;20220825;13:25:00;13:30:00;161;16.95;22
E4S 56,780;20220825;13:30:00;13:35:00;162;17.67;27
E4S 56,780;20220825;13:35:00;13:40:00;163;16.50;29
E4S 56,780;20220825;13:40:00;13:45:00;164;16.17;31
E4S 56,780;20220825;13:45:00;13:50:00;165;15.83;19
E4S 56,780;20220825;13:50:00;13:55:00;166;17.39;24
E4S 56,780;20220825;13:55:00;14:00:00;167;16.17;24
E4S 56,780;20220825;14:00:00;14:05:00;168;17.06;19
E4S 56,780;20220825;14:05:00;14:10:00;169;16.00;38
E4S 56,780;20220825;14:10:00;14:15:00;170;15.94;19
E4S 56,780;20220825;14:15:00;14:20:00;171;15.55;29
E4S 56,780;20220825;14:20:00;14:25:00;172;15.44;30
E4S 56,780;20220825;14:25:00;14:30:00;173;15.11;24
E4S 56,780;20220825;14:30:00;14:35:00;174;14.94;36
E4S 56,780;20220825;14:35:00;14:40:00;175;14.72;42
E4S 56,780;20220825;14:40:00;14:45:00;176;9.50;22
E4S 56,780;20220825;14:45:00;14:50:00;177;12.50;31
E4S 56,780;20220825;14:50:00;14:55:00;178;12.00;34
E4S 56,780;20220825;14:55:00;15:00:00;179;9.44;33
E4S 56,780;20220825;15:00:00;15:05:00;180;11.67;34
E4S 56,780;20220825;15:05:00;15:10:00;181;12.98;19
E4S 56,780;20220825;15:10:00;15:15:00;182;11.22;39
E4S 56,780;20220825;15:15:00;15:20:00;183;13.11;32
E4S 56,780;20220825;15:20:00;15:25:00;184;12.61;33
E4S 56,780;20220825;15:25:00;15:30:00;185;12.50;47
E4S 56,780;20220825;15:30:00;15:35:00;186;8.00;22
E4S 56,780;20220825;15:35:00;15:40:00;187;9.33;27
E4S 56,780;20220825;15:40:00;15:45:00;188;5.56;15
E4S 56,780;20220825;15:45:00;15:50:00;189;8.17;21
E4S 56,780;20220825;15:50:00;15:55:00;190;6.22;20
E4S 56,780;20220825;15:55:00;16:00:00;191;8.50;36
E4S 56,780;20220825;16:00:00;16:05:00;192;9.06;29
E4S 56,780;20220825;16:05:00;16:10:00;193;7.89;30
E4S 56,780;20220825;16:10:00;16:15:00;194;6.45;21
E4S 56,780;20220825;16:15:00;16:20:00;195;6.18;18
E4S 56,780;20220825;16:20:00;16:25:00;196;7.33;35
E4S 56,780;20220825;16:25:00;16:30:00;197;9.67;32
E4S 56,780;20220825;16:30:00;16:35:00;198;7.28;23
E4S 56,780;20220825;16:35:00;16:40:00;199;6.11;15
E4S 56,780;20220825;16:40:00;16:45:00;200;9.89;31
E4S 56,780;20220825;16:45:00;16:50:00;201;8.89;12
E4S 56,780;20220825;16:50:00;16:55:00;202;7.17;24
E4S 56,780;20220825;16:55:00;17:00:00;203;9.67;30
E4S 56,780;20220825;17:00:00;17:05:00;204;10.00;24
E4S 56,780;20220825;17:05:00;17:10:00;205;9.89;25
E4S 56,780;20220825;17:10:00;17:15:00;206;10.34;25
E4S 56,780;20220825;17:15:00;17:20:00;207;7.29;7
E4S 56,780;20220825;17:20:00;17:25:00;208;10.22;25
E4S 56,780;20220825;17:25:00;17:30:00;209;9.51;14
E4S 56,780;20220825;17:30:00;17:35:00;210;8.28;19
E4S 56,780;20220825;17:35:00;17:40:00;211;11.32;25
E4S 56,780;20220825;17:40:00;17:45:00;212;12.34;21
E4S 56,780;20220825;17:45:00;17:50:00;213;13.17;23
E4S 56,780;20220825;17:50:00;17:55:00;214;13.78;21
E4S 56,780;20220825;17:55:00;18:00:00;215;12.44;26
E4S 56,780;20220825;18:00:00;18:05:00;216;13.11;16
E4S 56,780;20220825;18:05:00;18:10:00;217;13.95;24
E4S 56,780;20220825;18:10:00;18:15:00;218;16.18;17
E4S 56,780;20220825;18:15:00;18:20:00;219;16.46;18
E4S 56,780;20220825;18:20:00;18:25:00;220;18.28;25
E4S 56,780;20220825;18:25:00;18:30:00;221;15.33;23
E4S 56,780;20220825;18:30:00;18:35:00;222;15.67;36
E4S 56,780;20220825;18:35:00;18:40:00;223;16.89;19
E4S 56,780;20220825;18:40:00;18:45:00;224;16.46;20
E4S 56,780;20220825;18:45:00;18:50:00;225;16.39;10
E4S 56,780;20220825;18:50:00;18:55:00;226;17.44;18
E4S 56,780;20220825;18:55:00;19:00:00;227;16.60;13
E4S 56,780;20220825;19:00:00;19:05:00;228;17.56;16
E4S 56,780;20220825;19:05:00;19:10:00;229;17.83;13
E4S 56,780;20220825;19:10:00;19:15:00;230;16.44;17
E4S 56,780;20220825;19:15:00;19:20:00;231;17.39;19
E4S 56,780;20220825;19:20:00;19:25:00;232;17.61;18
E4S 56,780;20220825;19:25:00;19:30:00;233;16.05;19
E4S 56,780;20220825;19:30:00;19:35:00;234;17.72;9
E4S 56,780;20220825;19:35:00;19:40:00;235;17.00;21
E4S 56,780;20220825;19:40:00;19:45:00;236;17.09;11
E4S 56,780;20220825;19:45:00;19:50:00;237;18.94;16
E4S 56,780;20220825;19:50:00;19:55:00;238;16.78;14
E4S 56,780;20220825;19:55:00;20:00:00;239;16.61;16
E4S 56,780;20220825;20:00:00;20:05:00;240;17.33;17
E4S 56,780;20220825;20:05:00;20:10:00;241;18.19;12
E4S 56,780;20220825;20:10:00;20:15:00;242;18.89;16
E4S 56,780;20220825;20:15:00;20:20:00;243;19.05;17
E4S 56,780;20220825;20:20:00;20:25:00;244;17.61;11
E4S 56,780;20220825;20:25:00;20:30:00;245;17.33;15
E4S 56,780;20220825;20:30:00;20:35:00;246;17.83;17
E4S 56,780;20220825;20:35:00;20:40:00;247;16.11;16
E4S 56,780;20220825;20:40:00;20:45:00;248;18.77;14
E4S 56,780;20220825;20:45:00;20:50:00;249;15.28;10
E4S 56,780;20220825;20:50:00;20:55:00;250;18.11;12
E4S 56,780;20220825;20:55:00;21:00:00;251;17.17;19
E4S 56,780;20220825;21:00:00;21:05:00;252;16.66;22
E4S 56,780;20220825;21:05:00;21:10:00;253;18.45;12
E4S 56,780;20220825;21:10:00;21:15:00;254;17.45;22
E4S 56,780;20220825;21:15:00;21:20:00;255;17.71;30
E4S 56,780;20220825;21:20:00;21:25:00;256;17.28;27
E4S 56,780;20220825;21:25:00;21:30:00;257;17.83;30
E4S 56,780;20220825;21:30:00;21:35:00;258;17.17;22
E4S 56,780;20220825;21:35:00;21:40:00;259;17.41;14
E4S 56,780;20220825;21:40:00;21:45:00;260;17.06;24
E4S 56,780;20220825;21:45:00;21:50:00;261;17.36;9
E4S 56,780;20220825;21:50:00;21:55:00;262;16.53;13
E4S 56,780;20220825;21:55:00;22:00:00;263;17.72;16
E4S 56,780;20220825;22:00:00;22:05:00;264;17.78;12
E4S 56,780;20220825;22:05:00;22:10:00;265;17.43;12
E4S 56,780;20220825;22:10:00;22:15:00;266;19.28;10
E4S 56,780;20220825;22:15:00;22:20:00;267;20.09;5
E4S 56,780;20220825;22:20:00;22:25:00;268;17.29;10
E4S 56,780;20220825;22:25:00;22:30:00;269;17.59;6
E4S 56,780;20220825;22:30:00;22:35:00;270;17.36;7
E4S 56,780;20220825;22:35:00;22:40:00;271;17.61;7
E4S 56,780;20220825;22:40:00;22:45:00;272;18.89;8
E4S 56,780;20220825;22:45:00;22:50:00;273;18.41;15
E4S 56,780;20220825;22:50:00;22:55:00;274;18.68;5
E4S 56,780;20220825;22:55:00;23:00:00;275;17.50;7
E4S 56,780;20220825;23:00:00;23:05:00;276;19.03;3
E4S 56,780;20220825;23:05:00;23:10:00;277;16.88;6
E4S 56,780;20220825;23:10:00;23:15:00;278;18.12;6
E4S 56,780;20220825;23:15:00;23:20:00;279;17.44;6
E4S 56,780;20220825;23:20:00;23:25:00;280;17.59;4
E4S 56,780;20220825;23:25:00;23:30:00;281;18.72;7
E4S 56,780;20220825;23:30:00;23:35:00;282;17.61;5
E4S 56,780;20220825;23:35:00;23:40:00;283;19.72;3
E4S 56,780;20220825;23:40:00;23:45:00;284;18.80;4
E4S 56,780;20220825;23:45:00;23:50:00;285;17.91;3
E4S 56,780;20220825;23:50:00;23:55:00;286;19.16;3
E4S 56,780;20220825;23:55:00;24:00:00;287;19.45;3
E4S 56,780;20220828;00:00:00;00:05:00;0;18.89;4
E4S 56,780;20220828;00:05:00;00:10:00;1;19.50;6
E4S 56,780;20220828;00:10:00;00:15:00;2;20.00;2
E4S 56,780;20220828;00:15:00;00:20:00;3;20.28;4
E4S 56,780;20220828;00:20:00;00:25:00;4;18.15;4
E4S 56,780;20220828;00:25:00;00:30:00;5;17.78;5
E4S 56,780;20220828;00:30:00;00:35:00;6;19.91;3
E4S 56,780;20220828;00:35:00;00:40:00;7;21.60;7
E4S 56,780;20220828;00:40:00;00:45:00;8;20.65;5
E4S 56,780;20220828;00:45:00;00:50:00;9;19.30;4
E4S 56,780;20220828;00:50:00;00:55:00;10;17.50;2
E4S 56,780;20220828;00:55:00;01:00:00;11;19.26;3
E4S 56,780;20220828;01:00:00;01:05:00;12;21.39;1
E4S 56,780;20220828;01:05:00;01:10:00;13;18.82;7
E4S 56,780;20220828;01:10:00;01:15:00;14;18.05;3
E4S 56,780;20220828;01:15:00;01:20:00;15;16.52;2
E4S 56,780;20220828;01:20:00;01:25:00;16;21.20;6
E4S 56,780;20220828;01:25:00;01:30:00;17;18.61;6
E4S 56,780;20220828;01:30:00;01:35:00;18;22.22;1
E4S 56,780;20220828;01:35:00;01:40:00;19;18.89;6
E4S 56,780;20220828;01:40:00;01:45:00;20;19.17;1
E4S 56,780;20220828;01:45:00;01:50:00;21;20.09;4
E4S 56,780;20220828;01:50:00;01:55:00;22;21.39;1
E4S 56,780;20220828;01:55:00;02:00:00;23;19.73;6
E4S 56,780;20220828;02:00:00;02:05:00;24;20.46;4
E4S 56,780;20220828;02:05:00;02:10:00;25;17.64;3
E4S 56,780;20220828;02:10:00;02:15:00;26;21.39;2
E4S 56,780;20220828;02:15:00;02:20:00;27;20.84;3
E4S 56,780;20220828;02:20:00;02:25:00;28;18.47;3
E4S 56,780;20220828;02:25:00;02:30:00;29;21.25;6
E4S 56,780;20220828;02:30:00;02:35:00;30;18.61;1
E4S 56,780;20220828;02:35:00;02:40:00;31;20.28;2
E4S 56,780;20220828;02:40:00;02:45:00;32;17.22;2
E4S 56,780;20220828;02:45:00;02:50:00;33;17.50;2
E4S 56,780;20220828;02:50:00;02:55:00;34;20.09;3
E4S 56,780;20220828;02:55:00;03:00:00;35;20.42;5
E4S 56,780;20220828;03:00:00;03:05:00;36;16.85;4
E4S 56,780;20220828;03:05:00;03:10:00;37;18.48;2
E4S 56,780;20220828;03:10:00;03:15:00;38;22.22;4
E4S 56,780;20220828;03:15:00;03:20:00;39;19.30;2
E4S 56,780;20220828;03:20:00;03:25:00;40;21.32;4
E4S 56,780;20220828;03:25:00;03:30:00;41;16.39;3
E4S 56,780;20220828;03:30:00;03:35:00;42;18.89;2
E4S 56,780;20220828;03:35:00;03:40:00;43;21.11;2
E4S 56,780;20220828;03:40:00;03:45:00;44;18.61;2
E4S 56,780;20220828;03:50:00;03:55:00;46;22.50;1
E4S 56,780;20220828;03:55:00;04:00:00;47;16.39;2
E4S 56,780;20220828;04:00:00;04:05:00;48;17.77;3
E4S 56,780;20220828;04:05:00;04:10:00;49;19.44;2
E4S 56,780;20220828;04:10:00;04:15:00;50;20.39;7
E4S 56,780;20220828;04:15:00;04:20:00;51;17.78;2
E4S 56,780;20220828;04:20:00;04:25:00;52;16.25;2
E4S 56,780;20220828;04:25:00;04:30:00;53;19.72;1
E4S 56,780;20220828;04:30:00;04:35:00;54;20.00;2
E4S 56,780;20220828;04:40:00;04:45:00;56;19.44;2
E4S 56,780;20220828;04:45:00;04:50:00;57;16.11;2
E4S 56,780;20220828;04:50:00;04:55:00;58;15.14;3
E4S 56,780;20220828;04:55:00;05:00:00;59;17.91;2
E4S 56,780;20220828;05:05:00;05:10:00;61;18.33;2
E4S 56,780;20220828;05:10:00;05:15:00;62;16.76;5
E4S 56,780;20220828;05:15:00;05:20:00;63;20.62;4
E4S 56,780;20220828;05:20:00;05:25:00;64;15.56;1
E4S 56,780;20220828;05:25:00;05:30:00;65;18.89;1
E4S 56,780;20220828;05:30:00;05:35:00;66;19.03;3
E4S 56,780;20220828;05:35:00;05:40:00;67;19.72;1
E4S 56,780;20220828;05:40:00;05:45:00;68;18.89;1
E4S 56,780;20220828;05:45:00;05:50:00;69;16.80;5
E4S 56,780;20220828;05:50:00;05:55:00;70;19.44;1
E4S 56,780;20220828;05:55:00;06:00:00;71;19.86;2
E4S 56,780;20220828;06:00:00;06:05:00;72;19.26;3
E4S 56,780;20220828;06:05:00;06:10:00;73;14.45;3
E4S 56,780;20220828;06:10:00;06:15:00;74;18.89;2
E4S 56,780;20220828;06:15:00;06:20:00;75;16.94;1
E4S 56,780;20220828;06:20:00;06:25:00;76;26.94;1
E4S 56,780;20220828;06:25:00;06:30:00;77;18.89;4
E4S 56,780;20220828;06:30:00;06:35:00;78;19.63;5
E4S 56,780;20220828;06:35:00;06:40:00;79;20.83;2
E4S 56,780;20220828;06:40:00;06:45:00;80;20.74;3
E4S 56,780;20220828;06:45:00;06:50:00;81;18.61;5
E4S 56,780;20220828;06:50:00;06:55:00;82;18.80;5
E4S 56,780;20220828;06:55:00;07:00:00;83;18.96;7
E4S 56,780;20220828;07:00:00;07:05:00;84;22.50;3
E4S 56,780;20220828;07:05:00;07:10:00;85;19.94;12
E4S 56,780;20220828;07:10:00;07:15:00;86;20.55;2
E4S 56,780;20220828;07:15:00;07:20:00;87;20.47;3
E4S 56,780;20220828;07:20:00;07:25:00;88;17.87;4
E4S 56,780;20220828;07:25:00;07:30:00;89;16.11;1
E4S 56,780;20220828;07:30:00;07:35:00;90;20.28;4
E4S 56,780;20220828;07:35:00;07:40:00;91;18.75;3
E4S 56,780;20220828;07:40:00;07:45:00;92;16.52;3
E4S 56,780;20220828;07:45:00;07:50:00;93;17.87;4
E4S 56,780;20220828;07:50:00;07:55:00;94;20.83;1
E4S 56,780;20220828;07:55:00;08:00:00;95;17.78;2
E4S 56,780;20220828;08:00:00;08:05:00;96;19.81;5
E4S 56,780;20220828;08:05:00;08:10:00;97;20.37;4
E4S 56,780;20220828;08:10:00;08:15:00;98;18.89;4
E4S 56,780;20220828;08:15:00;08:20:00;99;18.20;3
E4S 56,780;20220828;08:20:00;08:25:00;100;20.07;4
E4S 56,780;20220828;08:25:00;08:30:00;101;18.89;8
E4S 56,780;20220828;08:30:00;08:35:00;102;17.22;1
E4S 56,780;20220828;08:35:00;08:40:00;103;20.00;6
E4S 56,780;20220828;08:40:00;08:45:00;104;15.97;3
E4S 56,780;20220828;08:45:00;08:50:00;105;18.19;9
E4S 56,780;20220828;08:50:00;08:55:00;106;19.72;3
E4S 56,780;20220828;08:55:00;09:00:00;107;18.61;10
E4S 56,780;20220828;09:00:00;09:05:00;108;17.98;9
E4S 56,780;20220828;09:05:00;09:10:00;109;17.57;7
E4S 56,780;20220828;09:10:00;09:15:00;110;18.12;10
E4S 56,780;20220828;09:15:00;09:20:00;111;18.56;10
E4S 56,780;20220828;09:20:00;09:25:00;112;19.67;10
E4S 56,780;20220828;09:25:00;09:30:00;113;17.15;10
E4S 56,780;20220828;09:30:00;09:35:00;114;18.72;10
E4S 56,780;20220828;09:35:00;09:40:00;115;18.89;10
E4S 56,780;20220828;09:40:00;09:45:00;116;19.17;12
E4S 56,780;20220828;09:45:00;09:50:00;117;17.95;17
E4S 56,780;20220828;09:50:00;09:55:00;118;19.10;9
E4S 56,780;20220828;09:55:00;10:00:00;119;17.16;13
E4S 56,780;20220828;10:00:00;10:05:00;120;19.30;10
E4S 56,780;20220828;10:05:00;10:10:00;121;18.67;11
E4S 56,780;20220828;10:10:00;10:15:00;122;17.36;8
E4S 56,780;20220828;10:15:00;10:20:00;123;17.22;17
E4S 56,780;20220828;10:20:00;10:25:00;124;16.83;14
E4S 56,780;20220828;10:25:00;10:30:00;125;16.06;10
E4S 56,780;20220828;10:30:00;10:35:00;126;17.85;10
E4S 56,780;20220828;10:35:00;10:40:00;127;17.33;15
E4S 56,780;20220828;10:40:00;10:45:00;128;18.06;15
E4S 56,780;20220828;10:45:00;10:50:00;129;16.78;24
E4S 56,780;20220828;10:50:00;10:55:00;130;17.34;21
E4S 56,780;20220828;10:55:00;11:00:00;131;18.50;11
E4S 56,780;20220828;11:00:00;11:05:00;132;16.78;14
E4S 56,780;20220828;11:05:00;11:10:00;133;17.15;11
E4S 56,780;20220828;11:10:00;11:15:00;134;18.05;13
E4S 56,780;20220828;11:15:00;11:20:00;135;15.83;15
E4S 56,780;20220828;11:20:00;11:25:00;136;17.72;10
E4S 56,780;20220828;11:25:00;11:30:00;137;16.32;11
E4S 56,780;20220828;11:30:00;11:35:00;138;18.41;10
E4S 56,780;20220828;11:35:00;11:40:00;139;17.09;12
E4S 56,780;20220828;11:40:00;11:45:00;140;17.67;12
E4S 56,780;20220828;11:45:00;11:50:00;141;17.33;22
E4S 56,780;20220828;11:50:00;11:55:00;142;17.15;10
E4S 56,780;20220828;11:55:00;12:00:00;143;17.39;17
E4S 56,780;20220828;12:00:00;12:05:00;144;17.67;14
E4S 56,780;20220828;12:05:00;12:10:00;145;16.83;12
E4S 56,780;20220828;12:10:00;12:15:00;146;16.61;14
E4S 56,780;20220828;12:15:00;12:20:00;147;17.45;14
E4S 56,780;20220828;12:20:00;12:25:00;148;17.11;17
E4S 56,780;20220828;12:25:00;12:30:00;149;18.22;13
E4S 56,780;20220828;12:30:00;12:35:00;150;16.88;12
E4S 56,780;20220828;12:35:00;12:40:00;151;17.22;12
E4S 56,780;20220828;12:40:00;12:45:00;152;16.11;15
E4S 56,780;20220828;12:45:00;12:50:00;153;16.39;13
E4S 56,780;20220828;12:50:00;12:55:00;154;16.53;18
E4S 56,780;20220828;12:55:00;13:00:00;155;16.94;19
E4S 56,780;20220828;13:00:00;13:05:00;156;15.70;13
E4S 56,780;20220828;13:05:00;13:10:00;157;16.78;16
E4S 56,780;20220828;13:10:00;13:15:00;158;15.11;17
E4S 56,780;20220828;13:15:00;13:20:00;159;15.89;18
E4S 56,780;20220828;13:20:00;13:25:00;160;17.98;14
E4S 56,780;20220828;13:25:00;13:30:00;161;17.06;12
E4S 56,780;20220828;13:30:00;13:35:00;162;16.76;9
E4S 56,780;20220828;13:35:00;13:40:00;163;16.78;20
E4S 56,780;20220828;13:40:00;13:45:00;164;17.01;13
E4S 56,780;20220828;13:45:00;13:50:00;165;17.61;30
E4S 56,780;20220828;13:50:00;13:55:00;166;17.56;14
E4S 56,780;20220828;13:55:00;14:00:00;167;16.17;14
E4S 56,780;20220828;14:00:00;14:05:00;168;17.09;11
E4S 56,780;20220828;14:05:00;14:10:00;169;16.67;14
E4S 56,780;20220828;14:10:00;14:15:00;170;18.05;8
E4S 56,780;20220828;14:15:00;14:20:00;171;17.50;12
E4S 56,780;20220828;14:20:00;14:25:00;172;16.05;13
E4S 56,780;20220828;14:25:00;14:30:00;173;17.36;16
E4S 56,780;20220828;14:30:00;14:35:00;174;16.59;11
E4S 56,780;20220828;14:35:00;14:40:00;175;15.33;17
E4S 56,780;20220828;14:40:00;14:45:00;176;16.11;15
E4S 56,780;20220828;14:45:00;14:50:00;177;16.05;15
E4S 56,780;20220828;14:50:00;14:55:00;178;16.17;23
E4S 56,780;20220828;14:55:00;15:00:00;179;15.94;22
E4S 56,780;20220828;15:00:00;15:05:00;180;16.32;15
E4S 56,780;20220828;15:05:00;15:10:00;181;16.39;10
E4S 56,780;20220828;15:10:00;15:15:00;182;16.66;15
E4S 56,780;20220828;15:15:00;15:20:00;183;16.11;19
E4S 56,780;20220828;15:20:00;15:25:00;184;15.94;17
E4S 56,780;20220828;15:25:00;15:30:00;185;15.89;18
E4S 56,780;20220828;15:30:00;15:35:00;186;14.94;14
E4S 56,780;20220828;15:35:00;15:40:00;187;13.83;20
E4S 56,780;20220828;15:40:00;15:45:00;188;16.39;28
E4S 56,780;20220828;15:45:00;15:50:00;189;15.70;11
E4S 56,780;20220828;15:50:00;15:55:00;190;13.05;11
E4S 56,780;20220828;15:55:00;16:00:00;191;14.45;7
E4S 56,780;20220828;16:00:00;16:05:00;192;15.70;13
E4S 56,780;20220828;16:05:00;16:10:00;193;15.48;12
E4S 56,780;20220828;16:10:00;16:15:00;194;15.72;18
E4S 56,780;20220828;16:15:00;16:20:00;195;16.56;14
E4S 56,780;20220828;16:20:00;16:25:00;196;14.72;16
E4S 56,780;20220828;16:25:00;16:30:00;197;15.28;27
E4S 56,780;20220828;16:30:00;16:35:00;198;15.45;16
E4S 56,780;20220828;16:35:00;16:40:00;199;15.78;16
E4S 56,780;20220828;16:40:00;16:45:00;200;16.06;24
E4S 56,780;20220828;16:45:00;16:50:00;201;18.06;22
E4S 56,780;20220828;16:50:00;16:55:00;202;18.47;14
E4S 56,780;20220828;16:55:00;17:00:00;203;18.67;17
E4S 56,780;20220828;17:00:00;17:05:00;204;19.17;24
E4S 56,780;20220828;17:05:00;17:10:00;205;18.50;22
E4S 56,780;20220828;17:10:00;17:15:00;206;18.72;26
E4S 56,780;20220828;17:15:00;17:20:00;207;18.39;28
E4S 56,780;20220828;17:20:00;17:25:00;208;18.11;42
E4S 56,780;20220828;17:25:00;17:30:00;209;18.72;50
E4S 56,780;20220828;17:30:00;17:35:00;210;18.28;50
E4S 56,780;20220828;17:35:00;17:40:00;211;19.44;52
E4S 56,780;20220828;17:40:00;17:45:00;212;15.61;52
E4S 56,780;20220828;17:45:00;17:50:00;213;13.33;53
E4S 56,780;20220828;17:50:00;17:55:00;214;14.11;52
E4S 56,780;20220828;17:55:00;18:00:00;215;13.78;40
E4S 56,780;20220828;18:00:00;18:05:00;216;14.39;46
E4S 56,780;20220828;18:05:00;18:10:00;217;13.67;37
E4S 56,780;20220828;18:10:00;18:15:00;218;14.44;43
E4S 56,780;20220828;18:15:00;18:20:00;219;13.44;44
E4S 56,780;20220828;18:20:00;18:25:00;220;14.72;41
E4S 56,780;20220828;18:25:00;18:30:00;221;14.06;28
E4S 56,780;20220828;18:30:00;18:35:00;222;15.28;25
E4S 56,780;20220828;18:35:00;18:40:00;223;16.06;28
E4S 56,780;20220828;18:40:00;18:45:00;224;14.28;29
E4S 56,780;20220828;18:45:00;18:50:00;225;14.17;26
E4S 56,780;20220828;18:50:00;18:55:00;226;14.72;25
E4S 56,780;20220828;18:55:00;19:00:00;227;13.17;31
E4S 56,780;20220828;19:00:00;19:05:00;228;15.17;24
E4S 56,780;20220828;19:05:00;19:10:00;229;15.90;14
E4S 56,780;20220828;19:10:00;19:15:00;230;15.67;24
E4S 56,780;20220828;19:15:00;19:20:00;231;15.89;30
E4S 56,780;20220828;19:20:00;19:25:00;232;16.28;21
E4S 56,780;20220828;19:25:00;19:30:00;233;17.06;18
E4S 56,780;20220828;19:30:00;19:35:00;234;17.11;17
E4S 56,780;20220828;19:35:00;19:40:00;235;18.15;10
E4S 56,780;20220828;19:40:00;19:45:00;236;18.05;9
E4S 56,780;20220828;19:45:00;19:50:00;237;18.12;16
E4S 56,780;20220828;19:50:00;19:55:00;238;16.44;12
E4S 56,780;20220828;19:55:00;20:00:00;239;16.22;12
E4S 56,780;20220828;20:00:00;20:05:00;240;15.90;9
E4S 56,780;20220828;20:05:00;20:10:00;241;19.65;5
E4S 56,780;20220828;20:10:00;20:15:00;242;15.50;12
E4S 56,780;20220828;20:15:00;20:20:00;243;15.50;14
E4S 56,780;20220828;20:20:00;20:25:00;244;14.22;19
E4S 56,780;20220828;20:25:00;20:30:00;245;18.27;10
E4S 56,780;20220828;20:30:00;20:35:00;246;16.67;14
E4S 56,780;20220828;20:35:00;20:40:00;247;17.56;14
E4S 56,780;20220828;20:40:00;20:45:00;248;15.56;24
E4S 56,780;20220828;20:45:00;20:50:00;249;18.33;14
E4S 56,780;20220828;20:50:00;20:55:00;250;16.83;13
E4S 56,780;20220828;20:55:00;21:00:00;251;17.78;6
E4S 56,780;20220828;21:00:00;21:05:00;252;16.28;7
E4S 56,780;20220828;21:05:00;21:10:00;253;17.99;13
E4S 56,780;20220828;21:10:00;21:15:00;254;16.28;17
E4S 56,780;20220828;21:15:00;21:20:00;255;16.88;9
E4S 56,780;20220828;21:20:00;21:25:00;256;17.28;17
E4S 56,780;20220828;21:25:00;21:30:00;257;16.60;12
E4S 56,780;20220828;21:30:00;21:35:00;258;17.61;16
E4S 56,780;20220828;21:35:00;21:40:00;259;16.20;7
E4S 56,780;20220828;21:40:00;21:45:00;260;17.41;9
E4S 56,780;20220828;21:45:00;21:50:00;261;18.12;11
E4S 56,780;20220828;21:50:00;21:55:00;262;20.83;10
E4S 56,780;20220828;21:55:00;22:00:00;263;18.26;8
E4S 56,780;20220828;22:00:00;22:05:00;264;17.28;13
E4S 56,780;20220828;22:05:00;22:10:00;265;19.86;5
E4S 56,780;20220828;22:10:00;22:15:00;266;17.64;7
E4S 56,780;20220828;22:15:00;22:20:00;267;18.68;6
E4S 56,780;20220828;22:20:00;22:25:00;268;16.17;8
E4S 56,780;20220828;22:25:00;22:30:00;269;16.11;7
E4S 56,780;20220828;22:30:00;22:35:00;270;19.10;4
E4S 56,780;20220828;22:35:00;22:40:00;271;17.71;6
E4S 56,780;20220828;22:40:00;22:45:00;272;16.46;5
E4S 56,780;20220828;22:45:00;22:50:00;273;15.93;5
E4S 56,780;20220828;22:55:00;23:00:00;275;19.73;3
E4S 56,780;20220828;23:05:00;23:10:00;277;18.05;3
E4S 56,780;20220828;23:10:00;23:15:00;278;18.61;1
E4S 56,780;20220828;23:20:00;23:25:00;280;18.62;2
E4S 56,780;20220828;23:25:00;23:30:00;281;18.89;7
E4S 56,780;20220828;23:30:00;23:35:00;282;17.50;2
E4S 56,780;20220828;23:35:00;23:40:00;283;17.04;5
E4S 56,780;20220828;23:45:00;23:50:00;285;19.72;4
E4S 56,780;20220828;23:50:00;23:55:00;286;24.30;2
E4S 56,780;20220828;23:55:00;24:00:00;287;17.64;3
E4S 56,780;20220904;00:00:00;00:05:00;0;19.81;43
E4S 56,780;20220904;00:05:00;00:10:00;1;20.32;43
E4S 56,780;20220904;00:10:00;00:15:00;2;19.90;49
E4S 56,780;20220904;00:15:00;00:20:00;3;18.10;34
E4S 56,780;20220904;00:20:00;00:25:00;4;20.46;35
E4S 56,780;20220904;00:25:00;00:30:00;5;20.27;25
E4S 56,780;20220904;00:30:00;00:35:00;6;21.15;42
E4S 56,780;20220904;00:35:00;00:40:00;7;20.49;37
E4S 56,780;20220904;00:40:00;00:45:00;8;21.15;43
E4S 56,780;20220904;00:45:00;00:50:00;9;19.34;33
E4S 56,780;20220904;00:50:00;00:55:00;10;20.49;44
E4S 56,780;20220904;00:55:00;01:00:00;11;20.29;34
E4S 56,780;20220904;01:00:00;01:05:00;12;20.15;32
E4S 56,780;20220904;01:05:00;01:10:00;13;21.45;27
E4S 56,780;20220904;01:10:00;01:15:00;14;20.63;14
E4S 56,780;20220904;01:15:00;01:20:00;15;21.05;34
E4S 56,780;20220904;01:20:00;01:25:00;16;20.78;27
E4S 56,780;20220904;01:25:00;01:30:00;17;20.80;39
E4S 56,780;20220904;01:30:00;01:35:00;18;20.44;36
E4S 56,780;20220904;01:35:00;01:40:00;19;21.08;44
E4S 56,780;20220904;01:40:00;01:45:00;20;21.12;32
E4S 56,780;20220904;01:45:00;01:50:00;21;20.96;33
E4S 56,780;20220904;01:50:00;01:55:00;22;21.62;30
E4S 56,780;20220904;01:55:00;02:00:00;23;19.56;27
E4S 56,780;20220904;02:00:00;02:05:00;24;20.07;27
E4S 56,780;20220904;02:05:00;02:10:00;25;21.48;37
E4S 56,780;20220904;02:10:00;02:15:00;26;20.48;27
E4S 56,780;20220904;02:15:00;02:20:00;27;21.32;15
E4S 56,780;20220904;02:20:00;02:25:00;28;20.37;28
E4S 56,780;20220904;02:25:00;02:30:00;29;21.75;25
E4S 56,780;20220904;02:30:00;02:35:00;30;20.58;38
E4S 56,780;20220904;02:35:00;02:40:00;31;20.19;23
E4S 56,780;20220904;02:40:00;02:45:00;32;20.02;36
E4S 56,780;20220904;02:45:00;02:50:00;33;20.32;28
E4S 56,780;20220904;02:50:00;02:55:00;34;20.60;32
E4S 56,780;20220904;02:55:00;03:00:00;35;21.67;35
E4S 56,780;20220904;03:00:00;03:05:00;36;21.10;34
E4S 56,780;20220904;03:05:00;03:10:00;37;18.13;28
E4S 56,780;20220904;03:10:00;03:15:00;38;20.99;33
E4S 56,780;20220904;03:15:00;03:20:00;39;21.10;35
E4S 56,780;20220904;03:20:00;03:25:00;40;20.93;41
E4S 56,780;20220904;03:25:00;03:30:00;41;21.10;35
E4S 56,780;20220904;03:30:00;03:35:00;42;21.33;30
E4S 56,780;20220904;03:35:00;03:40:00;43;20.13;23
E4S 56,780;20220904;03:40:00;03:45:00;44;20.86;40
E4S 56,780;20220904;03:45:00;03:50:00;45;21.36;31
E4S 56,780;20220904;03:50:00;03:55:00;46;22.05;41
E4S 56,780;20220904;03:55:00;04:00:00;47;22.69;30
E4S 56,780;20220904;04:00:00;04:05:00;48;20.02;20
E4S 56,780;20220904;04:05:00;04:10:00;49;20.81;39
E4S 56,780;20220904;04:10:00;04:15:00;50;22.40;30
E4S 56,780;20220904;04:15:00;04:20:00;51;21.43;52
E4S 56,780;20220904;04:20:00;04:25:00;52;21.36;54
E4S 56,780;20220904;04:25:00;04:30:00;53;20.80;37
E4S 56,780;20220904;04:30:00;04:35:00;54;21.40;37
E4S 56,780;20220904;04:35:00;04:40:00;55;21.57;44
E4S 56,780;20220904;04:40:00;04:45:00;56;21.20;46
E4S 56,780;20220904;04:45:00;04:50:00;57;22.20;58
E4S 56,780;20220904;04:50:00;04:55:00;58;21.69;50
E4S 56,780;20220904;04:55:00;05:00:00;59;22.78;45
E4S 56,780;20220904;05:00:00;05:05:00;60;21.39;49
E4S 56,780;20220904;05:05:00;05:10:00;61;22.42;38
E4S 56,780;20220904;05:10:00;05:15:00;62;20.90;40
E4S 56,780;20220904;05:15:00;05:20:00;63;21.27;51
E4S 56,780;20220904;05:20:00;05:25:00;64;20.54;49
E4S 56,780;20220904;05:25:00;05:30:00;65;21.13;65
E4S 56,780;20220904;05:30:00;05:35:00;66;20.34;84
E4S 56,780;20220904;05:35:00;05:40:00;67;21.05;68
E4S 56,780;20220904;05:40:00;05:45:00;68;21.66;80
E4S 56,780;20220904;05:45:00;05:50:00;69;21.43;81
E4S 56,780;20220904;05:50:00;05:55:00;70;21.46;75
E4S 56,780;20220904;05:55:00;06:00:00;71;20.68;94
E4S 56,780;20220904;06:00:00;06:05:00;72;19.29;93
E4S 56,780;20220904;06:05:00;06:10:00;73;20.74;99
E4S 56,780;20220904;06:10:00;06:15:00;74;21.30;84
E4S 56,780;20220904;06:15:00;06:20:00;75;21.24;84
E4S 56,780;20220904;06:20:00;06:25:00;76;20.02;99
E4S 56,780;20220904;06:25:00;06:30:00;77;20.23;105
E4S 56,780;20220904;06:30:00;06:35:00;78;20.66;124
E4S 56,780;20220904;06:35:00;06:40:00;79;20.32;101
E4S 56,780;20220904;06:40:00;06:45:00;80;20.20;136
E4S 56,780;20220904;06:45:00;06:50:00;81;20.28;120
E4S 56,780;20220904;06:50:00;06:55:00;82;21.41;105
E4S 56,780;20220904;06:55:00;07:00:00;83;20.36;127
E4S 56,780;20220904;07:00:00;07:05:00;84;21.35;121
E4S 56,780;20220904;07:05:00;07:10:00;85;20.90;126
E4S 56,780;20220904;07:10:00;07:15:00;86;20.92;131
E4S 56,780;20220904;07:15:00;07:20:00;87;20.21;135
E4S 56,780;20220904;07:20:00;07:25:00;88;20.22;161
E4S 56,780;20220904;07:25:00;07:30:00;89;20.16;166
E4S 56,780;20220904;07:30:00;07:35:00;90;19.71;168
E4S 56,780;20220904;07:35:00;07:40:00;91;20.07;157
E4S 56,780;20220904;07:40:00;07:45:00;92;19.44;161
E4S 56,780;20220904;07:45:00;07:50:00;93;19.90;164
E4S 56,780;20220904;07:50:00;07:55:00;94;19.81;198
E4S 56,780;20220904;07:55:00;08:00:00;95;20.69;173
E4S 56,780;20220904;08:00:00;08:05:00;96;19.70;158
E4S 56,780;20220904;08:05:00;08:10:00;97;20.54;180
E4S 56,780;20220904;08:10:00;08:15:00;98;19.85;170
E4S 56,780;20220904;08:15:00;08:20:00;99;20.08;185
E4S 56,780;20220904;08:20:00;08:25:00;100;18.73;212
E4S 56,780;20220904;08:25:00;08:30:00;101;19.24;214
E4S 56,780;20220904;08:30:00;08:35:00;102;19.42;245
E4S 56,780;20220904;08:35:00;08:40:00;103;18.89;223
E4S 56,780;20220904;08:40:00;08:45:00;104;19.07;261
E4S 56,780;20220904;08:45:00;08:50:00;105;19.21;215
E4S 56,780;20220904;08:50:00;08:55:00;106;18.21;280
E4S 56,780;20220904;08:55:00;09:00:00;107;17.99;272
E4S 56,780;20220904;09:00:00;09:05:00;108;18.74;262
E4S 56,780;20220904;09:05:00;09:10:00;109;19.39;245
E4S 56,780;20220904;09:10:00;09:15:00;110;18.66;246
E4S 56,780;20220904;09:15:00;09:20:00;111;18.75;246
E4S 56,780;20220904;09:20:00;09:25:00;112;19.22;248
E4S 56,780;20220904;09:25:00;09:30:00;113;18.93;254
E4S 56,780;20220904;09:30:00;09:35:00;114;18.67;253
E4S 56,780;20220904;09:35:00;09:40:00;115;18.99;267
E4S 56,780;20220904;09:40:00;09:45:00;116;19.21;246
E4S 56,780;20220904;09:45:00;09:50:00;117;18.25;274
E4S 56,780;20220904;09:50:00;09:55:00;118;18.63;258
E4S 56,780;20220904;09:55:00;10:00:00;119;18.25;274
E4S 56,780;20220904;10:00:00;10:05:00;120;18.76;268
E4S 56,780;20220904;10:05:00;10:10:00;121;18.37;265
E4S 56,780;20220904;10:10:00;10:15:00;122;18.32;291
E4S 56,780;20220904;10:15:00;10:20:00;123;17.66;325
E4S 56,780;20220904;10:20:00;10:25:00;124;17.81;306
E4S 56,780;20220904;10:25:00;10:30:00;125;18.07;338
E4S 56,780;20220904;10:30:00;10:35:00;126;18.22;291
E4S 56,780;20220904;10:35:00;10:40:00;127;18.05;320
E4S 56,780;20220904;10:40:00;10:45:00;128;18.35;351
E4S 56,780;20220904;10:45:00;10:50:00;129;18.23;315
E4S 56,780;20220904;10:50:00;10:55:00;130;18.23;354
E4S 56,780;20220904;10:55:00;11:00:00;131;18.29;312
E4S 56,780;20220904;11:00:00;11:05:00;132;18.24;309
E4S 56,780;20220904;11:05:00;11:10:00;133;18.56;319
E4S 56,780;20220904;11:10:00;11:15:00;134;17.84;317
E4S 56,780;20220904;11:15:00;11:20:00;135;17.89;300
E4S 56,780;20220904;11:20:00;11:25:00;136;17.58;331
E4S 56,780;20220904;11:25:00;11:30:00;137;17.39;357
E4S 56,780;20220904;11:30:00;11:35:00;138;17.70;356
E4S 56,780;20220904;11:35:00;11:40:00;139;17.90;383
E4S 56,780;20220904;11:40:00;11:45:00;140;18.06;347
E4S 56,780;20220904;11:45:00;11:50:00;141;18.06;356
E4S 56,780;20220904;11:50:00;11:55:00;142;17.98;346
E4S 56,780;20220904;11:55:00;12:00:00;143;18.16;354
E4S 56,780;20220904;12:00:00;12:05:00;144;17.68;365
E4S 56,780;20220904;12:05:00;12:10:00;145;17.48;388
E4S 56,780;20220904;12:10:00;12:15:00;146;17.47;375
E4S 56,780;20220904;12:15:00;12:20:00;147;17.81;347
E4S 56,780;20220904;12:20:00;12:25:00;148;18.18;349
E4S 56,780;20220904;12:25:00;12:30:00;149;18.06;361
E4S 56,780;20220904;12:30:00;12:35:00;150;17.69;375
E4S 56,780;20220904;12:35:00;12:40:00;151;17.38;356
E4S 56,780;20220904;12:40:00;12:45:00;152;18.07;329
E4S 56,780;20220904;12:45:00;12:50:00;153;17.65;379
E4S 56,780;20220904;12:50:00;12:55:00;154;18.11;348
E4S 56,780;20220904;12:55:00;13:00:00;155;18.30;321
E4S 56,780;20220904;13:00:00;13:05:00;156;17.69;372
E4S 56,780;20220904;13:05:00;13:10:00;157;17.65;351
E4S 56,780;20220904;13:10:00;13:15:00;158;17.86;374
E4S 56,780;20220904;13:15:00;13:20:00;159;17.35;350
E4S 56,780;20220904;13:20:00;13:25:00;160;17.44;344
E4S 56,780;20220904;13:25:00;13:30:00;161;17.33;407
E4S 56,780;20220904;13:30:00;13:35:00;162;17.44;363
E4S 56,780;20220904;13:35:00;13:40:00;163;17.76;349
E4S 56,780;20220904;13:40:00;13:45:00;164;17.70;363
E4S 56,780;20220904;13:45:00;13:50:00;165;17.02;356
E4S 56,780;20220904;13:50:00;13:55:00;166;17.58;358
E4S 56,780;20220904;13:55:00;14:00:00;167;17.46;379
E4S 56,780;20220904;14:00:00;14:05:00;168;17.24;365
E4S 56,780;20220904;14:05:00;14:10:00;169;17.37;369
E4S 56,780;20220904;14:10:00;14:15:00;170;18.01;300
E4S 56,780;20220904;14:15:00;14:20:00;171;17.74;354
E4S 56,780;20220904;14:20:00;14:25:00;172;18.52;325
E4S 56,780;20220904;14:25:00;14:30:00;173;18.24;371
E4S 56,780;20220904;14:30:00;14:35:00;174;17.16;360
E4S 56,780;20220904;14:35:00;14:40:00;175;17.57;365
E4S 56,780;20220904;14:40:00;14:45:00;176;18.07;353
E4S 56,780;20220904;14:45:00;14:50:00;177;17.25;329
E4S 56,780;20220904;14:50:00;14:55:00;178;18.02;330
E4S 56,780;20220904;14:55:00;15:00:00;179;17.73;333
E4S 56,780;20220904;15:00:00;15:05:00;180;17.50;339
E4S 56,780;20220904;15:05:00;15:10:00;181;17.52;354
E4S 56,780;20220904;15:10:00;15:15:00;182;17.79;322
E4S 56,780;20220904;15:15:00;15:20:00;183;17.93;358
E4S 56,780;20220904;15:20:00;15:25:00;184;17.37;342
E4S 56,780;20220904;15:25:00;15:30:00;185;17.72;372
E4S 56,780;20220904;15:30:00;15:35:00;186;17.98;335
E4S 56,780;20220904;15:35:00;15:40:00;187;17.81;335
E4S 56,780;20220904;15:40:00;15:45:00;188;17.81;325
E4S 56,780;20220904;15:45:00;15:50:00;189;17.86;340
E4S 56,780;20220904;15:50:00;15:55:00;190;17.74;337
E4S 56,780;20220904;15:55:00;16:00:00;191;17.62;358
E4S 56,780;20220904;16:00:00;16:05:00;192;17.98;326
E4S 56,780;20220904;16:05:00;16:10:00;193;17.56;364
E4S 56,780;20220904;16:10:00;16:15:00;194;17.16;365
E4S 56,780;20220904;16:15:00;16:20:00;195;17.53;329
E4S 56,780;20220904;16:20:00;16:25:00;196;16.55;354
E4S 56,780;20220904;16:25:00;16:30:00;197;16.72;367
E4S 56,780;20220904;16:30:00;16:35:00;198;17.27;352
E4S 56,780;20220904;16:35:00;16:40:00;199;17.57;362
E4S 56,780;20220904;16:40:00;16:45:00;200;17.88;337
E4S 56,780;20220904;16:45:00;16:50:00;201;17.60;366
E4S 56,780;20220904;16:50:00;16:55:00;202;17.26;349
E4S 56,780;20220904;16:55:00;17:00:00;203;18.33;301
E4S 56,780;20220904;17:00:00;17:05:00;204;18.31;281
E4S 56,780;20220904;17:05:00;17:10:00;205;19.10;253
E4S 56,780;20220904;17:10:00;17:15:00;206;18.41;270
E4S 56,780;20220904;17:15:00;17:20:00;207;18.79;281
E4S 56,780;20220904;17:20:00;17:25:00;208;18.76;253
E4S 56,780;20220904;17:25:00;17:30:00;209;17.85;315
E4S 56,780;20220904;17:30:00;17:35:00;210;18.11;329
E4S 56,780;20220904;17:35:00;17:40:00;211;18.46;280
E4S 56,780;20220904;17:40:00;17:45:00;212;18.20;324
E4S 56,780;20220904;17:45:00;17:50:00;213;18.28;306
E4S 56,780;20220904;17:50:00;17:55:00;214;18.31;336
E4S 56,780;20220904;17:55:00;18:00:00;215;17.58;337
E4S 56,780;20220904;18:00:00;18:05:00;216;16.85;327
E4S 56,780;20220904;18:05:00;18:10:00;217;17.67;309
E4S 56,780;20220904;18:10:00;18:15:00;218;18.29;288
E4S 56,780;20220904;18:15:00;18:20:00;219;18.06;285
E4S 56,780;20220904;18:20:00;18:25:00;220;18.14;262
E4S 56,780;20220904;18:25:00;18:30:00;221;17.95;236
E4S 56,780;20220904;18:30:00;18:35:00;222;18.42;229
E4S 56,780;20220904;18:35:00;18:40:00;223;18.75;228
E4S 56,780;20220904;18:40:00;18:45:00;224;18.88;187
E4S 56,780;20220904;18:45:00;18:50:00;225;19.05;203
E4S 56,780;20220904;18:50:00;18:55:00;226;19.17;214
E4S 56,780;20220904;18:55:00;19:00:00;227;18.97;200
E4S 56,780;20220904;19:00:00;19:05:00;228;18.97;205
E4S 56,780;20220904;19:05:00;19:10:00;229;18.89;191
E4S 56,780;20220904;19:10:00;19:15:00;230;19.82;211
E4S 56,780;20220904;19:15:00;19:20:00;231;18.93;204
E4S 56,780;20220904;19:20:00;19:25:00;232;19.70;170
E4S 56,780;20220904;19:25:00;19:30:00;233;19.92;153
E4S 56,780;20220904;19:30:00;19:35:00;234;19.49;168
E4S 56,780;20220904;19:35:00;19:40:00;235;19.81;134
E4S 56,780;20220904;19:40:00;19:45:00;236;19.53;176
E4S 56,780;20220904;19:45:00;19:50:00;237;20.12;136
E4S 56,780;20220904;19:50:00;19:55:00;238;19.18;153
E4S 56,780;20220904;19:55:00;20:00:00;239;19.49;121
E4S 56,780;20220904;20:00:00;20:05:00;240;19.26;118
E4S 56,780;20220904;20:05:00;20:10:00;241;19.83;108
E4S 56,780;20220904;20:10:00;20:15:00;242;19.89;117
E4S 56,780;20220904;20:15:00;20:20:00;243;19.41;116
E4S 56,780;20220904;20:20:00;20:25:00;244;19.91;85
E4S 56,780;20220904;20:25:00;20:30:00;245;20.93;83
E4S 56,780;20220904;20:30:00;20:35:00;246;21.01;93
E4S 56,780;20220904;20:35:00;20:40:00;247;20.36;76
E4S 56,780;20220904;20:40:00;20:45:00;248;20.81;95
E4S 56,780;20220904;20:45:00;20:50:00;249;20.06;78
E4S 56,780;20220904;20:50:00;20:55:00;250;19.31;74
E4S 56,780;20220904;20:55:00;21:00:00;251;20.36;59
E4S 56,780;20220904;21:00:00;21:05:00;252;20.01;102
E4S 56,780;20220904;21:05:00;21:10:00;253;19.49;84
E4S 56,780;20220904;21:10:00;21:15:00;254;20.08;69
E4S 56,780;20220904;21:15:00;21:20:00;255;18.86;61
E4S 56,780;20220904;21:20:00;21:25:00;256;20.86;54
E4S 56,780;20220904;21:25:00;21:30:00;257;20.48;43
E4S 56,780;20220904;21:30:00;21:35:00;258;20.93;51
E4S 56,780;20220904;21:35:00;21:40:00;259;20.83;50
E4S 56,780;20220904;21:40:00;21:45:00;260;21.31;57
E4S 56,780;20220904;21:45:00;21:50:00;261;20.02;39
E4S 56,780;20220904;21:50:00;21:55:00;262;21.00;40
E4S 56,780;20220904;21:55:00;22:00:00;263;20.37;37
E4S 56,780;20220904;22:00:00;22:05:00;264;20.29;52
E4S 56,780;20220904;22:05:00;22:10:00;265;20.26;50
E4S 56,780;20220904;22:10:00;22:15:00;266;19.58;47
E4S 56,780;20220904;22:15:00;22:20:00;267;20.76;34
E4S 56,780;20220904;22:20:00;22:25:00;268;20.76;46
E4S 56,780;20220904;22:25:00;22:30:00;269;20.18;40
E4S 56,780;20220904;22:30:00;22:35:00;270;20.96;40
E4S 56,780;20220904;22:35:00;22:40:00;271;21.07;37
E4S 56,780;20220904;22:40:00;22:45:00;272;20.22;37
E4S 56,780;20220904;22:45:00;22:50:00;273;21.61;35
E4S 56,780;20220904;22:50:00;22:55:00;274;21.16;39
E4S 56,780;20220904;22:55:00;23:00:00;275;21.04;29
E4S 56,780;20220904;23:00:00;23:05:00;276;21.92;33
E4S 56,780;20220904;23:05:00;23:10:00;277;20.82;28
E4S 56,780;20220904;23:10:00;23:15:00;278;20.89;34
E4S 56,780;20220904;23:15:00;23:20:00;279;21.26;37
E4S 56,780;20220904;23:20:00;23:25:00;280;20.55;41
E4S 56,780;20220904;23:25:00;23:30:00;281;20.54;32
E4S 56,780;20220904;23:30:00;23:35:00;282;20.59;38
E4S 56,780;20220904;23:35:00;23:40:00;283;21.28;43
E4S 56,780;20220904;23:40:00;23:45:00;284;22.25;29
E4S 56,780;20220904;23:45:00;23:50:00;285;20.13;31
E4S 56,780;20220904;23:50:00;23:55:00;286;20.66;30
E4S 56,780;20220904;23:55:00;24:00:00;287;20.93;19
E4S 56,780;20220905;00:00:00;00:05:00;0;21.73;16
E4S 56,780;20220905;00:05:00;00:10:00;1;20.67;9
E4S 56,780;20220905;00:10:00;00:15:00;2;20.37;20
E4S 56,780;20220905;00:15:00;00:20:00;3;21.73;14
E4S 56,780;20220905;00:20:00;00:25:00;4;21.02;22
E4S 56,780;20220905;00:25:00;00:30:00;5;19.66;16
E4S 56,780;20220905;00:30:00;00:35:00;6;21.17;15
E4S 56,780;20220905;00:35:00;00:40:00;7;21.88;12
E4S 56,780;20220905;00:40:00;00:45:00;8;20.36;11
E4S 56,780;20220905;00:45:00;00:50:00;9;21.23;9
E4S 56,780;20220905;00:50:00;00:55:00;10;20.77;13
E4S 56,780;20220905;00:55:00;01:00:00;11;20.52;24
E4S 56,780;20220905;01:00:00;01:05:00;12;19.98;34
E4S 56,780;20220905;01:05:00;01:10:00;13;21.22;24
E4S 56,780;20220905;01:10:00;01:15:00;14;20.98;7
E4S 56,780;20220905;01:15:00;01:20:00;15;21.42;28
E4S 56,780;20220905;01:20:00;01:25:00;16;20.96;25
E4S 56,780;20220905;01:25:00;01:30:00;17;21.43;18
E4S 56,780;20220905;01:30:00;01:35:00;18;22.96;7
E4S 56,780;20220905;01:35:00;01:40:00;19;20.45;32
E4S 56,780;20220905;01:40:00;01:45:00;20;21.73;29
E4S 56,780;20220905;01:45:00;01:50:00;21;20.13;23
E4S 56,780;20220905;01:50:00;01:55:00;22;21.62;11
E4S 56,780;20220905;01:55:00;02:00:00;23;20.24;26
E4S 56,780;20220905;02:00:00;02:05:00;24;20.99;28
E4S 56,780;20220905;02:05:00;02:10:00;25;20.73;28
E4S 56,780;20220905;02:10:00;02:15:00;26;20.24;21
E4S 56,780;20220905;02:15:00;02:20:00;27;19.43;16
E4S 56,780;20220905;02:20:00;02:25:00;28;21.02;31
E4S 56,780;20220905;02:25:00;02:30:00;29;20.39;23
E4S 56,780;20220905;02:30:00;02:35:00;30;20.60;28
E4S 56,780;20220905;02:35:00;02:40:00;31;20.53;34
E4S 56,780;20220905;02:40:00;02:45:00;32;22.02;39
E4S 56,780;20220905;02:45:00;02:50:00;33;20.74;41
E4S 56,780;20220905;02:50:00;02:55:00;34;20.66;40
E4S 56,780;20220905;02:55:00;03:00:00;35;20.82;37
E4S 56,780;20220905;03:00:00;03:05:00;36;21.34;35
E4S 56,780;20220905;03:05:00;03:10:00;37;21.35;39
E4S 56,780;20220905;03:10:00;03:15:00;38;21.86;49
E4S 56,780;20220905;03:15:00;03:20:00;39;21.36;61
E4S 56,780;20220905;03:20:00;03:25:00;40;21.22;73
E4S 56,780;20220905;03:25:00;03:30:00;41;21.86;97
E4S 56,780;20220905;03:30:00;03:35:00;42;22.05;95
E4S 56,780;20220905;03:35:00;03:40:00;43;21.30;118
E4S 56,780;20220905;03:40:00;03:45:00;44;22.52;152
E4S 56,780;20220905;03:45:00;03:50:00;45;20.95;200
E4S 56,780;20220905;03:50:00;03:55:00;46;20.42;229
E4S 56,780;20220905;03:55:00;04:00:00;47;20.77;209
E4S 56,780;20220905;04:00:00;04:05:00;48;20.92;163
E4S 56,780;20220905;04:05:00;04:10:00;49;20.78;190
E4S 56,780;20220905;04:10:00;04:15:00;50;20.15;204
E4S 56,780;20220905;04:15:00;04:20:00;51;20.10;257
E4S 56,780;20220905;04:20:00;04:25:00;52;20.98;263
E4S 56,780;20220905;04:25:00;04:30:00;53;19.61;316
E4S 56,780;20220905;04:30:00;04:35:00;54;19.38;297
E4S 56,780;20220905;04:35:00;04:40:00;55;19.88;292
E4S 56,780;20220905;04:40:00;04:45:00;56;19.87;325
E4S 56,780;20220905;04:45:00;04:50:00;57;19.38;309
E4S 56,780;20220905;04:50:00;04:55:00;58;19.22;330
E4S 56,780;20220905;04:55:00;05:00:00;59;19.94;304
E4S 56,780;20220905;05:00:00;05:05:00;60;19.85;260
E4S 56,780;20220905;05:05:00;05:10:00;61;19.50;262
E4S 56,780;20220905;05:10:00;05:15:00;62;19.22;302
E4S 56,780;20220905;05:15:00;05:20:00;63;19.06;312
E4S 56,780;20220905;05:20:00;05:25:00;64;19.16;322
E4S 56,780;20220905;05:25:00;05:30:00;65;19.13;308
E4S 56,780;20220905;05:30:00;05:35:00;66;18.45;315
E4S 56,780;20220905;05:35:00;05:40:00;67;18.59;318
E4S 56,780;20220905;05:40:00;05:45:00;68;19.52;292
E4S 56,780;20220905;05:45:00;05:50:00;69;19.55;296
E4S 56,780;20220905;05:50:00;05:55:00;70;18.91;308
E4S 56,780;20220905;05:55:00;06:00:00;71;19.35;269
E4S 56,780;20220905;06:00:00;06:05:00;72;18.69;288
E4S 56,780;20220905;06:05:00;06:10:00;73;18.72;311
E4S 56,780;20220905;06:10:00;06:15:00;74;18.97;302
E4S 56,780;20220905;06:15:00;06:20:00;75;19.00;290
E4S 56,780;20220905;06:20:00;06:25:00;76;19.13;301
E4S 56,780;20220905;06:25:00;06:30:00;77;18.44;312
E4S 56,780;20220905;06:30:00;06:35:00;78;18.34;303
E4S 56,780;20220905;06:35:00;06:40:00;79;18.63;327
E4S 56,780;20220905;06:40:00;06:45:00;80;18.56;307
E4S 56,780;20220905;06:45:00;06:50:00;81;18.56;307
E4S 56,780;20220905;06:50:00;06:55:00;82;18.84;282
E4S 56,780;20220905;06:55:00;07:00:00;83;18.12;306
E4S 56,780;20220905;07:00:00;07:05:00;84;18.40;317
E4S 56,780;20220905;07:05:00;07:10:00;85;18.49;310
E4S 56,780;20220905;07:10:00;07:15:00;86;18.30;328
E4S 56,780;20220905;07:15:00;07:20:00;87;17.68;355
E4S 56,780;20220905;07:20:00;07:25:00;88;18.04;343
E4S 56,780;20220905;07:25:00;07:30:00;89;17.67;357
E4S 56,780;20220905;07:30:00;07:35:00;90;17.51;368
E4S 56,780;20220905;07:35:00;07:40:00;91;17.62;359
E4S 56,780;20220905;07:40:00;07:45:00;92;17.96;335
E4S 56,780;20220905;07:45:00;07:50:00;93;18.42;277
E4S 56,780;20220905;07:50:00;07:55:00;94;18.31;277
E4S 56,780;20220905;07:55:00;08:00:00;95;18.52;311
E4S 56,780;20220905;08:00:00;08:05:00;96;18.31;318
E4S 56,780;20220905;08:05:00;08:10:00;97;18.14;297
E4S 56,780;20220905;08:10:00;08:15:00;98;19.01;300
E4S 56,780;20220905;08:15:00;08:20:00;99;18.65;295
E4S 56,780;20220905;08:20:00;08:25:00;100;17.92;311
E4S 56,780;20220905;08:25:00;08:30:00;101;17.82;311
E4S 56,780;20220905;08:30:00;08:35:00;102;18.67;306
E4S 56,780;20220905;08:35:00;08:40:00;103;18.30;293
E4S 56,780;20220905;08:40:00;08:45:00;104;18.51;327
E4S 56,780;20220905;08:45:00;08:50:00;105;18.22;284
E4S 56,780;20220905;08:50:00;08:55:00;106;18.37;292
E4S 56,780;20220905;08:55:00;09:00:00;107;17.50;286
E4S 56,780;20220905;09:00:00;09:05:00;108;15.16;279
E4S 56,780;20220905;09:05:00;09:10:00;109;13.24;300
E4S 56,780;20220905;09:10:00;09:15:00;110;16.06;350
E4S 56,780;20220905;09:15:00;09:20:00;111;17.82;291
E4S 56,780;20220905;09:20:00;09:25:00;112;18.11;290
E4S 56,780;20220905;09:25:00;09:30:00;113;17.84;313
E4S 56,780;20220905;09:30:00;09:35:00;114;18.68;293
E4S 56,780;20220905;09:35:00;09:40:00;115;18.40;286
E4S 56,780;20220905;09:40:00;09:45:00;116;18.70;277
E4S 56,780;20220905;09:45:00;09:50:00;117;18.04;301
E4S 56,780;20220905;09:50:00;09:55:00;118;18.18;285
E4S 56,780;20220905;09:55:00;10:00:00;119;17.87;316
E4S 56,780;20220905;10:00:00;10:05:00;120;18.30;320
E4S 56,780;20220905;10:05:00;10:10:00;121;18.19;294
E4S 56,780;20220905;10:10:00;10:15:00;122;18.55;259
E4S 56,780;20220905;10:15:00;10:20:00;123;17.91;349
E4S 56,780;20220905;10:20:00;10:25:00;124;17.74;335
E4S 56,780;20220905;10:25:00;10:30:00;125;17.98;305
E4S 56,780;20220905;10:30:00;10:35:00;126;18.33;319
E4S 56,780;20220905;10:35:00;10:40:00;127;18.06;286
E4S 56,780;20220905;10:40:00;10:45:00;128;18.40;332
E4S 56,780;20220905;10:45:00;10:50:00;129;18.56;275
E4S 56,780;20220905;10:50:00;10:55:00;130;18.09;303
E4S 56,780;20220905;10:55:00;11:00:00;131;18.51;264
E4S 56,780;20220905;11:00:00;11:05:00;132;18.61;283
E4S 56,780;20220905;11:05:00;11:10:00;133;17.65;299
E4S 56,780;20220905;11:10:00;11:15:00;134;18.07;278
E4S 56,780;20220905;11:15:00;11:20:00;135;17.84;349
E4S 56,780;20220905;11:20:00;11:25:00;136;18.30;320
E4S 56,780;20220905;11:25:00;11:30:00;137;18.31;353
E4S 56,780;20220905;11:30:00;11:35:00;138;18.48;310
E4S 56,780;20220905;11:35:00;11:40:00;139;18.44;304
E4S 56,780;20220905;11:40:00;11:45:00;140;18.17;326
E4S 56,780;20220905;11:45:00;11:50:00;141;18.03;337
E4S 56,780;20220905;11:50:00;11:55:00;142;17.59;329
E4S 56,780;20220905;11:55:00;12:00:00;143;18.49;292
E4S 56,780;20220905;12:00:00;12:05:00;144;18.32;332
E4S 56,780;20220905;12:05:00;12:10:00;145;18.23;314
E4S 56,780;20220905;12:10:00;12:15:00;146;17.74;376
E4S 56,780;20220905;12:15:00;12:20:00;147;17.88;355
E4S 56,780;20220905;12:20:00;12:25:00;148;17.42;387
E4S 56,780;20220905;12:25:00;12:30:00;149;17.74;366
E4S 56,780;20220905;12:30:00;12:35:00;150;17.57;384
E4S 56,780;20220905;12:35:00;12:40:00;151;17.93;357
E4S 56,780;20220905;12:40:00;12:45:00;152;18.25;386
E4S 56,780;20220905;12:45:00;12:50:00;153;17.68;360
E4S 56,780;20220905;12:50:00;12:55:00;154;17.71;380
E4S 56,780;20220905;12:55:00;13:00:00;155;17.91;403
E4S 56,780;20220905;13:00:00;13:05:00;156;18.08;377
E4S 56,780;20220905;13:05:00;13:10:00;157;16.62;436
E4S 56,780;20220905;13:10:00;13:15:00;158;12.97;396
E4S 56,780;20220905;13:15:00;13:20:00;159;12.15;390
E4S 56,780;20220905;13:20:00;13:25:00;160;12.05;364
E4S 56,780;20220905;13:25:00;13:30:00;161;11.94;408
E4S 56,780;20220905;13:30:00;13:35:00;162;13.27;391
E4S 56,780;20220905;13:35:00;13:40:00;163;11.84;367
E4S 56,780;20220905;13:40:00;13:45:00;164;10.13;326
E4S 56,780;20220905;13:45:00;13:50:00;165;11.09;346
E4S 56,780;20220905;13:50:00;13:55:00;166;8.82;308
E4S 56,780;20220905;13:55:00;14:00:00;167;11.71;376
E4S 56,780;20220905;14:00:00;14:05:00;168;9.52;341
E4S 56,780;20220905;14:05:00;14:10:00;169;9.63;340
E4S 56,780;20220905;14:10:00;14:15:00;170;9.59;286
E4S 56,780;20220905;14:15:00;14:20:00;171;11.27;347
E4S 56,780;20220905;14:20:00;14:25:00;172;10.85;339
E4S 56,780;20220905;14:25:00;14:30:00;173;12.16;367
E4S 56,780;20220905;14:30:00;14:35:00;174;12.05;356
E4S 56,780;20220905;14:35:00;14:40:00;175;11.49;353
E4S 56,780;20220905;14:40:00;14:45:00;176;12.45;358
E4S 56,780;20220905;14:45:00;14:50:00;177;17.46;324
E4S 56,780;20220905;14:50:00;14:55:00;178;19.20;282
E4S 56,780;20220905;14:55:00;15:00:00;179;19.06;278
E4S 56,780;20220905;15:00:00;15:05:00;180;19.00;271
E4S 56,780;20220905;15:05:00;15:10:00;181;17.84;312
E4S 56,780;20220905;15:10:00;15:15:00;182;16.98;326
E4S 56,780;20220905;15:15:00;15:20:00;183;16.73;318
E4S 56,780;20220905;15:20:00;15:25:00;184;17.37;284
E4S 56,780;20220905;15:25:00;15:30:00;185;17.32;311
E4S 56,780;20220905;15:30:00;15:35:00;186;17.69;303
E4S 56,780;20220905;15:35:00;15:40:00;187;17.03;323
E4S 56,780;20220905;15:40:00;15:45:00;188;16.90;295
E4S 56,780;20220905;15:45:00;15:50:00;189;17.74;259
E4S 56,780;20220905;15:50:00;15:55:00;190;17.63;280
E4S 56,780;20220905;15:55:00;16:00:00;191;17.00;276
E4S 56,780;20220905;16:00:00;16:05:00;192;16.47;284
E4S 56,780;20220905;16:05:00;16:10:00;193;17.00;246
E4S 56,780;20220905;16:10:00;16:15:00;194;17.41;246
E4S 56,780;20220905;16:15:00;16:20:00;195;16.32;328
E4S 56,780;20220905;16:20:00;16:25:00;196;16.90;261
E4S 56,780;20220905;16:25:00;16:30:00;197;17.06;270
E4S 56,780;20220905;16:30:00;16:35:00;198;16.63;284
E4S 56,780;20220905;16:35:00;16:40:00;199;16.51;288
E4S 56,780;20220905;16:40:00;16:45:00;200;17.11;293
E4S 56,780;20220905;16:45:00;16:50:00;201;18.92;260
E4S 56,780;20220905;16:50:00;16:55:00;202;18.72;265
E4S 56,780;20220905;16:55:00;17:00:00;203;18.85;252
E4S 56,780;20220905;17:00:00;17:05:00;204;18.98;252
E4S 56,780;20220905;17:05:00;17:10:00;205;18.77;242
E4S 56,780;20220905;17:10:00;17:15:00;206;18.80;252
E4S 56,780;20220905;17:15:00;17:20:00;207;19.16;218
E4S 56,780;20220905;17:20:00;17:25:00;208;19.04;266
E4S 56,780;20220905;17:25:00;17:30:00;209;19.11;225
E4S 56,780;20220905;17:30:00;17:35:00;210;19.20;200
E4S 56,780;20220905;17:35:00;17:40:00;211;18.89;222
E4S 56,780;20220905;17:40:00;17:45:00;212;18.86;185
E4S 56,780;20220905;17:45:00;17:50:00;213;19.18;209
E4S 56,780;20220905;17:50:00;17:55:00;214;18.85;213
E4S 56,780;20220905;17:55:00;18:00:00;215;19.37;187
E4S 56,780;20220905;18:00:00;18:05:00;216;18.90;228
E4S 56,780;20220905;18:05:00;18:10:00;217;18.81;177
E4S 56,780;20220905;18:10:00;18:15:00;218;19.39;192
E4S 56,780;20220905;18:15:00;18:20:00;219;19.19;187
E4S 56,780;20220905;18:20:00;18:25:00;220;19.11;186
E4S 56,780;20220905;18:25:00;18:30:00;221;18.91;183
E4S 56,780;20220905;18:30:00;18:35:00;222;18.76;175
E4S 56,780;20220905;18:35:00;18:40:00;223;19.00;177
E4S 56,780;20220905;18:40:00;18:45:00;224;19.41;164
E4S 56,780;20220905;18:45:00;18:50:00;225;19.42;188
E4S 56,780;20220905;18:50:00;18:55:00;226;19.69;140
E4S 56,780;20220905;18:55:00;19:00:00;227;19.03;150
E4S 56,780;20220905;19:00:00;19:05:00;228;19.99;155
E4S 56,780;20220905;19:05:00;19:10:00;229;19.53;160
E4S 56,780;20220905;19:10:00;19:15:00;230;19.39;171
E4S 56,780;20220905;19:15:00;19:20:00;231;19.20;175
E4S 56,780;20220905;19:20:00;19:25:00;232;19.85;146
E4S 56,780;20220905;19:25:00;19:30:00;233;20.04;140
E4S 56,780;20220905;19:30:00;19:35:00;234;19.58;152
E4S 56,780;20220905;19:35:00;19:40:00;235;19.59;128
E4S 56,780;20220905;19:40:00;19:45:00;236;20.10;124
E4S 56,780;20220905;19:45:00;19:50:00;237;20.27;119
E4S 56,780;20220905;19:50:00;19:55:00;238;19.81;98
E4S 56,780;20220905;19:55:00;20:00:00;239;19.50;104
E4S 56,780;20220905;20:00:00;20:05:00;240;19.02;57
E4S 56,780;20220905;20:05:00;20:10:00;241;18.57;15
E4S 56,780;20220905;20:10:00;20:15:00;242;16.30;20
E4S 56,780;20220905;20:15:00;20:20:00;243;17.41;11
E4S 56,780;20220905;20:20:00;20:25:00;244;16.53;16
E4S 56,780;20220905;20:25:00;20:30:00;245;16.02;14
E4S 56,780;20220905;20:30:00;20:35:00;246;14.90;12
E4S 56,780;20220905;20:35:00;20:40:00;247;15.76;28
E4S 56,780;20220905;20:40:00;20:45:00;248;19.31;16
E4S 56,780;20220905;20:45:00;20:50:00;249;10.34;33
E4S 56,780;20220905;20:50:00;20:55:00;250;15.02;21
E4S 56,780;20220905;20:55:00;21:00:00;251;16.56;12
E4S 56,780;20220905;21:00:00;21:05:00;252;17.22;14
E4S 56,780;20220905;21:05:00;21:10:00;253;12.93;42
E4S 56,780;20220905;21:10:00;21:15:00;254;19.38;13
E4S 56,780;20220905;21:15:00;21:20:00;255;15.98;15
E4S 56,780;20220905;21:20:00;21:25:00;256;16.75;23
E4S 56,780;20220905;21:25:00;21:30:00;257;15.88;9
E4S 56,780;20220905;21:30:00;21:35:00;258;15.44;9
E4S 56,780;20220905;21:35:00;21:40:00;259;10.45;37
E4S 56,780;20220905;21:40:00;21:45:00;260;16.06;15
E4S 56,780;20220905;21:45:00;21:50:00;261;14.79;24
E4S 56,780;20220905;21:50:00;21:55:00;262;18.05;8
E4S 56,780;20220905;21:55:00;22:00:00;263;15.95;11
E4S 56,780;20220905;22:00:00;22:05:00;264;6.74;12
E4S 56,780;20220905;22:10:00;22:15:00;266;8.90;2
E4S 56,780;20220905;22:15:00;22:20:00;267;8.74;18
E4S 56,780;20220905;22:25:00;22:30:00;269;7.58;18
E4S 56,780;20220905;22:30:00;22:35:00;270;7.50;2
E4S 56,780;20220905;22:35:00;22:40:00;271;7.22;5
E4S 56,780;20220905;22:40:00;22:45:00;272;6.65;28
E4S 56,780;20220905;22:45:00;22:50:00;273;7.78;1
E4S 56,780;20220905;22:50:00;22:55:00;274;6.47;5
E4S 56,780;20220905;22:55:00;23:00:00;275;7.52;29
E4S 56,780;20220905;23:00:00;23:05:00;276;7.91;18
E4S 56,780;20220905;23:15:00;23:20:00;279;9.89;3
E4S 56,780;20220905;23:20:00;23:25:00;280;6.24;18
E4S 56,780;20220905;23:25:00;23:30:00;281;10.00;1
E4S 56,780;20220905;23:30:00;23:35:00;282;6.40;1
E4S 56,780;20220905;23:35:00;23:40:00;283;5.66;9
E4S 56,780;20220905;23:45:00;23:50:00;285;12.75;2
E4S 56,780;20220905;23:50:00;23:55:00;286;8.49;7
E4S 56,780;20220906;00:00:00;00:05:00;0;6.90;1
E4S 56,780;20220906;00:05:00;00:10:00;1;5.18;15
E4S 56,780;20220906;00:10:00;00:15:00;2;5.28;1
E4S 56,780;20220906;00:15:00;00:20:00;3;7.74;7
E4S 56,780;20220906;00:20:00;00:25:00;4;12.80;1
E4S 56,780;20220906;00:25:00;00:30:00;5;5.90;6
E4S 56,780;20220906;00:35:00;00:40:00;7;8.60;2
E4S 56,780;20220906;00:45:00;00:50:00;9;5.10;2
E4S 56,780;20220906;00:50:00;00:55:00;10;5.85;3
E4S 56,780;20220906;00:55:00;01:00:00;11;7.40;13
E4S 56,780;20220906;01:00:00;01:05:00;12;10.83;1
E4S 56,780;20220906;01:10:00;01:15:00;14;8.03;13
E4S 56,780;20220906;01:15:00;01:20:00;15;2.50;2
E4S 56,780;20220906;01:30:00;01:35:00;18;7.51;14
E4S 56,780;20220906;01:35:00;01:40:00;19;10.00;2
E4S 56,780;20220906;01:45:00;01:50:00;21;10.61;11
E4S 56,780;20220906;01:50:00;01:55:00;22;8.42;12
E4S 56,780;20220906;01:55:00;02:00:00;23;8.56;11
E4S 56,780;20220906;02:00:00;02:05:00;24;9.73;3
E4S 56,780;20220906;02:05:00;02:10:00;25;9.29;7
E4S 56,780;20220906;02:10:00;02:15:00;26;8.71;4
E4S 56,780;20220906;02:20:00;02:25:00;28;8.88;15
E4S 56,780;20220906;02:25:00;02:30:00;29;11.50;2
E4S 56,780;20220906;02:35:00;02:40:00;31;8.37;7
E4S 56,780;20220906;02:40:00;02:45:00;32;9.44;1
E4S 56,780;20220906;02:45:00;02:50:00;33;7.22;1
E4S 56,780;20220906;02:50:00;02:55:00;34;11.20;5
E4S 56,780;20220906;02:55:00;03:00:00;35;7.94;12
E4S 56,780;20220906;03:00:00;03:05:00;36;21.79;38
E4S 56,780;20220906;03:05:00;03:10:00;37;21.41;67
E4S 56,780;20220906;03:10:00;03:15:00;38;21.20;57
E4S 56,780;20220906;03:15:00;03:20:00;39;21.26;60
E4S 56,780;20220906;03:20:00;03:25:00;40;21.42;68
E4S 56,780;20220906;03:25:00;03:30:00;41;21.32;78
E4S 56,780;20220906;03:30:00;03:35:00;42;21.95;91
E4S 56,780;20220906;03:35:00;03:40:00;43;22.34;125
E4S 56,780;20220906;03:40:00;03:45:00;44;21.48;154
E4S 56,780;20220906;03:45:00;03:50:00;45;21.28;188
E4S 56,780;20220906;03:50:00;03:55:00;46;21.45;187
E4S 56,780;20220906;03:55:00;04:00:00;47;21.34;194
E4S 56,780;20220906;04:00:00;04:05:00;48;22.35;130
E4S 56,780;20220906;04:05:00;04:10:00;49;21.64;150
E4S 56,780;20220906;04:10:00;04:15:00;50;21.80;197
E4S 56,780;20220906;04:15:00;04:20:00;51;20.68;269
E4S 56,780;20220906;04:20:00;04:25:00;52;20.18;279
E4S 56,780;20220906;04:25:00;04:30:00;53;19.91;280
E4S 56,780;20220906;04:30:00;04:35:00;54;20.30;246
E4S 56,780;20220906;04:35:00;04:40:00;55;20.55;246
E4S 56,780;20220906;04:40:00;04:45:00;56;19.75;317
E4S 56,780;20220906;04:45:00;04:50:00;57;20.04;281
E4S 56,780;20220906;04:50:00;04:55:00;58;19.80;301
E4S 56,780;20220906;04:55:00;05:00:00;59;19.58;320
E4S 56,780;20220906;05:00:00;05:05:00;60;19.67;293
E4S 56,780;20220906;05:05:00;05:10:00;61;19.23;270
E4S 56,780;20220906;05:10:00;05:15:00;62;18.40;337
E4S 56,780;20220906;05:15:00;05:20:00;63;18.68;307
E4S 56,780;20220906;05:20:00;05:25:00;64;18.57;281
E4S 56,780;20220906;05:25:00;05:30:00;65;18.69;317
E4S 56,780;20220906;05:30:00;05:35:00;66;18.74;313
E4S 56,780;20220906;05:35:00;05:40:00;67;18.51;304
E4S 56,780;20220906;05:40:00;05:45:00;68;19.30;296
E4S 56,780;20220906;05:45:00;05:50:00;69;19.09;302
E4S 56,780;20220906;05:50:00;05:55:00;70;19.77;295
E4S 56,780;20220906;05:55:00;06:00:00;71;19.45;282
E4S 56,780;20220906;06:00:00;06:05:00;72;19.59;263
E4S 56,780;20220906;06:05:00;06:10:00;73;19.05;298
E4S 56,780;20220906;06:10:00;06:15:00;74;19.05;288
E4S 56,780;20220906;06:15:00;06:20:00;75;18.88;278
E4S 56,780;20220906;06:20:00;06:25:00;76;18.22;325
E4S 56,780;20220906;06:25:00;06:30:00;77;17.80;347
E4S 56,780;20220906;06:30:00;06:35:00;78;18.39;359
E4S 56,780;20220906;06:35:00;06:40:00;79;18.73;306
E4S 56,780;20220906;06:40:00;06:45:00;80;18.59;322
E4S 56,780;20220906;06:45:00;06:50:00;81;18.26;328
E4S 56,780;20220906;06:50:00;06:55:00;82;18.76;255
E4S 56,780;20220906;06:55:00;07:00:00;83;18.86;258
E4S 56,780;20220906;07:00:00;07:05:00;84;17.91;299
E4S 56,780;20220906;07:05:00;07:10:00;85;17.56;285
E4S 56,780;20220906;07:10:00;07:15:00;86;16.62;303
E4S 56,780;20220906;07:15:00;07:20:00;87;13.40;303
E4S 56,780;20220906;07:20:00;07:25:00;88;11.01;312
E4S 56,780;20220906;07:25:00;07:30:00;89;9.13;265
E4S 56,780;20220906;07:30:00;07:35:00;90;8.64;225
E4S 56,780;20220906;07:35:00;07:40:00;91;7.76;236
E4S 56,780;20220906;07:40:00;07:45:00;92;7.73;149
E4S 56,780;20220906;07:45:00;07:50:00;93;7.09;138
E4S 56,780;20220906;07:50:00;07:55:00;94;6.50;115
E4S 56,780;20220906;07:55:00;08:00:00;95;6.58;115
E4S 56,780;20220906;08:00:00;08:05:00;96;7.53;148
E4S 56,780;20220906;08:05:00;08:10:00;97;15.13;353
E4S 56,780;20220906;08:10:00;08:15:00;98;15.56;381
E4S 56,780;20220906;08:15:00;08:20:00;99;15.06;337
E4S 56,780;20220906;08:20:00;08:25:00;100;14.28;356
E4S 56,780;20220906;08:25:00;08:30:00;101;14.57;386
E4S 56,780;20220906;08:30:00;08:35:00;102;14.05;410
E4S 56,780;20220906;08:35:00;08:40:00;103;15.25;373
E4S 56,780;20220906;08:40:00;08:45:00;104;18.42;266
E4S 56,780;20220906;08:45:00;08:50:00;105;17.68;303
E4S 56,780;20220906;08:50:00;08:55:00;106;18.22;260
E4S 56,780;20220906;08:55:00;09:00:00;107;18.67;264
E4S 56,780;20220906;09:00:00;09:05:00;108;18.84;251
E4S 56,780;20220906;09:05:00;09:10:00;109;17.94;264
E4S 56,780;20220906;09:10:00;09:15:00;110;18.05;271
E4S 56,780;20220906;09:15:00;09:20:00;111;17.75;273
E4S 56,780;20220906;09:20:00;09:25:00;112;16.86;272
E4S 56,780;20220906;09:25:00;09:30:00;113;16.46;289
E4S 56,780;20220906;09:30:00;09:35:00;114;16.62;289
E4S 56,780;20220906;09:35:00;09:40:00;115;16.30;267
E4S 56,780;20220906;09:40:00;09:45:00;116;16.68;276
E4S 56,780;20220906;09:45:00;09:50:00;117;16.31;275
E4S 56,780;20220906;09:50:00;09:55:00;118;15.89;276
E4S 56,780;20220906;09:55:00;10:00:00;119;16.35;263
E4S 56,780;20220906;10:00:00;10:05:00;120;16.49;244
E4S 56,780;20220906;10:05:00;10:10:00;121;17.43;288
E4S 56,780;20220906;10:10:00;10:15:00;122;17.58;307
E4S 56,780;20220906;10:15:00;10:20:00;123;17.58;291
E4S 56,780;20220906;10:20:00;10:25:00;124;17.17;304
E4S 56,780;20220906;10:25:00;10:30:00;125;17.10;320
E4S 56,780;20220906;10:30:00;10:35:00;126;17.00;299
E4S 56,780;20220906;10:35:00;10:40:00;127;17.36;339
E4S 56,780;20220906;10:40:00;10:45:00;128;17.98;321
E4S 56,780;20220906;10:45:00;10:50:00;129;17.66;283
E4S 56,780;20220906;10:50:00;10:55:00;130;18.26;279
E4S 56,780;20220906;10:55:00;11:00:00;131;18.26;295
E4S 56,780;20220906;11:00:00;11:05:00;132;18.12;302
E4S 56,780;20220906;11:05:00;11:10:00;133;18.16;308
E4S 56,780;20220906;11:10:00;11:15:00;134;18.56;302
E4S 56,780;20220906;11:15:00;11:20:00;135;18.35;303
E4S 56,780;20220906;11:20:00;11:25:00;136;18.62;289
E4S 56,780;20220906;11:25:00;11:30:00;137;18.59;267
E4S 56,780;20220906;11:30:00;11:35:00;138;17.90;334
E4S 56,780;20220906;11:35:00;11:40:00;139;18.03;321
E4S 56,780;20220906;11:40:00;11:45:00;140;18.18;291
E4S 56,780;20220906;11:45:00;11:50:00;141;18.09;328
E4S 56,780;20220906;11:50:00;11:55:00;142;18.21;309
E4S 56,780;20220906;11:55:00;12:00:00;143;17.65;344
E4S 56,780;20220906;12:00:00;12:05:00;144;18.13;308
E4S 56,780;20220906;12:05:00;12:10:00;145;17.59;325
E4S 56,780;20220906;12:10:00;12:15:00;146;17.62;355
E4S 56,780;20220906;12:15:00;12:20:00;147;17.26;406
E4S 56,780;20220906;12:20:00;12:25:00;148;17.65;335
E4S 56,780;20220906;12:25:00;12:30:00;149;16.76;372
E4S 56,780;20220906;12:30:00;12:35:00;150;16.89;375
E4S 56,780;20220906;12:35:00;12:40:00;151;17.95;368
E4S 56,780;20220906;12:40:00;12:45:00;152;17.43;362
E4S 56,780;20220906;12:45:00;12:50:00;153;16.72;426
E4S 56,780;20220906;12:50:00;12:55:00;154;17.22;417
E4S 56,780;20220906;12:55:00;13:00:00;155;13.58;352
E4S 56,780;20220906;13:00:00;13:05:00;156;12.86;371
E4S 56,780;20220906;13:05:00;13:10:00;157;8.64;281
E4S 56,780;20220906;13:10:00;13:15:00;158;11.66;376
E4S 56,780;20220906;13:15:00;13:20:00;159;10.14;351
E4S 56,780;20220906;13:20:00;13:25:00;160;10.46;342
E4S 56,780;20220906;13:25:00;13:30:00;161;12.38;369
E4S 56,780;20220906;13:30:00;13:35:00;162;11.75;356
E4S 56,780;20220906;13:35:00;13:40:00;163;12.71;352
E4S 56,780;20220906;13:40:00;13:45:00;164;8.58;238
E4S 56,780;20220906;13:45:00;13:50:00;165;7.84;169
E4S 56,780;20220906;13:50:00;13:55:00;166;6.90;215
E4S 56,780;20220906;13:55:00;14:00:00;167;7.75;213
E4S 56,780;20220906;14:00:00;14:05:00;168;7.01;224
E4S 56,780;20220906;14:05:00;14:10:00;169;7.73;163
E4S 56,780;20220906;14:10:00;14:15:00;170;7.74;249
E4S 56,780;20220906;14:15:00;14:20:00;171;6.53;236
E4S 56,780;20220906;14:20:00;14:25:00;172;6.74;231
E4S 56,780;20220906;14:25:00;14:30:00;173;6.95;205
E4S 56,780;20220906;14:30:00;14:35:00;174;7.68;217
E4S 56,780;20220906;14:35:00;14:40:00;175;6.84;174
E4S 56,780;20220906;14:40:00;14:45:00;176;7.49;188
E4S 56,780;20220906;14:45:00;14:50:00;177;6.89;180
E4S 56,780;20220906;14:50:00;14:55:00;178;8.06;170
E4S 56,780;20220906;14:55:00;15:00:00;179;10.50;329
E4S 56,780;20220906;15:00:00;15:05:00;180;9.52;306
E4S 56,780;20220906;15:05:00;15:10:00;181;8.62;312
E4S 56,780;20220906;15:10:00;15:15:00;182;8.91;295
E4S 56,780;20220906;15:15:00;15:20:00;183;9.24;322
E4S 56,780;20220906;15:20:00;15:25:00;184;6.69;288
E4S 56,780;20220906;15:25:00;15:30:00;185;11.00;372
E4S 56,780;20220906;15:30:00;15:35:00;186;8.68;326
E4S 56,780;20220906;15:35:00;15:40:00;187;10.80;356
E4S 56,780;20220906;15:40:00;15:45:00;188;7.28;279
E4S 56,780;20220906;15:45:00;15:50:00;189;8.62;330
E4S 56,780;20220906;15:50:00;15:55:00;190;8.68;305
E4S 56,780;20220906;15:55:00;16:00:00;191;7.11;315
E4S 56,780;20220906;16:00:00;16:05:00;192;8.36;309
E4S 56,780;20220906;16:05:00;16:10:00;193;9.11;298
E4S 56,780;20220906;16:10:00;16:15:00;194;10.76;298
E4S 56,780;20220906;16:15:00;16:20:00;195;12.95;304
E4S 56,780;20220906;16:20:00;16:25:00;196;16.55;260
E4S 56,780;20220906;16:25:00;16:30:00;197;17.42;218
E4S 56,780;20220906;16:30:00;16:35:00;198;15.99;273
E4S 56,780;20220906;16:35:00;16:40:00;199;17.42;263
E4S 56,780;20220906;16:40:00;16:45:00;200;16.87;276
E4S 56,780;20220906;16:45:00;16:50:00;201;16.06;255
E4S 56,780;20220906;16:50:00;16:55:00;202;17.99;245
E4S 56,780;20220906;16:55:00;17:00:00;203;16.13;250
E4S 56,780;20220906;17:00:00;17:05:00;204;17.08;264
E4S 56,780;20220906;17:05:00;17:10:00;205;17.10;248
E4S 56,780;20220906;17:10:00;17:15:00;206;17.67;243
E4S 56,780;20220906;17:15:00;17:20:00;207;17.50;245
E4S 56,780;20220906;17:20:00;17:25:00;208;16.98;237
E4S 56,780;20220906;17:25:00;17:30:00;209;17.49;258
E4S 56,780;20220906;17:30:00;17:35:00;210;17.43;219
E4S 56,780;20220906;17:35:00;17:40:00;211;17.90;197
E4S 56,780;20220906;17:40:00;17:45:00;212;17.92;214
E4S 56,780;20220906;17:45:00;17:50:00;213;18.17;219
E4S 56,780;20220906;17:50:00;17:55:00;214;18.31;209
E4S 56,780;20220906;17:55:00;18:00:00;215;17.51;221
E4S 56,780;20220906;18:00:00;18:05:00;216;17.71;211
E4S 56,780;20220906;18:05:00;18:10:00;217;18.05;180
E4S 56,780;20220906;18:10:00;18:15:00;218;17.91;188
E4S 56,780;20220906;18:15:00;18:20:00;219;18.18;223
E4S 56,780;20220906;18:20:00;18:25:00;220;18.63;193
E4S 56,780;20220906;18:25:00;18:30:00;221;19.03;232
E4S 56,780;20220906;18:30:00;18:35:00;222;18.89;218
E4S 56,780;20220906;18:35:00;18:40:00;223;18.57;216
E4S 56,780;20220906;18:40:00;18:45:00;224;19.18;208
E4S 56,780;20220906;18:45:00;18:50:00;225;19.76;167
E4S 56,780;20220906;18:50:00;18:55:00;226;19.47;173
E4S 56,780;20220906;18:55:00;19:00:00;227;19.25;161
E4S 56,780;20220906;19:00:00;19:05:00;228;19.39;190
E4S 56,780;20220906;19:05:00;19:10:00;229;19.96;177
E4S 56,780;20220906;19:10:00;19:15:00;230;19.29;155
E4S 56,780;20220906;19:15:00;19:20:00;231;18.98;178
E4S 56,780;20220906;19:20:00;19:25:00;232;20.07;180
E4S 56,780;20220906;19:25:00;19:30:00;233;19.29;172
E4S 56,780;20220906;19:30:00;19:35:00;234;20.41;138
E4S 56,780;20220906;19:35:00;19:40:00;235;19.93;169
E4S 56,780;20220906;19:40:00;19:45:00;236;19.09;152
E4S 56,780;20220906;19:45:00;19:50:00;237;19.71;128
E4S 56,780;20220906;19:50:00;19:55:00;238;20.50;115
E4S 56,780;20220906;19:55:00;20:00:00;239;20.01;123
E4S 56,780;20220906;20:00:00;20:05:00;240;20.22;67
E4S 56,780;20220906;20:05:00;20:10:00;241;18.44;31
E4S 56,780;20220906;20:10:00;20:15:00;242;16.56;18
E4S 56,780;20220906;20:15:00;20:20:00;243;18.47;23
E4S 56,780;20220906;20:20:00;20:25:00;244;13.73;26
E4S 56,780;20220906;20:25:00;20:30:00;245;14.02;25
E4S 56,780;20220906;20:30:00;20:35:00;246;12.67;14
E4S 56,780;20220906;20:35:00;20:40:00;247;14.82;18
E4S 56,780;20220906;20:40:00;20:45:00;248;11.46;44
E4S 56,780;20220906;20:45:00;20:50:00;249;15.29;25
E4S 56,780;20220906;20:50:00;20:55:00;250;14.41;24
E4S 56,780;20220906;20:55:00;21:00:00;251;12.75;11
E4S 56,780;20220906;21:00:00;21:05:00;252;11.84;44
E4S 56,780;20220906;21:05:00;21:10:00;253;15.35;29
E4S 56,780;20220906;21:10:00;21:15:00;254;14.35;25
E4S 56,780;20220906;21:15:00;21:20:00;255;13.94;10
E4S 56,780;20220906;21:20:00;21:25:00;256;15.24;27
E4S 56,780;20220906;21:25:00;21:30:00;257;16.15;8
E4S 56,780;20220906;21:30:00;21:35:00;258;16.30;18
E4S 56,780;20220906;21:35:00;21:40:00;259;11.43;17
E4S 56,780;20220906;21:40:00;21:45:00;260;16.39;11
E4S 56,780;20220906;21:45:00;21:50:00;261;15.91;12
E4S 56,780;20220906;21:50:00;21:55:00;262;14.06;3
E4S 56,780;20220906;21:55:00;22:00:00;263;12.59;22
E4S 56,780;20220906;22:00:00;22:05:00;264;12.48;7
E4S 56,780;20220906;22:05:00;22:10:00;265;9.34;16
E4S 56,780;20220906;22:10:00;22:15:00;266;7.20;2
E4S 56,780;20220906;22:15:00;22:20:00;267;8.27;4
E4S 56,780;20220906;22:20:00;22:25:00;268;6.25;11
E4S 56,780;20220906;22:25:00;22:30:00;269;7.70;3
E4S 56,780;20220906;22:30:00;22:35:00;270;7.61;5
E4S 56,780;20220906;22:40:00;22:45:00;272;6.57;23
E4S 56,780;20220906;22:45:00;22:50:00;273;7.36;6
E4S 56,780;20220906;22:50:00;22:55:00;274;7.73;9
E4S 56,780;20220906;22:55:00;23:00:00;275;7.24;3
E4S 56,780;20220906;23:00:00;23:05:00;276;8.10;1
E4S 56,780;20220906;23:05:00;23:10:00;277;6.94;2
E4S 56,780;20220906;23:10:00;23:15:00;278;6.93;20
E4S 56,780;20220906;23:15:00;23:20:00;279;9.44;1
E4S 56,780;20220906;23:20:00;23:25:00;280;6.79;17
E4S 56,780;20220906;23:25:00;23:30:00;281;6.45;3
E4S 56,780;20220906;23:30:00;23:35:00;282;7.20;1
E4S 56,780;20220906;23:35:00;23:40:00;283;7.50;1
E4S 56,780;20220906;23:40:00;23:45:00;284;6.17;14
E4S 56,780;20220910;00:00:00;00:05:00;0;20.31;34
E4S 56,780;20220910;00:05:00;00:10:00;1;21.08;36
E4S 56,780;20220910;00:10:00;00:15:00;2;20.22;31
E4S 56,780;20220910;00:15:00;00:20:00;3;20.56;35
E4S 56,780;20220910;00:20:00;00:25:00;4;19.65;24
E4S 56,780;20220910;00:25:00;00:30:00;5;20.25;29
E4S 56,780;20220910;00:30:00;00:35:00;6;20.10;36
E4S 56,780;20220910;00:35:00;00:40:00;7;19.91;29
E4S 56,780;20220910;00:40:00;00:45:00;8;20.65;37
E4S 56,780;20220910;00:45:00;00:50:00;9;20.74;29
E4S 56,780;20220910;00:50:00;00:55:00;10;19.24;20
E4S 56,780;20220910;00:55:00;01:00:00;11;19.78;23
E4S 56,780;20220910;01:00:00;01:05:00;12;21.83;34
E4S 56,780;20220910;01:05:00;01:10:00;13;20.19;34
E4S 56,780;20220910;01:10:00;01:15:00;14;20.41;25
E4S 56,780;20220910;01:15:00;01:20:00;15;20.98;31
E4S 56,780;20220910;01:20:00;01:25:00;16;20.91;26
E4S 56,780;20220910;01:25:00;01:30:00;17;21.22;26
E4S 56,780;20220910;01:30:00;01:35:00;18;21.95;20
E4S 56,780;20220910;01:35:00;01:40:00;19;20.31;19
E4S 56,780;20220910;01:40:00;01:45:00;20;20.68;27
E4S 56,780;20220910;01:45:00;01:50:00;21;20.98;32
E4S 56,780;20220910;01:50:00;01:55:00;22;20.40;31
E4S 56,780;20220910;01:55:00;02:00:00;23;21.58;16
E4S 56,780;20220910;02:00:00;02:05:00;24;20.82;25
E4S 56,780;20220910;02:05:00;02:10:00;25;20.97;26
E4S 56,780;20220910;02:10:00;02:15:00;26;20.78;26
E4S 56,780;20220910;02:15:00;02:20:00;27;20.39;12
E4S 56,780;20220910;02:20:00;02:25:00;28;21.35;25
E4S 56,780;20220910;02:25:00;02:30:00;29;20.96;31
E4S 56,780;20220910;02:30:00;02:35:00;30;21.21;29
E4S 56,780;20220910;02:35:00;02:40:00;31;20.80;31
E4S 56,780;20220910;02:40:00;02:45:00;32;19.65;32
E4S 56,780;20220910;02:45:00;02:50:00;33;21.71;39
E4S 56,780;20220910;02:50:00;02:55:00;34;21.74;28
E4S 56,780;20220910;02:55:00;03:00:00;35;20.26;38
E4S 56,780;20220910;03:00:00;03:05:00;36;22.15;40
E4S 56,780;20220910;03:05:00;03:10:00;37;20.82;34
E4S 56,780;20220910;03:10:00;03:15:00;38;21.21;26
E4S 56,780;20220910;03:15:00;03:20:00;39;20.43;36
E4S 56,780;20220910;03:20:00;03:25:00;40;19.77;43
E4S 56,780;20220910;03:25:00;03:30:00;41;21.00;31
E4S 56,780;20220910;03:30:00;03:35:00;42;21.04;46
E4S 56,780;20220910;03:35:00;03:40:00;43;21.04;37
E4S 56,780;20220910;03:40:00;03:45:00;44;20.88;44
E4S 56,780;20220910;03:45:00;03:50:00;45;21.70;44
E4S 56,780;20220910;03:50:00;03:55:00;46;21.02;30
E4S 56,780;20220910;03:55:00;04:00:00;47;21.72;41
E4S 56,780;20220910;04:00:00;04:05:00;48;21.94;45
E4S 56,780;20220910;04:05:00;04:10:00;49;21.45;55
E4S 56,780;20220910;04:10:00;04:15:00;50;20.75;48
E4S 56,780;20220910;04:15:00;04:20:00;51;21.16;75
E4S 56,780;20220910;04:20:00;04:25:00;52;20.76;63
E4S 56,780;20220910;04:25:00;04:30:00;53;21.57;82
E4S 56,780;20220910;04:30:00;04:35:00;54;20.98;45
E4S 56,780;20220910;04:35:00;04:40:00;55;20.94;67
E4S 56,780;20220910;04:40:00;04:45:00;56;21.89;67
E4S 56,780;20220910;04:45:00;04:50:00;57;21.71;66
E4S 56,780;20220910;04:50:00;04:55:00;58;20.92;87
E4S 56,780;20220910;04:55:00;05:00:00;59;21.18;64
E4S 56,780;20220910;05:00:00;05:05:00;60;21.85;67
E4S 56,780;20220910;05:05:00;05:10:00;61;21.12;85
E4S 56,780;20220910;05:10:00;05:15:00;62;21.61;90
E4S 56,780;20220910;05:15:00;05:20:00;63;21.03;93
E4S 56,780;20220910;05:20:00;05:25:00;64;21.65;109
E4S 56,780;20220910;05:25:00;05:30:00;65;21.76;115
E4S 56,780;20220910;05:30:00;05:35:00;66;21.15;124
E4S 56,780;20220910;05:35:00;05:40:00;67;20.91;127
E4S 56,780;20220910;05:40:00;05:45:00;68;21.05;134
E4S 56,780;20220910;05:45:00;05:50:00;69;21.08;115
E4S 56,780;20220910;05:50:00;05:55:00;70;21.35;121
E4S 56,780;20220910;05:55:00;06:00:00;71;22.13;97
E4S 56,780;20220910;06:00:00;06:05:00;72;21.34;82
E4S 56,780;20220910;06:05:00;06:10:00;73;21.26;116
E4S 56,780;20220910;06:10:00;06:15:00;74;20.37;104
E4S 56,780;20220910;06:15:00;06:20:00;75;20.74;151
E4S 56,780;20220910;06:20:00;06:25:00;76;20.48;136
E4S 56,780;20220910;06:25:00;06:30:00;77;21.23;121
E4S 56,780;20220910;06:30:00;06:35:00;78;20.35;158
E4S 56,780;20220910;06:35:00;06:40:00;79;20.53;150
E4S 56,780;20220910;06:40:00;06:45:00;80;19.68;153
E4S 56,780;20220910;06:45:00;06:50:00;81;20.91;167
E4S 56,780;20220910;06:50:00;06:55:00;82;20.76;141
E4S 56,780;20220910;06:55:00;07:00:00;83;20.29;179
E4S 56,780;20220910;07:00:00;07:05:00;84;20.40;142
E4S 56,780;20220910;07:05:00;07:10:00;85;20.04;175
E4S 56,780;20220910;07:10:00;07:15:00;86;20.71;145
E4S 56,780;20220910;07:15:00;07:20:00;87;19.94;190
E4S 56,780;20220910;07:20:00;07:25:00;88;19.55;220
E4S 56,780;20220910;07:25:00;07:30:00;89;20.21;178
E4S 56,780;20220910;07:30:00;07:35:00;90;19.90;221
E4S 56,780;20220910;07:35:00;07:40:00;91;19.53;221
E4S 56,780;20220910;07:40:00;07:45:00;92;20.08;216
E4S 56,780;20220910;07:45:00;07:50:00;93;19.46;214
E4S 56,780;20220910;07:50:00;07:55:00;94;19.50;223
E4S 56,780;20220910;07:55:00;08:00:00;95;19.39;211
E4S 56,780;20220910;08:00:00;08:05:00;96;19.51;234
E4S 56,780;20220910;08:05:00;08:10:00;97;19.56;196
E4S 56,780;20220910;08:10:00;08:15:00;98;19.65;232
E4S 56,780;20220910;08:15:00;08:20:00;99;19.25;252
E4S 56,780;20220910;08:20:00;08:25:00;100;18.98;225
E4S 56,780;20220910;08:25:00;08:30:00;101;19.28;262
E4S 56,780;20220910;08:30:00;08:35:00;102;19.58;250
E4S 56,780;20220910;08:35:00;08:40:00;103;19.26;257
E4S 56,780;20220910;08:40:00;08:45:00;104;18.58;263
E4S 56,780;20220910;08:45:00;08:50:00;105;19.33;271
E4S 56,780;20220910;08:50:00;08:55:00;106;18.75;299
E4S 56,780;20220910;08:55:00;09:00:00;107;19.15;243
E4S 56,780;20220910;09:00:00;09:05:00;108;18.75;253
E4S 56,780;20220910;09:05:00;09:10:00;109;19.28;241
E4S 56,780;20220910;09:10:00;09:15:00;110;19.11;232
E4S 56,780;20220910;09:15:00;09:20:00;111;18.74;259
E4S 56,780;20220910;09:20:00;09:25:00;112;18.14;287
E4S 56,780;20220910;09:25:00;09:30:00;113;19.24;253
E4S 56,780;20220910;09:30:00;09:35:00;114;19.48;258
E4S 56,780;20220910;09:35:00;09:40:00;115;17.98;312
E4S 56,780;20220910;09:40:00;09:45:00;116;19.05;271
E4S 56,780;20220910;09:45:00;09:50:00;117;17.76;306
E4S 56,780;20220910;09:50:00;09:55:00;118;18.73;292
E4S 56,780;20220910;09:55:00;10:00:00;119;18.76;255
E4S 56,780;20220910;10:00:00;10:05:00;120;18.53;285
E4S 56,780;20220910;10:05:00;10:10:00;121;18.90;283
E4S 56,780;20220910;10:10:00;10:15:00;122;18.78;298
E4S 56,780;20220910;10:15:00;10:20:00;123;18.47;282
E4S 56,780;20220910;10:20:00;10:25:00;124;18.60;300
E4S 56,780;20220910;10:25:00;10:30:00;125;18.50;314
E4S 56,780;20220910;10:30:00;10:35:00;126;18.13;349
E4S 56,780;20220910;10:35:00;10:40:00;127;18.69;301
E4S 56,780;20220910;10:40:00;10:45:00;128;18.41;329
E4S 56,780;20220910;10:45:00;10:50:00;129;18.70;309
E4S 56,780;20220910;10:50:00;10:55:00;130;18.67;288
E4S 56,780;20220910;10:55:00;11:00:00;131;19.18;286
E4S 56,780;20220910;11:00:00;11:05:00;132;18.73;313
E4S 56,780;20220910;11:05:00;11:10:00;133;19.31;244
E4S 56,780;20220910;11:10:00;11:15:00;134;18.89;321
E4S 56,780;20220910;11:15:00;11:20:00;135;18.49;300
E4S 56,780;20220910;11:20:00;11:25:00;136;19.04;277
E4S 56,780;20220910;11:25:00;11:30:00;137;19.07;302
E4S 56,780;20220910;11:30:00;11:35:00;138;18.53;345
E4S 56,780;20220910;11:35:00;11:40:00;139;18.48;329
E4S 56,780;20220910;11:40:00;11:45:00;140;18.66;316
E4S 56,780;20220910;11:45:00;11:50:00;141;17.96;323
E4S 56,780;20220910;11:50:00;11:55:00;142;18.07;311
E4S 56,780;20220910;11:55:00;12:00:00;143;18.88;301
E4S 56,780;20220910;12:00:00;12:05:00;144;18.75;338
E4S 56,780;20220910;12:05:00;12:10:00;145;18.64;322
E4S 56,780;20220910;12:10:00;12:15:00;146;17.84;348
E4S 56,780;20220910;12:15:00;12:20:00;147;18.37;330
E4S 56,780;20220910;12:20:00;12:25:00;148;17.79;333
E4S 56,780;20220910;12:25:00;12:30:00;149;17.59;346
E4S 56,780;20220910;12:30:00;12:35:00;150;18.69;317
E4S 56,780;20220910;12:35:00;12:40:00;151;18.42;350
E4S 56,780;20220910;12:40:00;12:45:00;152;18.23;313
E4S 56,780;20220910;12:45:00;12:50:00;153;17.96;363
E4S 56,780;20220910;12:50:00;12:55:00;154;17.34;364
E4S 56,780;20220910;12:55:00;13:00:00;155;18.15;336
E4S 56,780;20220910;13:00:00;13:05:00;156;18.55;314
E4S 56,780;20220910;13:05:00;13:10:00;157;18.86;321
E4S 56,780;20220910;13:10:00;13:15:00;158;18.01;365
E4S 56,780;20220910;13:15:00;13:20:00;159;17.96;367
E4S 56,780;20220910;13:20:00;13:25:00;160;18.25;357
E4S 56,780;20220910;13:25:00;13:30:00;161;17.92;334
E4S 56,780;20220910;13:30:00;13:35:00;162;17.72;404
E4S 56,780;20220910;13:35:00;13:40:00;163;17.72;377
E4S 56,780;20220910;13:40:00;13:45:00;164;17.80;366
E4S 56,780;20220910;13:45:00;13:50:00;165;17.88;366
E4S 56,780;20220910;13:50:00;13:55:00;166;17.94;324
E4S 56,780;20220910;13:55:00;14:00:00;167;17.81;361
E4S 56,780;20220910;14:00:00;14:05:00;168;17.92;336
E4S 56,780;20220910;14:05:00;14:10:00;169;17.06;384
E4S 56,780;20220910;14:10:00;14:15:00;170;17.05;364
E4S 56,780;20220910;14:15:00;14:20:00;171;17.95;405
E4S 56,780;20220910;14:20:00;14:25:00;172;18.16;351
E4S 56,780;20220910;14:25:00;14:30:00;173;17.97;387
E4S 56,780;20220910;14:30:00;14:35:00;174;18.43;330
E4S 56,780;20220910;14:35:00;14:40:00;175;18.75;319
E4S 56,780;20220910;14:40:00;14:45:00;176;18.37;348
E4S 56,780;20220910;14:45:00;14:50:00;177;18.23;307
E4S 56,780;20220910;14:50:00;14:55:00;178;17.89;367
E4S 56,780;20220910;14:55:00;15:00:00;179;18.16;341
E4S 56,780;20220910;15:00:00;15:05:00;180;18.16;344
E4S 56,780;20220910;15:05:00;15:10:00;181;18.26;337
E4S 56,780;20220910;15:10:00;15:15:00;182;18.18;334
E4S 56,780;20220910;15:15:00;15:20:00;183;18.66;324
E4S 56,780;20220910;15:20:00;15:25:00;184;18.47;302
E4S 56,780;20220910;15:25:00;15:30:00;185;17.59;315
E4S 56,780;20220910;15:30:00;15:35:00;186;18.12;330
E4S 56,780;20220910;15:35:00;15:40:00;187;18.59;292
E4S 56,780;20220910;15:40:00;15:45:00;188;18.83;273
E4S 56,780;20220910;15:45:00;15:50:00;189;18.49;327
E4S 56,780;20220910;15:50:00;15:55:00;190;18.48;330
E4S 56,780;20220910;15:55:00;16:00:00;191;18.99;275
E4S 56,780;20220910;16:00:00;16:05:00;192;18.81;288
E4S 56,780;20220910;16:05:00;16:10:00;193;18.10;275
E4S 56,780;20220910;16:10:00;16:15:00;194;18.36;280
E4S 56,780;20220910;16:15:00;16:20:00;195;18.54;274
E4S 56,780;20220910;16:20:00;16:25:00;196;18.48;293
E4S 56,780;20220910;16:25:00;16:30:00;197;18.23;301
E4S 56,780;20220910;16:30:00;16:35:00;198;18.75;262
E4S 56,780;20220910;16:35:00;16:40:00;199;18.81;244
E4S 56,780;20220910;16:40:00;16:45:00;200;18.78;267
E4S 56,780;20220910;16:45:00;16:50:00;201;18.63;261
E4S 56,780;20220910;16:50:00;16:55:00;202;19.17;253
E4S 56,780;20220910;16:55:00;17:00:00;203;19.15;257
E4S 56,780;20220910;17:00:00;17:05:00;204;19.41;244
E4S 56,780;20220910;17:05:00;17:10:00;205;19.59;221
E4S 56,780;20220910;17:10:00;17:15:00;206;19.50;225
E4S 56,780;20220910;17:15:00;17:20:00;207;19.44;233
E4S 56,780;20220910;17:20:00;17:25:00;208;18.85;217
E4S 56,780;20220910;17:25:00;17:30:00;209;18.88;241
E4S 56,780;20220910;17:30:00;17:35:00;210;19.36;240
E4S 56,780;20220910;17:35:00;17:40:00;211;18.95;202
E4S 56,780;20220910;17:40:00;17:45:00;212;19.24;209
E4S 56,780;20220910;17:45:00;17:50:00;213;18.35;225
E4S 56,780;20220910;17:50:00;17:55:00;214;18.61;195
E4S 56,780;20220910;17:55:00;18:00:00;215;19.23;216
E4S 56,780;20220910;18:00:00;18:05:00;216;18.82;196
E4S 56,780;20220910;18:05:00;18:10:00;217;18.79;215
E4S 56,780;20220910;18:10:00;18:15:00;218;19.50;194
E4S 56,780;20220910;18:15:00;18:20:00;219;19.28;181
E4S 56,780;20220910;18:20:00;18:25:00;220;18.81;215
E4S 56,780;20220910;18:25:00;18:30:00;221;19.22;181
E4S 56,780;20220910;18:30:00;18:35:00;222;18.98;208
E4S 56,780;20220910;18:35:00;18:40:00;223;19.13;171
E4S 56,780;20220910;18:40:00;18:45:00;224;19.59;191
E4S 56,780;20220910;18:45:00;18:50:00;225;19.02;159
E4S 56,780;20220910;18:50:00;18:55:00;226;20.15;140
E4S 56,780;20220910;18:55:00;19:00:00;227;19.78;150
E4S 56,780;20220910;19:00:00;19:05:00;228;18.61;161
E4S 56,780;20220910;19:05:00;19:10:00;229;19.55;182
E4S 56,780;20220910;19:10:00;19:15:00;230;19.16;175
E4S 56,780;20220910;19:15:00;19:20:00;231;19.55;162
E4S 56,780;20220910;19:20:00;19:25:00;232;19.13;156
E4S 56,780;20220910;19:25:00;19:30:00;233;19.57;131
E4S 56,780;20220910;19:30:00;19:35:00;234;19.22;159
E4S 56,780;20220910;19:35:00;19:40:00;235;19.68;150
E4S 56,780;20220910;19:40:00;19:45:00;236;19.74;154
E4S 56,780;20220910;19:45:00;19:50:00;237;19.78;133
E4S 56,780;20220910;19:50:00;19:55:00;238;19.58;151
E4S 56,780;20220910;19:55:00;20:00:00;239;19.99;95
E4S 56,780;20220910;20:00:00;20:05:00;240;19.52;126
E4S 56,780;20220910;20:05:00;20:10:00;241;19.98;126
E4S 56,780;20220910;20:10:00;20:15:00;242;19.50;119
E4S 56,780;20220910;20:15:00;20:20:00;243;19.96;115
E4S 56,780;20220910;20:20:00;20:25:00;244;20.21;134
E4S 56,780;20220910;20:25:00;20:30:00;245;19.45;106
E4S 56,780;20220910;20:30:00;20:35:00;246;19.25;123
E4S 56,780;20220910;20:35:00;20:40:00;247;19.60;113
E4S 56,780;20220910;20:40:00;20:45:00;248;19.74;120
E4S 56,780;20220910;20:45:00;20:50:00;249;19.69;115
E4S 56,780;20220910;20:50:00;20:55:00;250;20.56;94
E4S 56,780;20220910;20:55:00;21:00:00;251;20.22;110
E4S 56,780;20220910;21:00:00;21:05:00;252;19.63;90
E4S 56,780;20220910;21:05:00;21:10:00;253;19.60;115
E4S 56,780;20220910;21:10:00;21:15:00;254;19.71;111
E4S 56,780;20220910;21:15:00;21:20:00;255;19.80;94
E4S 56,780;20220910;21:20:00;21:25:00;256;20.62;96
E4S 56,780;20220910;21:25:00;21:30:00;257;19.72;79
E4S 56,780;20220910;21:30:00;21:35:00;258;20.31;91
E4S 56,780;20220910;21:35:00;21:40:00;259;20.83;79
E4S 56,780;20220910;21:40:00;21:45:00;260;19.92;83
E4S 56,780;20220910;21:45:00;21:50:00;261;20.59;91
E4S 56,780;20220910;21:50:00;21:55:00;262;19.76;92
E4S 56,780;20220910;21:55:00;22:00:00;263;19.69;84
E4S 56,780;20220910;22:00:00;22:05:00;264;20.74;71
E4S 56,780;20220910;22:05:00;22:10:00;265;19.34;88
E4S 56,780;20220910;22:10:00;22:15:00;266;20.12;86
E4S 56,780;20220910;22:15:00;22:20:00;267;20.16;103
E4S 56,780;20220910;22:20:00;22:25:00;268;20.63;87
E4S 56,780;20220910;22:25:00;22:30:00;269;20.45;87
E4S 56,780;20220910;22:30:00;22:35:00;270;20.60;81
E4S 56,780;20220910;22:35:00;22:40:00;271;20.11;79
E4S 56,780;20220910;22:40:00;22:45:00;272;19.95;70
E4S 56,780;20220910;22:45:00;22:50:00;273;20.53;80
E4S 56,780;20220910;22:50:00;22:55:00;274;21.09;66
E4S 56,780;20220910;22:55:00;23:00:00;275;19.85;70
E4S 56,780;20220910;23:00:00;23:05:00;276;20.16;76
E4S 56,780;20220910;23:05:00;23:10:00;277;19.42;54
E4S 56,780;20220910;23:10:00;23:15:00;278;20.17;60
E4S 56,780;20220910;23:15:00;23:20:00;279;20.14;75
E4S 56,780;20220910;23:20:00;23:25:00;280;20.70;68
E4S 56,780;20220910;23:25:00;23:30:00;281;19.77;64
E4S 56,780;20220910;23:30:00;23:35:00;282;20.28;66
E4S 56,780;20220910;23:35:00;23:40:00;283;20.51;73
E4S 56,780;20220910;23:40:00;23:45:00;284;20.75;61
E4S 56,780;20220910;23:45:00;23:50:00;285;20.35;54
E4S 56,780;20220910;23:50:00;23:55:00;286;20.18;40
E4S 56,780;20220910;23:55:00;24:00:00;287;20.40;47
E4S 56,780;20220911;00:00:00;00:05:00;0;20.05;34
E4S 56,780;20220911;00:05:00;00:10:00;1;20.62;55
E4S 56,780;20220911;00:10:00;00:15:00;2;21.57;44
E4S 56,780;20220911;00:15:00;00:20:00;3;20.41;49
E4S 56,780;20220911;00:20:00;00:25:00;4;20.32;55
E4S 56,780;20220911;00:25:00;00:30:00;5;19.94;42
E4S 56,780;20220911;00:30:00;00:35:00;6;20.27;45
E4S 56,780;20220911;00:35:00;00:40:00;7;20.82;45
E4S 56,780;20220911;00:40:00;00:45:00;8;20.13;43
E4S 56,780;20220911;00:45:00;00:50:00;9;20.23;51
E4S 56,780;20220911;00:50:00;00:55:00;10;20.02;24
E4S 56,780;20220911;00:55:00;01:00:00;11;20.70;27
E4S 56,780;20220911;01:00:00;01:05:00;12;20.73;30
E4S 56,780;20220911;01:05:00;01:10:00;13;20.34;41
E4S 56,780;20220911;01:10:00;01:15:00;14;19.87;25
E4S 56,780;20220911;01:15:00;01:20:00;15;20.74;42
E4S 56,780;20220911;01:20:00;01:25:00;16;20.12;35
E4S 56,780;20220911;01:25:00;01:30:00;17;20.91;34
E4S 56,780;20220911;01:30:00;01:35:00;18;19.76;33
E4S 56,780;20220911;01:35:00;01:40:00;19;20.63;20
E4S 56,780;20220911;01:40:00;01:45:00;20;20.90;16
E4S 56,780;20220911;01:45:00;01:50:00;21;21.46;30
E4S 56,780;20220911;01:50:00;01:55:00;22;21.25;38
E4S 56,780;20220911;01:55:00;02:00:00;23;20.04;37
E4S 56,780;20220911;02:00:00;02:05:00;24;20.63;25
E4S 56,780;20220911;02:05:00;02:10:00;25;21.30;31
E4S 56,780;20220911;02:10:00;02:15:00;26;20.27;29
E4S 56,780;20220911;02:15:00;02:20:00;27;20.48;28
E4S 56,780;20220911;02:20:00;02:25:00;28;19.92;25
E4S 56,780;20220911;02:25:00;02:30:00;29;20.01;27
E4S 56,780;20220911;02:30:00;02:35:00;30;20.95;29
E4S 56,780;20220911;02:35:00;02:40:00;31;20.46;31
E4S 56,780;20220911;02:40:00;02:45:00;32;21.04;30
E4S 56,780;20220911;02:45:00;02:50:00;33;22.17;25
E4S 56,780;20220911;02:50:00;02:55:00;34;20.88;16
E4S 56,780;20220911;02:55:00;03:00:00;35;21.21;22
E4S 56,780;20220911;03:00:00;03:05:00;36;21.08;23
E4S 56,780;20220911;03:05:00;03:10:00;37;20.87;25
E4S 56,780;20220911;03:10:00;03:15:00;38;22.10;23
E4S 56,780;20220911;03:15:00;03:20:00;39;20.72;21
E4S 56,780;20220911;03:20:00;03:25:00;40;21.03;27
E4S 56,780;20220911;03:25:00;03:30:00;41;21.26;29
E4S 56,780;20220911;03:30:00;03:35:00;42;20.91;32
E4S 56,780;20220911;03:35:00;03:40:00;43;20.99;32
E4S 56,780;20220911;03:40:00;03:45:00;44;21.67;23
E4S 56,780;20220911;03:45:00;03:50:00;45;21.00;23
E4S 56,780;20220911;03:50:00;03:55:00;46;21.64;32
E4S 56,780;20220911;03:55:00;04:00:00;47;21.57;25
E4S 56,780;20220911;04:00:00;04:05:00;48;21.61;34
E4S 56,780;20220911;04:05:00;04:10:00;49;20.58;37
E4S 56,780;20220911;04:10:00;04:15:00;50;20.59;27
E4S 56,780;20220911;04:15:00;04:20:00;51;20.42;44
E4S 56,780;20220911;04:20:00;04:25:00;52;21.24;38
E4S 56,780;20220911;04:25:00;04:30:00;53;21.29;68
E4S 56,780;20220911;04:30:00;04:35:00;54;20.13;37
E4S 56,780;20220911;04:35:00;04:40:00;55;20.86;41
E4S 56,780;20220911;04:40:00;04:45:00;56;22.04;47
E4S 56,780;20220911;04:45:00;04:50:00;57;22.14;43
E4S 56,780;20220911;04:50:00;04:55:00;58;21.88;34
E4S 56,780;20220911;04:55:00;05:00:00;59;21.62;45
E4S 56,780;20220911;05:00:00;05:05:00;60;22.04;33
E4S 56,780;20220911;05:05:00;05:10:00;61;22.05;51
E4S 56,780;20220911;05:10:00;05:15:00;62;22.39;56
E4S 56,780;20220911;05:15:00;05:20:00;63;21.43;45
E4S 56,780;20220911;05:20:00;05:25:00;64;21.57;65
E4S 56,780;20220911;05:25:00;05:30:00;65;21.22;52
E4S 56,780;20220911;05:30:00;05:35:00;66;21.19;83
E4S 56,780;20220911;05:35:00;05:40:00;67;21.31;88
E4S 56,780;20220911;05:40:00;05:45:00;68;21.27;59
E4S 56,780;20220911;05:45:00;05:50:00;69;21.94;74
E4S 56,780;20220911;05:50:00;05:55:00;70;22.36;66
E4S 56,780;20220911;05:55:00;06:00:00;71;20.73;84
E4S 56,780;20220911;06:00:00;06:05:00;72;21.92;72
E4S 56,780;20220911;06:05:00;06:10:00;73;21.14;65
E4S 56,780;20220911;06:10:00;06:15:00;74;22.08;81
E4S 56,780;20220911;06:15:00;06:20:00;75;21.05;70
E4S 56,780;20220911;06:20:00;06:25:00;76;21.15;103
E4S 56,780;20220911;06:25:00;06:30:00;77;20.93;90
E4S 56,780;20220911;06:30:00;06:35:00;78;20.75;80
E4S 56,780;20220911;06:35:00;06:40:00;79;21.10;88
E4S 56,780;20220911;06:40:00;06:45:00;80;20.46;93
E4S 56,780;20220911;06:45:00;06:50:00;81;20.88;93
E4S 56,780;20220911;06:50:00;06:55:00;82;21.03;119
E4S 56,780;20220911;06:55:00;07:00:00;83;20.92;119
E4S 56,780;20220911;07:00:00;07:05:00;84;20.51;111
E4S 56,780;20220911;07:05:00;07:10:00;85;21.09;112
E4S 56,780;20220911;07:10:00;07:15:00;86;20.03;130
E4S 56,780;20220911;07:15:00;07:20:00;87;20.60;120
E4S 56,780;20220911;07:20:00;07:25:00;88;20.61;137
E4S 56,780;20220911;07:25:00;07:30:00;89;20.86;127
E4S 56,780;20220911;07:30:00;07:35:00;90;20.46;131
E4S 56,780;20220911;07:35:00;07:40:00;91;19.98;159
E4S 56,780;20220911;07:40:00;07:45:00;92;20.48;164
E4S 56,780;20220911;07:45:00;07:50:00;93;20.79;143
E4S 56,780;20220911;07:50:00;07:55:00;94;20.73;122
E4S 56,780;20220911;07:55:00;08:00:00;95;20.90;134
E4S 56,780;20220911;08:00:00;08:05:00;96;20.57;162
E4S 56,780;20220911;08:05:00;08:10:00;97;20.32;183
E4S 56,780;20220911;08:10:00;08:15:00;98;19.94;192
E4S 56,780;20220911;08:15:00;08:20:00;99;19.61;181
E4S 56,780;20220911;08:20:00;08:25:00;100;19.42;209
E4S 56,780;20220911;08:25:00;08:30:00;101;19.96;193
E4S 56,780;20220911;08:30:00;08:35:00;102;19.62;218
E4S 56,780;20220911;08:35:00;08:40:00;103;19.70;219
E4S 56,780;20220911;08:40:00;08:45:00;104;19.67;220
E4S 56,780;20220911;08:45:00;08:50:00;105;19.45;219
E4S 56,780;20220911;08:50:00;08:55:00;106;19.77;209
E4S 56,780;20220911;08:55:00;09:00:00;107;19.51;244
E4S 56,780;20220911;09:00:00;09:05:00;108;19.25;214
E4S 56,780;20220911;09:05:00;09:10:00;109;19.48;192
E4S 56,780;20220911;09:10:00;09:15:00;110;19.62;233
E4S 56,780;20220911;09:15:00;09:20:00;111;19.39;225
E4S 56,780;20220911;09:20:00;09:25:00;112;20.01;222
E4S 56,780;20220911;09:25:00;09:30:00;113;19.50;243
E4S 56,780;20220911;09:30:00;09:35:00;114;18.97;277
E4S 56,780;20220911;09:35:00;09:40:00;115;19.18;276
E4S 56,780;20220911;09:40:00;09:45:00;116;19.18;241
E4S 56,780;20220911;09:45:00;09:50:00;117;19.30;257
E4S 56,780;20220911;09:50:00;09:55:00;118;19.13;255
E4S 56,780;20220911;09:55:00;10:00:00;119;19.27;275
E4S 56,780;20220911;10:00:00;10:05:00;120;18.77;241
E4S 56,780;20220911;10:05:00;10:10:00;121;19.25;264
E4S 56,780;20220911;10:10:00;10:15:00;122;19.20;242
E4S 56,780;20220911;10:15:00;10:20:00;123;18.99;242
E4S 56,780;20220911;10:20:00;10:25:00;124;18.60;312
E4S 56,780;20220911;10:25:00;10:30:00;125;18.46;319
E4S 56,780;20220911;10:30:00;10:35:00;126;17.91;317
E4S 56,780;20220911;10:35:00;10:40:00;127;18.58;276
E4S 56,780;20220911;10:40:00;10:45:00;128;18.99;283
E4S 56,780;20220911;10:45:00;10:50:00;129;18.58;325
E4S 56,780;20220911;10:50:00;10:55:00;130;18.92;277
E4S 56,780;20220911;10:55:00;11:00:00;131;18.16;314
E4S 56,780;20220911;11:00:00;11:05:00;132;18.71;299
E4S 56,780;20220911;11:05:00;11:10:00;133;18.56;309
E4S 56,780;20220911;11:10:00;11:15:00;134;18.64;311
E4S 56,780;20220911;11:15:00;11:20:00;135;18.33;344
E4S 56,780;20220911;11:20:00;11:25:00;136;18.68;319
E4S 56,780;20220911;11:25:00;11:30:00;137;18.64;340
E4S 56,780;20220911;11:30:00;11:35:00;138;18.16;356
E4S 56,780;20220911;11:35:00;11:40:00;139;17.70;364
E4S 56,780;20220911;11:40:00;11:45:00;140;18.09;356
E4S 56,780;20220911;11:45:00;11:50:00;141;18.35;330
E4S 56,780;20220911;11:50:00;11:55:00;142;18.63;342
E4S 56,780;20220911;11:55:00;12:00:00;143;18.65;320
E4S 56,780;20220911;12:00:00;12:05:00;144;18.74;330
E4S 56,780;20220911;12:05:00;12:10:00;145;18.25;378
E4S 56,780;20220911;12:10:00;12:15:00;146;18.32;345
E4S 56,780;20220911;12:15:00;12:20:00;147;18.24;397
E4S 56,780;20220911;12:20:00;12:25:00;148;18.39;341
E4S 56,780;20220911;12:25:00;12:30:00;149;18.09;341
E4S 56,780;20220911;12:30:00;12:35:00;150;18.55;356
E4S 56,780;20220911;12:35:00;12:40:00;151;18.06;381
E4S 56,780;20220911;12:40:00;12:45:00;152;18.01;340
E4S 56,780;20220911;12:45:00;12:50:00;153;18.38;350
E4S 56,780;20220911;12:50:00;12:55:00;154;17.86;337
E4S 56,780;20220911;12:55:00;13:00:00;155;18.13;372
E4S 56,780;20220911;13:00:00;13:05:00;156;18.87;324
E4S 56,780;20220911;13:05:00;13:10:00;157;18.74;332
E4S 56,780;20220911;13:10:00;13:15:00;158;18.42;336
E4S 56,780;20220911;13:15:00;13:20:00;159;17.58;363
E4S 56,780;20220911;13:20:00;13:25:00;160;18.54;327
E4S 56,780;20220911;13:25:00;13:30:00;161;17.67;394
E4S 56,780;20220911;13:30:00;13:35:00;162;18.28;337
E4S 56,780;20220911;13:35:00;13:40:00;163;18.17;350
E4S 56,780;20220911;13:40:00;13:45:00;164;18.04;325
E4S 56,780;20220911;13:45:00;13:50:00;165;18.56;326
E4S 56,780;20220911;13:50:00;13:55:00;166;17.99;338
E4S 56,780;20220911;13:55:00;14:00:00;167;18.82;306
E4S 56,780;20220911;14:00:00;14:05:00;168;18.72;354
E4S 56,780;20220911;14:05:00;14:10:00;169;18.57;324
E4S 56,780;20220911;14:10:00;14:15:00;170;18.56;318
E4S 56,780;20220911;14:15:00;14:20:00;171;17.97;343
E4S 56,780;20220911;14:20:00;14:25:00;172;18.41;326
E4S 56,780;20220911;14:25:00;14:30:00;173;18.27;310
E4S 56,780;20220911;14:30:00;14:35:00;174;18.38;344
E4S 56,780;20220911;14:35:00;14:40:00;175;18.10;373
E4S 56,780;20220911;14:40:00;14:45:00;176;17.58;370
E4S 56,780;20220911;14:45:00;14:50:00;177;18.34;365
E4S 56,780;20220911;14:50:00;14:55:00;178;18.16;341
E4S 56,780;20220911;14:55:00;15:00:00;179;18.14;322
E4S 56,780;20220911;15:00:00;15:05:00;180;18.14;318
E4S 56,780;20220911;15:05:00;15:10:00;181;18.39;353
E4S 56,780;20220911;15:10:00;15:15:00;182;18.64;329
E4S 56,780;20220911;15:15:00;15:20:00;183;18.34;332
E4S 56,780;20220911;15:20:00;15:25:00;184;18.29;291
E4S 56,780;20220911;15:25:00;15:30:00;185;18.29;355
E4S 56,780;20220911;15:30:00;15:35:00;186;18.54;339
E4S 56,780;20220911;15:35:00;15:40:00;187;18.29;325
E4S 56,780;20220911;15:40:00;15:45:00;188;18.50;305
E4S 56,780;20220911;15:45:00;15:50:00;189;18.73;295
E4S 56,780;20220911;15:50:00;15:55:00;190;18.96;294
E4S 56,780;20220911;15:55:00;16:00:00;191;18.26;285
E4S 56,780;20220911;16:00:00;16:05:00;192;18.61;307
E4S 56,780;20220911;16:05:00;16:10:00;193;18.80;298
E4S 56,780;20220911;16:10:00;16:15:00;194;18.63;293
E4S 56,780;20220911;16:15:00;16:20:00;195;18.67;313
E4S 56,780;20220911;16:20:00;16:25:00;196;18.44;324
E4S 56,780;20220911;16:25:00;16:30:00;197;18.96;322
E4S 56,780;20220911;16:30:00;16:35:00;198;18.36;307
E4S 56,780;20220911;16:35:00;16:40:00;199;18.72;280
E4S 56,780;20220911;16:40:00;16:45:00;200;17.61;303
E4S 56,780;20220911;16:45:00;16:50:00;201;17.51;290
E4S 56,780;20220911;16:50:00;16:55:00;202;18.44;326
E4S 56,780;20220911;16:55:00;17:00:00;203;17.61;332
E4S 56,780;20220911;17:00:00;17:05:00;204;18.21;266
E4S 56,780;20220911;17:05:00;17:10:00;205;17.36;269
E4S 56,780;20220911;17:10:00;17:15:00;206;16.79;269
E4S 56,780;20220911;17:15:00;17:20:00;207;14.27;262
E4S 56,780;20220911;17:20:00;17:25:00;208;13.15;283
E4S 56,780;20220911;17:25:00;17:30:00;209;14.65;292
E4S 56,780;20220911;17:30:00;17:35:00;210;19.34;237
E4S 56,780;20220911;17:35:00;17:40:00;211;19.21;254
E4S 56,780;20220911;17:40:00;17:45:00;212;19.11;219
E4S 56,780;20220911;17:45:00;17:50:00;213;18.53;226
E4S 56,780;20220911;17:50:00;17:55:00;214;19.48;246
E4S 56,780;20220911;17:55:00;18:00:00;215;18.74;217
E4S 56,780;20220911;18:00:00;18:05:00;216;18.53;249
E4S 56,780;20220911;18:05:00;18:10:00;217;19.13;201
E4S 56,780;20220911;18:10:00;18:15:00;218;18.86;194
E4S 56,780;20220911;18:15:00;18:20:00;219;18.74;220
E4S 56,780;20220911;18:20:00;18:25:00;220;19.15;198
E4S 56,780;20220911;18:25:00;18:30:00;221;19.44;195
E4S 56,780;20220911;18:30:00;18:35:00;222;19.00;198
E4S 56,780;20220911;18:35:00;18:40:00;223;18.79;213
E4S 56,780;20220911;18:40:00;18:45:00;224;19.30;165
E4S 56,780;20220911;18:45:00;18:50:00;225;19.74;168
E4S 56,780;20220911;18:50:00;18:55:00;226;19.42;148
E4S 56,780;20220911;18:55:00;19:00:00;227;19.31;178
E4S 56,780;20220911;19:00:00;19:05:00;228;19.41;166
E4S 56,780;20220911;19:05:00;19:10:00;229;20.64;145
E4S 56,780;20220911;19:10:00;19:15:00;230;19.78;162
E4S 56,780;20220911;19:15:00;19:20:00;231;19.79;162
E4S 56,780;20220911;19:20:00;19:25:00;232;19.94;154
E4S 56,780;20220911;19:25:00;19:30:00;233;19.37;147
E4S 56,780;20220911;19:30:00;19:35:00;234;19.59;159
E4S 56,780;20220911;19:35:00;19:40:00;235;19.51;148
E4S 56,780;20220911;19:40:00;19:45:00;236;20.03;131
E4S 56,780;20220911;19:45:00;19:50:00;237;19.75;149
E4S 56,780;20220911;19:50:00;19:55:00;238;20.26;114
E4S 56,780;20220911;19:55:00;20:00:00;239;19.92;107
E4S 56,780;20220911;20:00:00;20:05:00;240;20.22;123
E4S 56,780;20220911;20:05:00;20:10:00;241;19.56;105
E4S 56,780;20220911;20:10:00;20:15:00;242;20.12;110
E4S 56,780;20220911;20:15:00;20:20:00;243;20.27;126
E4S 56,780;20220911;20:20:00;20:25:00;244;20.07;98
E4S 56,780;20220911;20:25:00;20:30:00;245;20.43;79
E4S 56,780;20220911;20:30:00;20:35:00;246;20.02;81
E4S 56,780;20220911;20:35:00;20:40:00;247;20.37;90
E4S 56,780;20220911;20:40:00;20:45:00;248;20.04;80
E4S 56,780;20220911;20:45:00;20:50:00;249;19.48;90
E4S 56,780;20220911;20:50:00;20:55:00;250;19.81;70
E4S 56,780;20220911;20:55:00;21:00:00;251;20.36;64
E4S 56,780;20220911;21:00:00;21:05:00;252;20.57;62
E4S 56,780;20220911;21:05:00;21:10:00;253;19.88;65
E4S 56,780;20220911;21:10:00;21:15:00;254;19.74;67
E4S 56,780;20220911;21:15:00;21:20:00;255;20.52;66
E4S 56,780;20220911;21:20:00;21:25:00;256;19.97;69
E4S 56,780;20220911;21:25:00;21:30:00;257;21.45;59
E4S 56,780;20220911;21:30:00;21:35:00;258;21.41;72
E4S 56,780;20220911;21:35:00;21:40:00;259;20.71;57
E4S 56,780;20220911;21:40:00;21:45:00;260;19.98;65
E4S 56,780;20220911;21:45:00;21:50:00;261;20.21;71
E4S 56,780;20220911;21:50:00;21:55:00;262;19.69;38
E4S 56,780;20220911;21:55:00;22:00:00;263;21.06;50
E4S 56,780;20220911;22:00:00;22:05:00;264;20.57;45
E4S 56,780;20220911;22:05:00;22:10:00;265;21.36;53
E4S 56,780;20220911;22:10:00;22:15:00;266;19.23;43
E4S 56,780;20220911;22:15:00;22:20:00;267;20.47;31
E4S 56,780;20220911;22:20:00;22:25:00;268;20.43;41
E4S 56,780;20220911;22:25:00;22:30:00;269;20.69;43
E4S 56,780;20220911;22:30:00;22:35:00;270;19.01;50
E4S 56,780;20220911;22:35:00;22:40:00;271;20.51;54
E4S 56,780;20220911;22:40:00;22:45:00;272;20.59;51
E4S 56,780;20220911;22:45:00;22:50:00;273;20.60;43
E4S 56,780;20220911;22:50:00;22:55:00;274;20.80;34
E4S 56,780;20220911;22:55:00;23:00:00;275;21.16;27
E4S 56,780;20220911;23:00:00;23:05:00;276;20.80;44
E4S 56,780;20220911;23:05:00;23:10:00;277;20.71;51
E4S 56,780;20220911;23:10:00;23:15:00;278;21.79;35
E4S 56,780;20220911;23:15:00;23:20:00;279;20.03;29
E4S 56,780;20220911;23:20:00;23:25:00;280;20.34;35
E4S 56,780;20220911;23:25:00;23:30:00;281;21.11;34
E4S 56,780;20220911;23:30:00;23:35:00;282;21.36;47
E4S 56,780;20220911;23:35:00;23:40:00;283;21.22;33
E4S 56,780;20220911;23:40:00;23:45:00;284;20.40;45
E4S 56,780;20220911;23:45:00;23:50:00;285;20.41;35
E4S 56,780;20220911;23:50:00;23:55:00;286;21.26;43
E4S 56,780;20220911;23:55:00;24:00:00;287;20.33;43
E4S 56,780;20220920;00:00:00;00:05:00;0;19.80;30
E4S 56,780;20220920;00:05:00;00:10:00;1;20.54;21
E4S 56,780;20220920;00:10:00;00:15:00;2;19.84;25
E4S 56,780;20220920;00:15:00;00:20:00;3;20.10;26
E4S 56,780;20220920;00:20:00;00:25:00;4;20.44;14
E4S 56,780;20220920;00:25:00;00:30:00;5;21.17;18
E4S 56,780;20220920;00:30:00;00:35:00;6;20.35;17
E4S 56,780;20220920;00:35:00;00:40:00;7;20.06;21
E4S 56,780;20220920;00:40:00;00:45:00;8;19.86;20
E4S 56,780;20220920;00:45:00;00:50:00;9;21.44;13
E4S 56,780;20220920;00:50:00;00:55:00;10;20.84;16
E4S 56,780;20220920;00:55:00;01:00:00;11;20.40;19
E4S 56,780;20220920;01:00:00;01:05:00;12;21.98;13
E4S 56,780;20220920;01:05:00;01:10:00;13;20.13;12
E4S 56,780;20220920;01:10:00;01:15:00;14;20.50;19
E4S 56,780;20220920;01:15:00;01:20:00;15;21.36;15
E4S 56,780;20220920;01:20:00;01:25:00;16;19.84;17
E4S 56,780;20220920;01:25:00;01:30:00;17;21.33;15
E4S 56,780;20220920;01:30:00;01:35:00;18;19.96;13
E4S 56,780;20220920;01:35:00;01:40:00;19;20.32;14
E4S 56,780;20220920;01:40:00;01:45:00;20;22.86;11
E4S 56,780;20220920;01:45:00;01:50:00;21;20.40;20
E4S 56,780;20220920;01:50:00;01:55:00;22;20.29;16
E4S 56,780;20220920;01:55:00;02:00:00;23;19.59;22
E4S 56,780;20220920;02:00:00;02:05:00;24;19.90;18
E4S 56,780;20220920;02:05:00;02:10:00;25;23.44;24
E4S 56,780;20220920;02:10:00;02:15:00;26;20.56;23
E4S 56,780;20220920;02:15:00;02:20:00;27;21.85;32
E4S 56,780;20220920;02:20:00;02:25:00;28;20.81;31
E4S 56,780;20220920;02:25:00;02:30:00;29;20.45;20
E4S 56,780;20220920;02:30:00;02:35:00;30;21.98;34
E4S 56,780;20220920;02:35:00;02:40:00;31;21.40;26
E4S 56,780;20220920;02:40:00;02:45:00;32;20.95;23
E4S 56,780;20220920;02:45:00;02:50:00;33;21.54;38
E4S 56,780;20220920;02:50:00;02:55:00;34;20.04;39
E4S 56,780;20220920;02:55:00;03:00:00;35;21.12;42
E4S 56,780;20220920;03:00:00;03:05:00;36;21.06;36
E4S 56,780;20220920;03:05:00;03:10:00;37;20.69;65
E4S 56,780;20220920;03:10:00;03:15:00;38;21.22;58
E4S 56,780;20220920;03:15:00;03:20:00;39;21.15;69
E4S 56,780;20220920;03:20:00;03:25:00;40;21.46;55
E4S 56,780;20220920;03:25:00;03:30:00;41;21.65;77
E4S 56,780;20220920;03:30:00;03:35:00;42;20.91;98
E4S 56,780;20220920;03:35:00;03:40:00;43;20.96;117
E4S 56,780;20220920;03:40:00;03:45:00;44;20.84;155
E4S 56,780;20220920;03:45:00;03:50:00;45;20.79;180
E4S 56,780;20220920;03:50:00;03:55:00;46;20.47;182
E4S 56,780;20220920;03:55:00;04:00:00;47;20.00;222
E4S 56,780;20220920;04:00:00;04:05:00;48;21.29;149
E4S 56,780;20220920;04:05:00;04:10:00;49;21.13;142
E4S 56,780;20220920;04:10:00;04:15:00;50;20.61;195
E4S 56,780;20220920;04:15:00;04:20:00;51;20.17;244
E4S 56,780;20220920;04:20:00;04:25:00;52;19.61;290
E4S 56,780;20220920;04:25:00;04:30:00;53;20.10;245
E4S 56,780;20220920;04:30:00;04:35:00;54;19.71;284
E4S 56,780;20220920;04:35:00;04:40:00;55;19.88;269
E4S 56,780;20220920;04:40:00;04:45:00;56;19.62;317
E4S 56,780;20220920;04:45:00;04:50:00;57;19.55;335
E4S 56,780;20220920;04:50:00;04:55:00;58;19.50;301
E4S 56,780;20220920;04:55:00;05:00:00;59;19.36;338
E4S 56,780;20220920;05:00:00;05:05:00;60;19.82;287
E4S 56,780;20220920;05:05:00;05:10:00;61;19.19;290
E4S 56,780;20220920;05:10:00;05:15:00;62;18.58;320
E4S 56,780;20220920;05:15:00;05:20:00;63;19.03;312
E4S 56,780;20220920;05:20:00;05:25:00;64;19.07;311
E4S 56,780;20220920;05:25:00;05:30:00;65;18.58;330
E4S 56,780;20220920;05:30:00;05:35:00;66;18.62;304
E4S 56,780;20220920;05:35:00;05:40:00;67;17.98;331
E4S 56,780;20220920;05:40:00;05:45:00;68;18.54;316
E4S 56,780;20220920;05:45:00;05:50:00;69;18.61;322
E4S 56,780;20220920;05:50:00;05:55:00;70;16.36;345
E4S 56,780;20220920;05:55:00;06:00:00;71;18.83;347
E4S 56,780;20220920;06:00:00;06:05:00;72;18.96;290
E4S 56,780;20220920;06:05:00;06:10:00;73;18.95;322
E4S 56,780;20220920;06:10:00;06:15:00;74;19.53;315
E4S 56,780;20220920;06:15:00;06:20:00;75;18.89;315
E4S 56,780;20220920;06:20:00;06:25:00;76;18.43;351
E4S 56,780;20220920;06:25:00;06:30:00;77;18.33;322
E4S 56,780;20220920;06:30:00;06:35:00;78;18.53;328
E4S 56,780;20220920;06:35:00;06:40:00;79;18.55;347
E4S 56,780;20220920;06:40:00;06:45:00;80;18.83;334
E4S 56,780;20220920;06:45:00;06:50:00;81;18.77;322
E4S 56,780;20220920;06:50:00;06:55:00;82;18.53;318
E4S 56,780;20220920;06:55:00;07:00:00;83;18.31;318
E4S 56,780;20220920;07:00:00;07:05:00;84;18.00;345
E4S 56,780;20220920;07:05:00;07:10:00;85;17.89;330
E4S 56,780;20220920;07:10:00;07:15:00;86;17.82;358
E4S 56,780;20220920;07:15:00;07:20:00;87;18.12;310
E4S 56,780;20220920;07:20:00;07:25:00;88;18.77;289
E4S 56,780;20220920;07:25:00;07:30:00;89;18.79;297
E4S 56,780;20220920;07:30:00;07:35:00;90;18.23;346
E4S 56,780;20220920;07:35:00;07:40:00;91;18.47;283
E4S 56,780;20220920;07:40:00;07:45:00;92;18.70;290
E4S 56,780;20220920;07:45:00;07:50:00;93;18.62;281
E4S 56,780;20220920;07:50:00;07:55:00;94;18.15;284
E4S 56,780;20220920;07:55:00;08:00:00;95;18.62;295
E4S 56,780;20220920;08:00:00;08:05:00;96;18.63;312
E4S 56,780;20220920;08:05:00;08:10:00;97;18.82;287
E4S 56,780;20220920;08:10:00;08:15:00;98;18.63;300
E4S 56,780;20220920;08:15:00;08:20:00;99;18.91;288
E4S 56,780;20220920;08:20:00;08:25:00;100;18.64;287
E4S 56,780;20220920;08:25:00;08:30:00;101;18.65;256
E4S 56,780;20220920;08:30:00;08:35:00;102;17.95;291
E4S 56,780;20220920;08:35:00;08:40:00;103;18.38;286
E4S 56,780;20220920;08:40:00;08:45:00;104;18.67;292
E4S 56,780;20220920;08:45:00;08:50:00;105;17.94;294
E4S 56,780;20220920;08:50:00;08:55:00;106;19.39;245
E4S 56,780;20220920;08:55:00;09:00:00;107;18.72;274
E4S 56,780;20220920;09:00:00;09:05:00;108;18.34;266
E4S 56,780;20220920;09:05:00;09:10:00;109;18.32;306
E4S 56,780;20220920;09:10:00;09:15:00;110;18.07;289
E4S 56,780;20220920;09:15:00;09:20:00;111;18.34;282
E4S 56,780;20220920;09:20:00;09:25:00;112;18.12;320
E4S 56,780;20220920;09:25:00;09:30:00;113;18.57;290
E4S 56,780;20220920;09:30:00;09:35:00;114;18.70;282
E4S 56,780;20220920;09:35:00;09:40:00;115;18.55;301
E4S 56,780;20220920;09:40:00;09:45:00;116;18.43;289
E4S 56,780;20220920;09:45:00;09:50:00;117;18.69;284
E4S 56,780;20220920;09:50:00;09:55:00;118;18.79;275
E4S 56,780;20220920;09:55:00;10:00:00;119;19.01;265
E4S 56,780;20220920;10:00:00;10:05:00;120;18.01;271
E4S 56,780;20220920;10:05:00;10:10:00;121;18.08;335
E4S 56,780;20220920;10:10:00;10:15:00;122;18.67;281
E4S 56,780;20220920;10:15:00;10:20:00;123;17.90;312
E4S 56,780;20220920;10:20:00;10:25:00;124;18.59;324
E4S 56,780;20220920;10:25:00;10:30:00;125;18.65;288
E4S 56,780;20220920;10:30:00;10:35:00;126;18.03;311
E4S 56,780;20220920;10:35:00;10:40:00;127;18.36;346
E4S 56,780;20220920;10:40:00;10:45:00;128;18.31;317
E4S 56,780;20220920;10:45:00;10:50:00;129;18.69;300
E4S 56,780;20220920;10:50:00;10:55:00;130;19.04;303
E4S 56,780;20220920;10:55:00;11:00:00;131;19.42;296
E4S 56,780;20220920;11:00:00;11:05:00;132;18.28;307
E4S 56,780;20220920;11:05:00;11:10:00;133;18.17;308
E4S 56,780;20220920;11:10:00;11:15:00;134;18.35;295
E4S 56,780;20220920;11:15:00;11:20:00;135;17.99;307
E4S 56,780;20220920;11:20:00;11:25:00;136;18.02;319
E4S 56,780;20220920;11:25:00;11:30:00;137;18.30;315
E4S 56,780;20220920;11:30:00;11:35:00;138;18.15;326
E4S 56,780;20220920;11:35:00;11:40:00;139;18.39;353
E4S 56,780;20220920;11:40:00;11:45:00;140;18.96;309
E4S 56,780;20220920;11:45:00;11:50:00;141;18.59;321
E4S 56,780;20220920;11:50:00;11:55:00;142;18.72;328
E4S 56,780;20220920;11:55:00;12:00:00;143;18.99;335
E4S 56,780;20220920;12:00:00;12:05:00;144;18.17;329
E4S 56,780;20220920;12:05:00;12:10:00;145;18.28;358
E4S 56,780;20220920;12:10:00;12:15:00;146;18.44;332
E4S 56,780;20220920;12:15:00;12:20:00;147;18.48;328
E4S 56,780;20220920;12:20:00;12:25:00;148;18.09;362
E4S 56,780;20220920;12:25:00;12:30:00;149;18.40;413
E4S 56,780;20220920;12:30:00;12:35:00;150;18.19;327
E4S 56,780;20220920;12:35:00;12:40:00;151;18.61;376
E4S 56,780;20220920;12:40:00;12:45:00;152;17.82;396
E4S 56,780;20220920;12:45:00;12:50:00;153;18.32;354
E4S 56,780;20220920;12:50:00;12:55:00;154;17.08;414
E4S 56,780;20220920;12:55:00;13:00:00;155;18.05;408
E4S 56,780;20220920;13:00:00;13:05:00;156;17.60;416
E4S 56,780;20220920;13:05:00;13:10:00;157;17.52;426
E4S 56,780;20220920;13:10:00;13:15:00;158;16.31;389
E4S 56,780;20220920;13:15:00;13:20:00;159;14.49;419
E4S 56,780;20220920;13:20:00;13:25:00;160;11.26;323
E4S 56,780;20220920;13:25:00;13:30:00;161;11.27;334
E4S 56,780;20220920;13:30:00;13:35:00;162;11.12;293
E4S 56,780;20220920;13:35:00;13:40:00;163;12.32;378
E4S 56,780;20220920;13:40:00;13:45:00;164;12.97;379
E4S 56,780;20220920;13:45:00;13:50:00;165;9.80;357
E4S 56,780;20220920;13:50:00;13:55:00;166;10.13;300
E4S 56,780;20220920;13:55:00;14:00:00;167;10.95;355
E4S 56,780;20220920;14:00:00;14:05:00;168;10.87;348
E4S 56,780;20220920;14:05:00;14:10:00;169;9.39;277
E4S 56,780;20220920;14:10:00;14:15:00;170;10.78;342
E4S 56,780;20220920;14:15:00;14:20:00;171;15.36;291
E4S 56,780;20220920;14:20:00;14:25:00;172;18.23;311
E4S 56,780;20220920;14:25:00;14:30:00;173;15.89;427
E4S 56,780;20220920;14:30:00;14:35:00;174;14.28;383
E4S 56,780;20220920;14:35:00;14:40:00;175;12.24;399
E4S 56,780;20220920;14:40:00;14:45:00;176;10.11;344
E4S 56,780;20220920;14:45:00;14:50:00;177;11.94;371
E4S 56,780;20220920;14:50:00;14:55:00;178;11.02;340
E4S 56,780;20220920;14:55:00;15:00:00;179;11.98;381
E4S 56,780;20220920;15:00:00;15:05:00;180;15.86;390
E4S 56,780;20220920;15:05:00;15:10:00;181;17.35;316
E4S 56,780;20220920;15:10:00;15:15:00;182;17.35;349
E4S 56,780;20220920;15:15:00;15:20:00;183;17.19;352
E4S 56,780;20220920;15:20:00;15:25:00;184;16.90;360
E4S 56,780;20220920;15:25:00;15:30:00;185;17.31;327
E4S 56,780;20220920;15:30:00;15:35:00;186;16.05;338
E4S 56,780;20220920;15:35:00;15:40:00;187;16.88;338
E4S 56,780;20220920;15:40:00;15:45:00;188;17.61;290
E4S 56,780;20220920;15:45:00;15:50:00;189;16.72;298
E4S 56,780;20220920;15:50:00;15:55:00;190;17.32;252
E4S 56,780;20220920;15:55:00;16:00:00;191;16.71;311
E4S 56,780;20220920;16:00:00;16:05:00;192;16.51;300
E4S 56,780;20220920;16:05:00;16:10:00;193;16.82;280
E4S 56,780;20220920;16:10:00;16:15:00;194;16.76;316
E4S 56,780;20220920;16:15:00;16:20:00;195;17.79;304
E4S 56,780;20220920;16:20:00;16:25:00;196;18.16;283
E4S 56,780;20220920;16:25:00;16:30:00;197;17.78;282
E4S 56,780;20220920;16:30:00;16:35:00;198;17.34;306
E4S 56,780;20220920;16:35:00;16:40:00;199;16.91;334
E4S 56,780;20220920;16:40:00;16:45:00;200;16.26;312
E4S 56,780;20220920;16:45:00;16:50:00;201;17.25;288
E4S 56,780;20220920;16:50:00;16:55:00;202;17.23;266
E4S 56,780;20220920;16:55:00;17:00:00;203;17.89;272
E4S 56,780;20220920;17:00:00;17:05:00;204;18.51;222
E4S 56,780;20220920;17:05:00;17:10:00;205;18.43;253
E4S 56,780;20220920;17:10:00;17:15:00;206;18.87;251
E4S 56,780;20220920;17:15:00;17:20:00;207;18.81;234
E4S 56,780;20220920;17:20:00;17:25:00;208;18.76;239
E4S 56,780;20220920;17:25:00;17:30:00;209;19.08;237
E4S 56,780;20220920;17:30:00;17:35:00;210;18.50;244
E4S 56,780;20220920;17:35:00;17:40:00;211;18.78;210
E4S 56,780;20220920;17:40:00;17:45:00;212;19.42;203
E4S 56,780;20220920;17:45:00;17:50:00;213;19.22;185
E4S 56,780;20220920;17:50:00;17:55:00;214;18.85;215
E4S 56,780;20220920;17:55:00;18:00:00;215;18.28;193
E4S 56,780;20220920;18:00:00;18:05:00;216;19.01;214
E4S 56,780;20220920;18:05:00;18:10:00;217;19.65;195
E4S 56,780;20220920;18:10:00;18:15:00;218;19.59;188
E4S 56,780;20220920;18:15:00;18:20:00;219;18.90;218
E4S 56,780;20220920;18:20:00;18:25:00;220;18.81;200
E4S 56,780;20220920;18:25:00;18:30:00;221;19.33;148
E4S 56,780;20220920;18:30:00;18:35:00;222;18.74;179
E4S 56,780;20220920;18:35:00;18:40:00;223;19.53;161
E4S 56,780;20220920;18:40:00;18:45:00;224;19.21;179
E4S 56,780;20220920;18:45:00;18:50:00;225;19.16;187
E4S 56,780;20220920;18:50:00;18:55:00;226;19.65;150
E4S 56,780;20220920;18:55:00;19:00:00;227;19.30;167
E4S 56,780;20220920;19:00:00;19:05:00;228;20.02;146
E4S 56,780;20220920;19:05:00;19:10:00;229;19.81;134
E4S 56,780;20220920;19:10:00;19:15:00;230;19.28;173
E4S 56,780;20220920;19:15:00;19:20:00;231;19.69;154
E4S 56,780;20220920;19:20:00;19:25:00;232;19.71;158
E4S 56,780;20220920;19:25:00;19:30:00;233;19.60;178
E4S 56,780;20220920;19:30:00;19:35:00;234;19.79;136
E4S 56,780;20220920;19:35:00;19:40:00;235;19.43;147
E4S 56,780;20220920;19:40:00;19:45:00;236;18.49;153
E4S 56,780;20220920;19:45:00;19:50:00;237;16.81;163
E4S 56,780;20220920;19:50:00;19:55:00;238;20.09;108
E4S 56,780;20220920;19:55:00;20:00:00;239;19.73;97
E4S 56,780;20220920;20:00:00;20:05:00;240;19.46;88
E4S 56,780;20220920;20:05:00;20:10:00;241;19.90;93
E4S 56,780;20220920;20:10:00;20:15:00;242;19.87;85
E4S 56,780;20220920;20:15:00;20:20:00;243;19.83;117
E4S 56,780;20220920;20:20:00;20:25:00;244;19.96;110
E4S 56,780;20220920;20:25:00;20:30:00;245;20.07;99
E4S 56,780;20220920;20:30:00;20:35:00;246;20.11;78
E4S 56,780;20220920;20:35:00;20:40:00;247;19.76;70
E4S 56,780;20220920;20:40:00;20:45:00;248;19.62;73
E4S 56,780;20220920;20:45:00;20:50:00;249;20.37;75
E4S 56,780;20220920;20:50:00;20:55:00;250;20.17;84
E4S 56,780;20220920;20:55:00;21:00:00;251;20.02;57
E4S 56,780;20220920;21:00:00;21:05:00;252;19.99;76
E4S 56,780;20220920;21:05:00;21:10:00;253;20.28;73
E4S 56,780;20220920;21:10:00;21:15:00;254;19.73;74
E4S 56,780;20220920;21:15:00;21:20:00;255;19.85;58
E4S 56,780;20220920;21:20:00;21:25:00;256;19.23;69
E4S 56,780;20220920;21:25:00;21:30:00;257;20.32;75
E4S 56,780;20220920;21:30:00;21:35:00;258;20.48;46
E4S 56,780;20220920;21:35:00;21:40:00;259;19.98;44
E4S 56,780;20220920;21:40:00;21:45:00;260;20.46;49
E4S 56,780;20220920;21:45:00;21:50:00;261;20.53;33
E4S 56,780;20220920;21:50:00;21:55:00;262;20.33;47
E4S 56,780;20220920;21:55:00;22:00:00;263;20.23;41
E4S 56,780;20220920;22:00:00;22:05:00;264;20.49;39
E4S 56,780;20220920;22:05:00;22:10:00;265;20.86;45
E4S 56,780;20220920;22:10:00;22:15:00;266;19.86;42
E4S 56,780;20220920;22:15:00;22:20:00;267;20.38;46
E4S 56,780;20220920;22:20:00;22:25:00;268;20.68;49
E4S 56,780;20220920;22:25:00;22:30:00;269;20.83;41
E4S 56,780;20220920;22:30:00;22:35:00;270;20.16;33
E4S 56,780;20220920;22:35:00;22:40:00;271;20.64;51
E4S 56,780;20220920;22:40:00;22:45:00;272;20.56;35
E4S 56,780;20220920;22:45:00;22:50:00;273;19.73;47
E4S 56,780;20220920;22:50:00;22:55:00;274;20.77;32
E4S 56,780;20220920;22:55:00;23:00:00;275;22.23;23
E4S 56,780;20220920;23:00:00;23:05:00;276;21.60;42
E4S 56,780;20220920;23:05:00;23:10:00;277;20.34;30
E4S 56,780;20220920;23:10:00;23:15:00;278;18.97;26
E4S 56,780;20220920;23:15:00;23:20:00;279;20.98;24
E4S 56,780;20220920;23:20:00;23:25:00;280;20.25;35
E4S 56,780;20220920;23:25:00;23:30:00;281;19.82;34
E4S 56,780;20220920;23:30:00;23:35:00;282;21.61;20
E4S 56,780;20220920;23:35:00;23:40:00;283;21.17;34
E4S 56,780;20220920;23:40:00;23:45:00;284;21.14;21
E4S 56,780;20220920;23:45:00;23:50:00;285;20.64;19
E4S 56,780;20220920;23:50:00;23:55:00;286;20.80;28
E4S 56,780;20220920;23:55:00;24:00:00;287;20.24;27
E4S 56,780;20220921;00:00:00;00:05:00;0;20.75;14
E4S 56,780;20220921;00:05:00;00:10:00;1;20.65;32
E4S 56,780;20220921;00:10:00;00:15:00;2;21.86;21
E4S 56,780;20220921;00:15:00;00:20:00;3;20.13;22
E4S 56,780;20220921;00:20:00;00:25:00;4;21.25;28
E4S 56,780;20220921;00:25:00;00:30:00;5;20.46;12
E4S 56,780;20220921;00:30:00;00:35:00;6;21.61;25
E4S 56,780;20220921;00:35:00;00:40:00;7;21.45;17
E4S 56,780;20220921;00:40:00;00:45:00;8;20.87;14
E4S 56,780;20220921;00:45:00;00:50:00;9;20.12;15
E4S 56,780;20220921;00:50:00;00:55:00;10;20.92;11
E4S 56,780;20220921;00:55:00;01:00:00;11;21.29;21
E4S 56,780;20220921;01:00:00;01:05:00;12;20.59;16
E4S 56,780;20220921;01:05:00;01:10:00;13;20.66;25
E4S 56,780;20220921;01:10:00;01:15:00;14;20.51;14
E4S 56,780;20220921;01:15:00;01:20:00;15;20.80;19
E4S 56,780;20220921;01:20:00;01:25:00;16;19.61;15
E4S 56,780;20220921;01:25:00;01:30:00;17;21.77;20
E4S 56,780;20220921;01:30:00;01:35:00;18;21.18;10
E4S 56,780;20220921;01:35:00;01:40:00;19;20.71;20
E4S 56,780;20220921;01:40:00;01:45:00;20;20.88;18
E4S 56,780;20220921;01:45:00;01:50:00;21;21.13;24
E4S 56,780;20220921;01:50:00;01:55:00;22;19.66;19
E4S 56,780;20220921;01:55:00;02:00:00;23;21.31;19
E4S 56,780;20220921;02:00:00;02:05:00;24;21.91;22
E4S 56,780;20220921;02:05:00;02:10:00;25;21.24;25
E4S 56,780;20220921;02:10:00;02:15:00;26;20.34;19
E4S 56,780;20220921;02:15:00;02:20:00;27;21.49;24
E4S 56,780;20220921;02:20:00;02:25:00;28;21.93;33
E4S 56,780;20220921;02:25:00;02:30:00;29;22.22;27
E4S 56,780;20220921;02:30:00;02:35:00;30;21.87;23
E4S 56,780;20220921;02:35:00;02:40:00;31;21.26;21
E4S 56,780;20220921;02:40:00;02:45:00;32;21.38;38
E4S 56,780;20220921;02:45:00;02:50:00;33;22.01;38
E4S 56,780;20220921;02:50:00;02:55:00;34;21.09;35
E4S 56,780;20220921;02:55:00;03:00:00;35;20.95;39
E4S 56,780;20220921;03:00:00;03:05:00;36;21.01;36
E4S 56,780;20220921;03:05:00;03:10:00;37;21.52;60
E4S 56,780;20220921;03:10:00;03:15:00;38;21.62;64
E4S 56,780;20220921;03:15:00;03:20:00;39;21.40;62
E4S 56,780;20220921;03:20:00;03:25:00;40;21.06;70
E4S 56,780;20220921;03:25:00;03:30:00;41;20.67;100
E4S 56,780;20220921;03:30:00;03:35:00;42;21.23;97
E4S 56,780;20220921;03:35:00;03:40:00;43;21.30;115
E4S 56,780;20220921;03:40:00;03:45:00;44;21.16;179
E4S 56,780;20220921;03:45:00;03:50:00;45;20.57;167
E4S 56,780;20220921;03:50:00;03:55:00;46;20.53;212
E4S 56,780;20220921;03:55:00;04:00:00;47;20.75;193
E4S 56,780;20220921;04:00:00;04:05:00;48;21.73;143
E4S 56,780;20220921;04:05:00;04:10:00;49;20.48;171
E4S 56,780;20220921;04:10:00;04:15:00;50;20.39;201
E4S 56,780;20220921;04:15:00;04:20:00;51;20.22;224
E4S 56,780;20220921;04:20:00;04:25:00;52;19.91;299
E4S 56,780;20220921;04:25:00;04:30:00;53;20.52;276
E4S 56,780;20220921;04:30:00;04:35:00;54;20.65;255
E4S 56,780;20220921;04:35:00;04:40:00;55;19.67;283
E4S 56,780;20220921;04:40:00;04:45:00;56;20.40;282
E4S 56,780;20220921;04:45:00;04:50:00;57;20.08;285
E4S 56,780;20220921;04:50:00;04:55:00;58;19.52;325
E4S 56,780;20220921;04:55:00;05:00:00;59;19.97;331
E4S 56,780;20220921;05:00:00;05:05:00;60;19.88;281
E4S 56,780;20220921;05:05:00;05:10:00;61;20.09;303
E4S 56,780;20220921;05:10:00;05:15:00;62;19.64;302
E4S 56,780;20220921;05:15:00;05:20:00;63;19.47;316
E4S 56,780;20220921;05:20:00;05:25:00;64;19.42;315
E4S 56,780;20220921;05:25:00;05:30:00;65;19.08;334
E4S 56,780;20220921;05:30:00;05:35:00;66;18.27;326
E4S 56,780;20220921;05:35:00;05:40:00;67;17.98;350
E4S 56,780;20220921;05:40:00;05:45:00;68;18.24;348
E4S 56,780;20220921;05:45:00;05:50:00;69;18.06;336
E4S 56,780;20220921;05:50:00;05:55:00;70;18.67;337
E4S 56,780;20220921;05:55:00;06:00:00;71;18.81;334
E4S 56,780;20220921;06:00:00;06:05:00;72;18.56;289
E4S 56,780;20220921;06:05:00;06:10:00;73;17.90;324
E4S 56,780;20220921;06:10:00;06:15:00;74;18.47;348
E4S 56,780;20220921;06:15:00;06:20:00;75;18.51;305
E4S 56,780;20220921;06:20:00;06:25:00;76;18.37;329
E4S 56,780;20220921;06:25:00;06:30:00;77;18.47;316
E4S 56,780;20220921;06:30:00;06:35:00;78;18.18;358
E4S 56,780;20220921;06:35:00;06:40:00;79;18.62;337
E4S 56,780;20220921;06:40:00;06:45:00;80;17.76;356
E4S 56,780;20220921;06:45:00;06:50:00;81;18.44;337
E4S 56,780;20220921;06:50:00;06:55:00;82;18.01;347
E4S 56,780;20220921;06:55:00;07:00:00;83;18.18;336
E4S 56,780;20220921;07:00:00;07:05:00;84;18.12;356
E4S 56,780;20220921;07:05:00;07:10:00;85;17.90;303
E4S 56,780;20220921;07:10:00;07:15:00;86;18.32;312
E4S 56,780;20220921;07:15:00;07:20:00;87;18.38;335
E4S 56,780;20220921;07:20:00;07:25:00;88;18.51;337
E4S 56,780;20220921;07:25:00;07:30:00;89;18.49;293
E4S 56,780;20220921;07:30:00;07:35:00;90;17.78;317
E4S 56,780;20220921;07:35:00;07:40:00;91;18.50;307
E4S 56,780;20220921;07:40:00;07:45:00;92;18.14;295
E4S 56,780;20220921;07:45:00;07:50:00;93;18.08;295
E4S 56,780;20220921;07:50:00;07:55:00;94;18.08;264
E4S 56,780;20220921;07:55:00;08:00:00;95;18.62;275
E4S 56,780;20220921;08:00:00;08:05:00;96;18.57;261
E4S 56,780;20220921;08:05:00;08:10:00;97;19.24;245
E4S 56,780;20220921;08:10:00;08:15:00;98;18.09;244
E4S 56,780;20220921;08:15:00;08:20:00;99;18.15;260
E4S 56,780;20220921;08:20:00;08:25:00;100;18.29;270
E4S 56,780;20220921;08:25:00;08:30:00;101;18.14;285
E4S 56,780;20220921;08:30:00;08:35:00;102;17.73;294
E4S 56,780;20220921;08:35:00;08:40:00;103;17.34;332
E4S 56,780;20220921;08:40:00;08:45:00;104;17.93;279
E4S 56,780;20220921;08:45:00;08:50:00;105;17.85;344
E4S 56,780;20220921;08:50:00;08:55:00;106;18.09;275
E4S 56,780;20220921;08:55:00;09:00:00;107;17.92;284
E4S 56,780;20220921;09:00:00;09:05:00;108;18.33;288
E4S 56,780;20220921;09:05:00;09:10:00;109;18.23;274
E4S 56,780;20220921;09:10:00;09:15:00;110;18.62;261
E4S 56,780;20220921;09:15:00;09:20:00;111;18.71;263
E4S 56,780;20220921;09:20:00;09:25:00;112;18.39;276
E4S 56,780;20220921;09:25:00;09:30:00;113;17.96;307
E4S 56,780;20220921;09:30:00;09:35:00;114;17.64;289
E4S 56,780;20220921;09:35:00;09:40:00;115;17.92;298
E4S 56,780;20220921;09:40:00;09:45:00;116;18.11;292
E4S 56,780;20220921;09:45:00;09:50:00;117;17.48;289
E4S 56,780;20220921;09:50:00;09:55:00;118;17.78;298
E4S 56,780;20220921;09:55:00;10:00:00;119;18.20;281
E4S 56,780;20220921;10:00:00;10:05:00;120;18.52;238
E4S 56,780;20220921;10:05:00;10:10:00;121;18.03;317
E4S 56,780;20220921;10:10:00;10:15:00;122;18.20;279
E4S 56,780;20220921;10:15:00;10:20:00;123;17.49;321
E4S 56,780;20220921;10:20:00;10:25:00;124;18.13;301
E4S 56,780;20220921;10:25:00;10:30:00;125;17.50;329
E4S 56,780;20220921;10:30:00;10:35:00;126;17.97;343
E4S 56,780;20220921;10:35:00;10:40:00;127;17.91;317
E4S 56,780;20220921;10:40:00;10:45:00;128;18.12;336
E4S 56,780;20220921;10:45:00;10:50:00;129;17.93;300
E4S 56,780;20220921;10:50:00;10:55:00;130;18.98;283
E4S 56,780;20220921;10:55:00;11:00:00;131;18.31;297
E4S 56,780;20220921;11:00:00;11:05:00;132;18.17;300
E4S 56,780;20220921;11:05:00;11:10:00;133;18.15;300
E4S 56,780;20220921;11:10:00;11:15:00;134;18.63;327
E4S 56,780;20220921;11:15:00;11:20:00;135;18.02;325
E4S 56,780;20220921;11:20:00;11:25:00;136;18.34;288
E4S 56,780;20220921;11:25:00;11:30:00;137;17.58;346
E4S 56,780;20220921;11:30:00;11:35:00;138;17.59;322
E4S 56,780;20220921;11:35:00;11:40:00;139;18.26;341
E4S 56,780;20220921;11:40:00;11:45:00;140;17.89;332
E4S 56,780;20220921;11:45:00;11:50:00;141;18.00;347
E4S 56,780;20220921;11:50:00;11:55:00;142;17.84;328
E4S 56,780;20220921;11:55:00;12:00:00;143;18.32;330
E4S 56,780;20220921;12:00:00;12:05:00;144;17.77;350
E4S 56,780;20220921;12:05:00;12:10:00;145;18.08;332
E4S 56,780;20220921;12:10:00;12:15:00;146;18.21;343
E4S 56,780;20220921;12:15:00;12:20:00;147;17.45;413
E4S 56,780;20220921;12:20:00;12:25:00;148;15.91;425
E4S 56,780;20220921;12:25:00;12:30:00;149;17.71;365
E4S 56,780;20220921;12:30:00;12:35:00;150;17.91;358
E4S 56,780;20220921;12:35:00;12:40:00;151;17.56;401
E4S 56,780;20220921;12:40:00;12:45:00;152;17.90;407
E4S 56,780;20220921;12:45:00;12:50:00;153;17.01;438
E4S 56,780;20220921;12:50:00;12:55:00;154;17.32;399
E4S 56,780;20220921;12:55:00;13:00:00;155;17.74;422
E4S 56,780;20220921;13:00:00;13:05:00;156;17.45;408
E4S 56,780;20220921;13:05:00;13:10:00;157;10.99;351
E4S 56,780;20220921;13:10:00;13:15:00;158;10.72;350
E4S 56,780;20220921;13:15:00;13:20:00;159;9.05;276
E4S 56,780;20220921;13:20:00;13:25:00;160;10.25;369
E4S 56,780;20220921;13:25:00;13:30:00;161;10.11;358
E4S 56,780;20220921;13:30:00;13:35:00;162;10.23;333
E4S 56,780;20220921;13:35:00;13:40:00;163;11.45;343
E4S 56,780;20220921;13:40:00;13:45:00;164;8.83;318
E4S 56,780;20220921;13:45:00;13:50:00;165;9.76;336
E4S 56,780;20220921;13:50:00;13:55:00;166;8.83;345
E4S 56,780;20220921;13:55:00;14:00:00;167;9.27;317
E4S 56,780;20220921;14:00:00;14:05:00;168;9.45;331
E4S 56,780;20220921;14:05:00;14:10:00;169;8.51;300
E4S 56,780;20220921;14:10:00;14:15:00;170;10.57;331
E4S 56,780;20220921;14:15:00;14:20:00;171;10.54;343
E4S 56,780;20220921;14:20:00;14:25:00;172;8.09;267
E4S 56,780;20220921;14:25:00;14:30:00;173;9.35;313
E4S 56,780;20220921;14:30:00;14:35:00;174;9.32;332
E4S 56,780;20220921;14:35:00;14:40:00;175;8.60;273
E4S 56,780;20220921;14:40:00;14:45:00;176;10.45;349
E4S 56,780;20220921;14:45:00;14:50:00;177;10.52;348
E4S 56,780;20220921;14:50:00;14:55:00;178;8.67;296
E4S 56,780;20220921;14:55:00;15:00:00;179;10.97;361
E4S 56,780;20220921;15:00:00;15:05:00;180;9.62;325
E4S 56,780;20220921;15:05:00;15:10:00;181;7.49;283
E4S 56,780;20220921;15:10:00;15:15:00;182;6.78;274
E4S 56,780;20220921;15:15:00;15:20:00;183;8.70;312
E4S 56,780;20220921;15:20:00;15:25:00;184;7.47;312
E4S 56,780;20220921;15:25:00;15:30:00;185;9.67;347
E4S 56,780;20220921;15:30:00;15:35:00;186;8.55;302
E4S 56,780;20220921;15:35:00;15:40:00;187;10.83;359
E4S 56,780;20220921;15:40:00;15:45:00;188;8.52;326
E4S 56,780;20220921;15:45:00;15:50:00;189;8.16;292
E4S 56,780;20220921;15:50:00;15:55:00;190;10.40;352
E4S 56,780;20220921;15:55:00;16:00:00;191;6.71;305
E4S 56,780;20220921;16:00:00;16:05:00;192;10.73;317
E4S 56,780;20220921;16:05:00;16:10:00;193;16.26;275
E4S 56,780;20220921;16:10:00;16:15:00;194;16.94;311
E4S 56,780;20220921;16:15:00;16:20:00;195;15.66;301
E4S 56,780;20220921;16:20:00;16:25:00;196;16.38;287
E4S 56,780;20220921;16:25:00;16:30:00;197;16.56;263
E4S 56,780;20220921;16:30:00;16:35:00;198;15.91;316
E4S 56,780;20220921;16:35:00;16:40:00;199;16.33;293
E4S 56,780;20220921;16:40:00;16:45:00;200;17.27;289
E4S 56,780;20220921;16:45:00;16:50:00;201;17.32;289
E4S 56,780;20220921;16:50:00;16:55:00;202;16.92;256
E4S 56,780;20220921;16:55:00;17:00:00;203;17.15;269
E4S 56,780;20220921;17:00:00;17:05:00;204;17.28;241
E4S 56,780;20220921;17:05:00;17:10:00;205;17.86;238
E4S 56,780;20220921;17:10:00;17:15:00;206;17.20;256
E4S 56,780;20220921;17:15:00;17:20:00;207;16.99;246
E4S 56,780;20220921;17:20:00;17:25:00;208;16.54;239
E4S 56,780;20220921;17:25:00;17:30:00;209;17.34;261
E4S 56,780;20220921;17:30:00;17:35:00;210;17.00;221
E4S 56,780;20220921;17:35:00;17:40:00;211;17.38;228
E4S 56,780;20220921;17:40:00;17:45:00;212;17.97;202
E4S 56,780;20220921;17:45:00;17:50:00;213;17.41;205
E4S 56,780;20220921;17:50:00;17:55:00;214;17.78;197
E4S 56,780;20220921;17:55:00;18:00:00;215;17.10;204
E4S 56,780;20220921;18:00:00;18:05:00;216;18.47;171
E4S 56,780;20220921;18:05:00;18:10:00;217;18.95;193
E4S 56,780;20220921;18:10:00;18:15:00;218;18.77;245
E4S 56,780;20220921;18:15:00;18:20:00;219;18.77;235
E4S 56,780;20220921;18:20:00;18:25:00;220;18.84;173
E4S 56,780;20220921;18:25:00;18:30:00;221;19.06;220
E4S 56,780;20220921;18:30:00;18:35:00;222;18.85;189
E4S 56,780;20220921;18:35:00;18:40:00;223;18.87;162
E4S 56,780;20220921;18:40:00;18:45:00;224;19.17;169
E4S 56,780;20220921;18:45:00;18:50:00;225;19.33;149
E4S 56,780;20220921;18:50:00;18:55:00;226;19.14;178
E4S 56,780;20220921;18:55:00;19:00:00;227;19.10;187
E4S 56,780;20220921;19:00:00;19:05:00;228;19.30;162
E4S 56,780;20220921;19:05:00;19:10:00;229;19.23;148
E4S 56,780;20220921;19:10:00;19:15:00;230;19.66;157
E4S 56,780;20220921;19:15:00;19:20:00;231;19.34;158
E4S 56,780;20220921;19:20:00;19:25:00;232;19.60;180
E4S 56,780;20220921;19:25:00;19:30:00;233;19.63;145
E4S 56,780;20220921;19:30:00;19:35:00;234;19.82;139
E4S 56,780;20220921;19:35:00;19:40:00;235;19.63;172
E4S 56,780;20220921;19:40:00;19:45:00;236;19.54;158
E4S 56,780;20220921;19:45:00;19:50:00;237;20.09;127
E4S 56,780;20220921;19:50:00;19:55:00;238;19.91;107
E4S 56,780;20220921;19:55:00;20:00:00;239;19.85;120
E4S 56,780;20220921;20:00:00;20:05:00;240;20.34;128
E4S 56,780;20220921;20:05:00;20:10:00;241;19.80;112
E4S 56,780;20220921;20:10:00;20:15:00;242;20.01;113
E4S 56,780;20220921;20:15:00;20:20:00;243;19.49;116
E4S 56,780;20220921;20:20:00;20:25:00;244;20.50;112
E4S 56,780;20220921;20:25:00;20:30:00;245;19.88;114
E4S 56,780;20220921;20:30:00;20:35:00;246;20.21;100
E4S 56,780;20220921;20:35:00;20:40:00;247;20.10;101
E4S 56,780;20220921;20:40:00;20:45:00;248;20.81;89
E4S 56,780;20220921;20:45:00;20:50:00;249;19.57;84
E4S 56,780;20220921;20:50:00;20:55:00;250;20.92;59
E4S 56,780;20220921;20:55:00;21:00:00;251;20.68;78
E4S 56,780;20220921;21:00:00;21:05:00;252;19.36;60
E4S 56,780;20220921;21:05:00;21:10:00;253;20.42;76
E4S 56,780;20220921;21:10:00;21:15:00;254;20.68;74
E4S 56,780;20220921;21:15:00;21:20:00;255;20.59;64
E4S 56,780;20220921;21:20:00;21:25:00;256;19.73;74
E4S 56,780;20220921;21:25:00;21:30:00;257;19.99;67
E4S 56,780;20220921;21:30:00;21:35:00;258;20.76;61
E4S 56,780;20220921;21:35:00;21:40:00;259;20.09;64
E4S 56,780;20220921;21:40:00;21:45:00;260;19.56;48
E4S 56,780;20220921;21:45:00;21:50:00;261;19.85;44
E4S 56,780;20220921;21:50:00;21:55:00;262;20.31;41
E4S 56,780;20220921;21:55:00;22:00:00;263;20.59;39
E4S 56,780;20220921;22:00:00;22:05:00;264;20.69;50
E4S 56,780;20220921;22:05:00;22:10:00;265;20.19;44
E4S 56,780;20220921;22:10:00;22:15:00;266;20.24;39
E4S 56,780;20220921;22:15:00;22:20:00;267;20.67;50
E4S 56,780;20220921;22:20:00;22:25:00;268;20.79;40
E4S 56,780;20220921;22:25:00;22:30:00;269;21.12;34
E4S 56,780;20220921;22:30:00;22:35:00;270;19.80;60
E4S 56,780;20220921;22:35:00;22:40:00;271;20.50;32
E4S 56,780;20220921;22:40:00;22:45:00;272;20.43;42
E4S 56,780;20220921;22:45:00;22:50:00;273;20.26;29
E4S 56,780;20220921;22:50:00;22:55:00;274;21.16;30
E4S 56,780;20220921;22:55:00;23:00:00;275;21.80;26
E4S 56,780;20220921;23:00:00;23:05:00;276;21.46;32
E4S 56,780;20220921;23:05:00;23:10:00;277;19.96;30
E4S 56,780;20220921;23:10:00;23:15:00;278;19.49;20
E4S 56,780;20220921;23:15:00;23:20:00;279;19.67;18
E4S 56,780;20220921;23:20:00;23:25:00;280;20.81;25
E4S 56,780;20220921;23:25:00;23:30:00;281;19.86;21
E4S 56,780;20220921;23:30:00;23:35:00;282;20.04;25
E4S 56,780;20220921;23:35:00;23:40:00;283;21.47;22
E4S 56,780;20220921;23:40:00;23:45:00;284;20.10;22
E4S 56,780;20220921;23:45:00;23:50:00;285;21.57;22
E4S 56,780;20220921;23:50:00;23:55:00;286;20.18;22
E4S 56,780;20220921;23:55:00;24:00:00;287;21.53;10
E4S 56,780;20220925;00:00:00;00:05:00;0;20.69;54
E4S 56,780;20220925;00:05:00;00:10:00;1;21.96;50
E4S 56,780;20220925;00:10:00;00:15:00;2;20.71;46
E4S 56,780;20220925;00:15:00;00:20:00;3;20.05;59
E4S 56,780;20220925;00:20:00;00:25:00;4;21.71;41
E4S 56,780;20220925;00:25:00;00:30:00;5;20.68;51
E4S 56,780;20220925;00:30:00;00:35:00;6;20.04;39
E4S 56,780;20220925;00:35:00;00:40:00;7;20.31;40
E4S 56,780;20220925;00:40:00;00:45:00;8;22.03;30
E4S 56,780;20220925;00:45:00;00:50:00;9;20.87;38
E4S 56,780;20220925;00:50:00;00:55:00;10;20.95;40
E4S 56,780;20220925;00:55:00;01:00:00;11;21.00;45
E4S 56,780;20220925;01:00:00;01:05:00;12;21.36;47
E4S 56,780;20220925;01:05:00;01:10:00;13;19.94;36
E4S 56,780;20220925;01:10:00;01:15:00;14;20.82;31
E4S 56,780;20220925;01:15:00;01:20:00;15;21.00;37
E4S 56,780;20220925;01:20:00;01:25:00;16;21.49;31
E4S 56,780;20220925;01:25:00;01:30:00;17;20.27;32
E4S 56,780;20220925;01:30:00;01:35:00;18;21.42;39
E4S 56,780;20220925;01:35:00;01:40:00;19;20.36;26
E4S 56,780;20220925;01:40:00;01:45:00;20;19.70;16
E4S 56,780;20220925;01:45:00;01:50:00;21;21.78;36
E4S 56,780;20220925;01:50:00;01:55:00;22;21.81;19
E4S 56,780;20220925;01:55:00;02:00:00;23;20.73;26
E4S 56,780;20220925;02:00:00;02:05:00;24;22.16;31
E4S 56,780;20220925;02:05:00;02:10:00;25;21.18;43
E4S 56,780;20220925;02:10:00;02:15:00;26;21.60;22
E4S 56,780;20220925;02:15:00;02:20:00;27;22.28;31
E4S 56,780;20220925;02:20:00;02:25:00;28;21.46;33
E4S 56,780;20220925;02:25:00;02:30:00;29;20.49;33
E4S 56,780;20220925;02:30:00;02:35:00;30;20.14;37
E4S 56,780;20220925;02:35:00;02:40:00;31;19.67;24
E4S 56,780;20220925;02:40:00;02:45:00;32;21.56;27
E4S 56,780;20220925;02:45:00;02:50:00;33;20.91;23
E4S 56,780;20220925;02:50:00;02:55:00;34;22.52;24
E4S 56,780;20220925;02:55:00;03:00:00;35;20.69;34
E4S 56,780;20220925;03:00:00;03:05:00;36;21.33;21
E4S 56,780;20220925;03:05:00;03:10:00;37;21.56;20
E4S 56,780;20220925;03:10:00;03:15:00;38;22.00;32
E4S 56,780;20220925;03:15:00;03:20:00;39;21.18;33
E4S 56,780;20220925;03:20:00;03:25:00;40;20.92;31
E4S 56,780;20220925;03:25:00;03:30:00;41;20.87;29
E4S 56,780;20220925;03:30:00;03:35:00;42;20.67;22
E4S 56,780;20220925;03:35:00;03:40:00;43;21.17;30
E4S 56,780;20220925;03:40:00;03:45:00;44;20.71;31
E4S 56,780;20220925;03:45:00;03:50:00;45;21.22;44
E4S 56,780;20220925;03:50:00;03:55:00;46;22.52;29
E4S 56,780;20220925;03:55:00;04:00:00;47;21.06;30
E4S 56,780;20220925;04:00:00;04:05:00;48;21.62;35
E4S 56,780;20220925;04:05:00;04:10:00;49;22.92;19
E4S 56,780;20220925;04:10:00;04:15:00;50;21.06;38
E4S 56,780;20220925;04:15:00;04:20:00;51;22.97;25
E4S 56,780;20220925;04:20:00;04:25:00;52;21.59;29
E4S 56,780;20220925;04:25:00;04:30:00;53;21.05;40
E4S 56,780;20220925;04:30:00;04:35:00;54;20.92;50
E4S 56,780;20220925;04:35:00;04:40:00;55;21.38;49
E4S 56,780;20220925;04:40:00;04:45:00;56;22.78;72
E4S 56,780;20220925;04:45:00;04:50:00;57;23.13;60
E4S 56,780;20220925;04:50:00;04:55:00;58;21.87;62
E4S 56,780;20220925;04:55:00;05:00:00;59;21.86;41
E4S 56,780;20220925;05:00:00;05:05:00;60;20.73;53
E4S 56,780;20220925;05:05:00;05:10:00;61;21.21;53
E4S 56,780;20220925;05:10:00;05:15:00;62;21.22;56
E4S 56,780;20220925;05:15:00;05:20:00;63;21.47;44
E4S 56,780;20220925;05:20:00;05:25:00;64;21.01;64
E4S 56,780;20220925;05:25:00;05:30:00;65;21.44;97
E4S 56,780;20220925;05:30:00;05:35:00;66;20.87;72
E4S 56,780;20220925;05:35:00;05:40:00;67;20.47;86
E4S 56,780;20220925;05:40:00;05:45:00;68;21.29;85
E4S 56,780;20220925;05:45:00;05:50:00;69;21.61;70
E4S 56,780;20220925;05:50:00;05:55:00;70;21.30;65
E4S 56,780;20220925;05:55:00;06:00:00;71;21.85;69
E4S 56,780;20220925;06:00:00;06:05:00;72;21.28;77
E4S 56,780;20220925;06:05:00;06:10:00;73;20.61;81
E4S 56,780;20220925;06:10:00;06:15:00;74;21.08;89
E4S 56,780;20220925;06:15:00;06:20:00;75;22.29;89
E4S 56,780;20220925;06:20:00;06:25:00;76;20.88;94
E4S 56,780;20220925;06:25:00;06:30:00;77;20.87;122
E4S 56,780;20220925;06:30:00;06:35:00;78;20.94;99
E4S 56,780;20220925;06:35:00;06:40:00;79;20.66;142
E4S 56,780;20220925;06:40:00;06:45:00;80;20.13;133
E4S 56,780;20220925;06:45:00;06:50:00;81;21.45;129
E4S 56,780;20220925;06:50:00;06:55:00;82;20.93;114
E4S 56,780;20220925;06:55:00;07:00:00;83;20.89;125
E4S 56,780;20220925;07:00:00;07:05:00;84;20.90;133
E4S 56,780;20220925;07:05:00;07:10:00;85;20.51;146
E4S 56,780;20220925;07:10:00;07:15:00;86;20.69;135
E4S 56,780;20220925;07:15:00;07:20:00;87;20.19;163
E4S 56,780;20220925;07:20:00;07:25:00;88;20.20;138
E4S 56,780;20220925;07:25:00;07:30:00;89;20.62;172
E4S 56,780;20220925;07:30:00;07:35:00;90;20.75;160
E4S 56,780;20220925;07:35:00;07:40:00;91;20.38;164
E4S 56,780;20220925;07:40:00;07:45:00;92;19.56;205
E4S 56,780;20220925;07:45:00;07:50:00;93;20.84;182
E4S 56,780;20220925;07:50:00;07:55:00;94;20.14;184
E4S 56,780;20220925;07:55:00;08:00:00;95;19.46;182
E4S 56,780;20220925;08:00:00;08:05:00;96;19.71;186
E4S 56,780;20220925;08:05:00;08:10:00;97;20.20;153
E4S 56,780;20220925;08:10:00;08:15:00;98;19.93;194
E4S 56,780;20220925;08:15:00;08:20:00;99;19.59;197
E4S 56,780;20220925;08:20:00;08:25:00;100;19.64;234
E4S 56,780;20220925;08:25:00;08:30:00;101;18.81;270
E4S 56,780;20220925;08:30:00;08:35:00;102;18.80;231
E4S 56,780;20220925;08:35:00;08:40:00;103;19.18;244
E4S 56,780;20220925;08:40:00;08:45:00;104;18.91;271
E4S 56,780;20220925;08:45:00;08:50:00;105;18.85;270
E4S 56,780;20220925;08:50:00;08:55:00;106;18.73;254
E4S 56,780;20220925;08:55:00;09:00:00;107;18.75;259
E4S 56,780;20220925;09:00:00;09:05:00;108;18.71;262
E4S 56,780;20220925;09:05:00;09:10:00;109;17.82;281
E4S 56,780;20220925;09:10:00;09:15:00;110;18.97;256
E4S 56,780;20220925;09:15:00;09:20:00;111;18.63;264
E4S 56,780;20220925;09:20:00;09:25:00;112;18.44;280
E4S 56,780;20220925;09:25:00;09:30:00;113;18.26;267
E4S 56,780;20220925;09:30:00;09:35:00;114;18.32;272
E4S 56,780;20220925;09:35:00;09:40:00;115;18.08;279
E4S 56,780;20220925;09:40:00;09:45:00;116;17.66;323
E4S 56,780;20220925;09:45:00;09:50:00;117;18.27;329
E4S 56,780;20220925;09:50:00;09:55:00;118;18.30;282
E4S 56,780;20220925;09:55:00;10:00:00;119;18.20;276
E4S 56,780;20220925;10:00:00;10:05:00;120;18.19;297
E4S 56,780;20220925;10:05:00;10:10:00;121;18.09;296
E4S 56,780;20220925;10:10:00;10:15:00;122;18.33;315
E4S 56,780;20220925;10:15:00;10:20:00;123;18.36;286
E4S 56,780;20220925;10:20:00;10:25:00;124;18.58;307
E4S 56,780;20220925;10:25:00;10:30:00;125;17.77;283
E4S 56,780;20220925;10:30:00;10:35:00;126;18.64;327
E4S 56,780;20220925;10:35:00;10:40:00;127;18.09;330
E4S 56,780;20220925;10:40:00;10:45:00;128;17.74;366
E4S 56,780;20220925;10:45:00;10:50:00;129;17.76;312
E4S 56,780;20220925;10:50:00;10:55:00;130;17.39;364
E4S 56,780;20220925;10:55:00;11:00:00;131;17.77;341
E4S 56,780;20220925;11:00:00;11:05:00;132;18.14;309
E4S 56,780;20220925;11:05:00;11:10:00;133;17.90;326
E4S 56,780;20220925;11:10:00;11:15:00;134;17.58;348
E4S 56,780;20220925;11:15:00;11:20:00;135;16.94;365
E4S 56,780;20220925;11:20:00;11:25:00;136;17.71;335
E4S 56,780;20220925;11:25:00;11:30:00;137;17.46;357
E4S 56,780;20220925;11:30:00;11:35:00;138;17.90;355
E4S 56,780;20220925;11:35:00;11:40:00;139;17.88;349
E4S 56,780;20220925;11:40:00;11:45:00;140;17.93;357
E4S 56,780;20220925;11:45:00;11:50:00;141;17.43;376
E4S 56,780;20220925;11:50:00;11:55:00;142;17.85;368
E4S 56,780;20220925;11:55:00;12:00:00;143;18.22;350
E4S 56,780;20220925;12:00:00;12:05:00;144;18.60;335
E4S 56,780;20220925;12:05:00;12:10:00;145;17.80;335
E4S 56,780;20220925;12:10:00;12:15:00;146;17.98;364
E4S 56,780;20220925;12:15:00;12:20:00;147;17.17;410
E4S 56,780;20220925;12:20:00;12:25:00;148;16.94;394
E4S 56,780;20220925;12:25:00;12:30:00;149;17.67;399
E4S 56,780;20220925;12:30:00;12:35:00;150;17.13;385
E4S 56,780;20220925;12:35:00;12:40:00;151;17.80;383
E4S 56,780;20220925;12:40:00;12:45:00;152;17.97;350
E4S 56,780;20220925;12:45:00;12:50:00;153;17.77;372
E4S 56,780;20220925;12:50:00;12:55:00;154;17.18;393
E4S 56,780;20220925;12:55:00;13:00:00;155;17.64;378
E4S 56,780;20220925;13:00:00;13:05:00;156;18.09;362
E4S 56,780;20220925;13:05:00;13:10:00;157;17.06;371
E4S 56,780;20220925;13:10:00;13:15:00;158;18.30;349
E4S 56,780;20220925;13:15:00;13:20:00;159;17.75;370
E4S 56,780;20220925;13:20:00;13:25:00;160;17.45;393
E4S 56,780;20220925;13:25:00;13:30:00;161;16.88;337
E4S 56,780;20220925;13:30:00;13:35:00;162;17.15;389
E4S 56,780;20220925;13:35:00;13:40:00;163;17.82;385
E4S 56,780;20220925;13:40:00;13:45:00;164;17.30;373
E4S 56,780;20220925;13:45:00;13:50:00;165;17.25;388
E4S 56,780;20220925;13:50:00;13:55:00;166;17.14;396
E4S 56,780;20220925;13:55:00;14:00:00;167;17.68;355
E4S 56,780;20220925;14:00:00;14:05:00;168;17.02;399
E4S 56,780;20220925;14:05:00;14:10:00;169;17.37;401
E4S 56,780;20220925;14:10:00;14:15:00;170;16.22;398
E4S 56,780;20220925;14:15:00;14:20:00;171;17.73;389
E4S 56,780;20220925;14:20:00;14:25:00;172;15.81;407
E4S 56,780;20220925;14:25:00;14:30:00;173;15.51;387
E4S 56,780;20220925;14:30:00;14:35:00;174;15.45;350
E4S 56,780;20220925;14:35:00;14:40:00;175;14.62;379
E4S 56,780;20220925;14:40:00;14:45:00;176;12.54;355
E4S 56,780;20220925;14:45:00;14:50:00;177;13.61;364
E4S 56,780;20220925;14:50:00;14:55:00;178;12.44;365
E4S 56,780;20220925;14:55:00;15:00:00;179;11.74;348
E4S 56,780;20220925;15:00:00;15:05:00;180;13.99;355
E4S 56,780;20220925;15:05:00;15:10:00;181;12.88;363
E4S 56,780;20220925;15:10:00;15:15:00;182;10.72;341
E4S 56,780;20220925;15:15:00;15:20:00;183;12.49;375
E4S 56,780;20220925;15:20:00;15:25:00;184;13.81;386
E4S 56,780;20220925;15:25:00;15:30:00;185;11.35;323
E4S 56,780;20220925;15:30:00;15:35:00;186;12.83;344
E4S 56,780;20220925;15:35:00;15:40:00;187;11.26;335
E4S 56,780;20220925;15:40:00;15:45:00;188;11.18;326
E4S 56,780;20220925;15:45:00;15:50:00;189;12.21;329
E4S 56,780;20220925;15:50:00;15:55:00;190;13.00;352
E4S 56,780;20220925;15:55:00;16:00:00;191;11.56;317
E4S 56,780;20220925;16:00:00;16:05:00;192;13.00;370
E4S 56,780;20220925;16:05:00;16:10:00;193;11.66;340
E4S 56,780;20220925;16:10:00;16:15:00;194;11.84;330
E4S 56,780;20220925;16:15:00;16:20:00;195;14.76;363
E4S 56,780;20220925;16:20:00;16:25:00;196;15.08;382
E4S 56,780;20220925;16:25:00;16:30:00;197;11.63;338
E4S 56,780;20220925;16:30:00;16:35:00;198;9.72;298
E4S 56,780;20220925;16:35:00;16:40:00;199;10.43;314
E4S 56,780;20220925;16:40:00;16:45:00;200;9.52;311
E4S 56,780;20220925;16:45:00;16:50:00;201;9.21;284
E4S 56,780;20220925;16:50:00;16:55:00;202;8.67;280
E4S 56,780;20220925;16:55:00;17:00:00;203;10.44;313
E4S 56,780;20220925;17:00:00;17:05:00;204;15.67;298
E4S 56,780;20220925;17:05:00;17:10:00;205;17.16;255
E4S 56,780;20220925;17:10:00;17:15:00;206;17.72;252
E4S 56,780;20220925;17:15:00;17:20:00;207;18.04;260
E4S 56,780;20220925;17:20:00;17:25:00;208;17.27;327
E4S 56,780;20220925;17:25:00;17:30:00;209;16.96;270
E4S 56,780;20220925;17:30:00;17:35:00;210;17.29;269
E4S 56,780;20220925;17:35:00;17:40:00;211;17.73;253
E4S 56,780;20220925;17:40:00;17:45:00;212;17.53;234
E4S 56,780;20220925;17:45:00;17:50:00;213;17.19;273
E4S 56,780;20220925;17:50:00;17:55:00;214;17.48;262
E4S 56,780;20220925;17:55:00;18:00:00;215;17.70;257
E4S 56,780;20220925;18:00:00;18:05:00;216;17.52;264
E4S 56,780;20220925;18:05:00;18:10:00;217;17.53;241
E4S 56,780;20220925;18:10:00;18:15:00;218;17.82;248
E4S 56,780;20220925;18:15:00;18:20:00;219;18.21;235
E4S 56,780;20220925;18:20:00;18:25:00;220;18.14;218
E4S 56,780;20220925;18:25:00;18:30:00;221;18.32;206
E4S 56,780;20220925;18:30:00;18:35:00;222;17.93;193
E4S 56,780;20220925;18:35:00;18:40:00;223;17.79;216
E4S 56,780;20220925;18:40:00;18:45:00;224;17.79;209
E4S 56,780;20220925;18:45:00;18:50:00;225;17.87;192
E4S 56,780;20220925;18:50:00;18:55:00;226;18.09;201
E4S 56,780;20220925;18:55:00;19:00:00;227;17.83;214
E4S 56,780;20220925;19:00:00;19:05:00;228;18.35;204
E4S 56,780;20220925;19:05:00;19:10:00;229;19.22;216
E4S 56,780;20220925;19:10:00;19:15:00;230;18.78;196
E4S 56,780;20220925;19:15:00;19:20:00;231;18.97;205
E4S 56,780;20220925;19:20:00;19:25:00;232;19.15;203
E4S 56,780;20220925;19:25:00;19:30:00;233;19.55;162
E4S 56,780;20220925;19:30:00;19:35:00;234;19.03;175
E4S 56,780;20220925;19:35:00;19:40:00;235;19.55;140
E4S 56,780;20220925;19:40:00;19:45:00;236;19.72;159
E4S 56,780;20220925;19:45:00;19:50:00;237;18.98;163
E4S 56,780;20220925;19:50:00;19:55:00;238;19.51;145
E4S 56,780;20220925;19:55:00;20:00:00;239;19.78;116
E4S 56,780;20220925;20:00:00;20:05:00;240;20.33;117
E4S 56,780;20220925;20:05:00;20:10:00;241;19.86;101
E4S 56,780;20220925;20:10:00;20:15:00;242;20.18;132
E4S 56,780;20220925;20:15:00;20:20:00;243;19.33;112
E4S 56,780;20220925;20:20:00;20:25:00;244;20.12;109
E4S 56,780;20220925;20:25:00;20:30:00;245;20.34;87
E4S 56,780;20220925;20:30:00;20:35:00;246;20.59;74
E4S 56,780;20220925;20:35:00;20:40:00;247;20.07;131
E4S 56,780;20220925;20:40:00;20:45:00;248;21.47;75
E4S 56,780;20220925;20:45:00;20:50:00;249;20.69;105
E4S 56,780;20220925;20:50:00;20:55:00;250;20.34;76
E4S 56,780;20220925;20:55:00;21:00:00;251;20.62;62
E4S 56,780;20220925;21:00:00;21:05:00;252;19.89;68
E4S 56,780;20220925;21:05:00;21:10:00;253;20.36;52
E4S 56,780;20220925;21:10:00;21:15:00;254;21.24;53
E4S 56,780;20220925;21:15:00;21:20:00;255;21.20;56
E4S 56,780;20220925;21:20:00;21:25:00;256;20.93;60
E4S 56,780;20220925;21:25:00;21:30:00;257;20.22;51
E4S 56,780;20220925;21:30:00;21:35:00;258;20.66;69
E4S 56,780;20220925;21:35:00;21:40:00;259;20.35;48
E4S 56,780;20220925;21:40:00;21:45:00;260;20.87;53
E4S 56,780;20220925;21:45:00;21:50:00;261;20.91;49
E4S 56,780;20220925;21:50:00;21:55:00;262;21.14;38
E4S 56,780;20220925;21:55:00;22:00:00;263;20.71;49
E4S 56,780;20220925;22:00:00;22:05:00;264;21.42;52
E4S 56,780;20220925;22:05:00;22:10:00;265;20.64;41
E4S 56,780;20220925;22:10:00;22:15:00;266;21.48;29
E4S 56,780;20220925;22:15:00;22:20:00;267;19.79;37
E4S 56,780;20220925;22:20:00;22:25:00;268;20.90;31
E4S 56,780;20220925;22:25:00;22:30:00;269;20.00;44
E4S 56,780;20220925;22:30:00;22:35:00;270;20.64;43
E4S 56,780;20220925;22:35:00;22:40:00;271;20.50;35
E4S 56,780;20220925;22:40:00;22:45:00;272;19.68;28
E4S 56,780;20220925;22:45:00;22:50:00;273;20.20;31
E4S 56,780;20220925;22:50:00;22:55:00;274;19.97;20
E4S 56,780;20220925;22:55:00;23:00:00;275;21.13;30
E4S 56,780;20220925;23:00:00;23:05:00;276;20.39;28
E4S 56,780;20220925;23:05:00;23:10:00;277;20.99;40
E4S 56,780;20220925;23:10:00;23:15:00;278;19.63;24
E4S 56,780;20220925;23:15:00;23:20:00;279;16.67;32
E4S 56,780;20220925;23:20:00;23:25:00;280;19.06;21
E4S 56,780;20220925;23:25:00;23:30:00;281;19.97;18
E4S 56,780;20220925;23:30:00;23:35:00;282;19.39;21
E4S 56,780;20220925;23:35:00;23:40:00;283;18.65;13
E4S 56,780;20220925;23:40:00;23:45:00;284;19.09;22
E4S 56,780;20220925;23:45:00;23:50:00;285;19.12;24
E4S 56,780;20220925;23:50:00;23:55:00;286;20.01;27
E4S 56,780;20220925;23:55:00;24:00:00;287;20.56;16
E4S 56,780;20220927;00:00:00;00:05:00;0;20.23;10
E4S 56,780;20220927;00:05:00;00:10:00;1;20.74;19
E4S 56,780;20220927;00:10:00;00:15:00;2;21.01;14
E4S 56,780;20220927;00:15:00;00:20:00;3;20.27;18
E4S 56,780;20220927;00:20:00;00:25:00;4;21.16;19
E4S 56,780;20220927;00:25:00;00:30:00;5;18.05;10
E4S 56,780;20220927;00:30:00;00:35:00;6;19.62;6
E4S 56,780;20220927;00:35:00;00:40:00;7;20.64;20
E4S 56,780;20220927;00:40:00;00:45:00;8;21.59;9
E4S 56,780;20220927;00:45:00;00:50:00;9;20.76;20
E4S 56,780;20220927;00:50:00;00:55:00;10;18.41;9
E4S 56,780;20220927;00:55:00;01:00:00;11;18.90;18
E4S 56,780;20220927;01:00:00;01:05:00;12;19.65;12
E4S 56,780;20220927;01:05:00;01:10:00;13;19.07;11
E4S 56,780;20220927;01:10:00;01:15:00;14;20.91;20
E4S 56,780;20220927;01:15:00;01:20:00;15;20.25;19
E4S 56,780;20220927;01:20:00;01:25:00;16;19.69;17
E4S 56,780;20220927;01:25:00;01:30:00;17;19.47;22
E4S 56,780;20220927;01:30:00;01:35:00;18;20.79;22
E4S 56,780;20220927;01:35:00;01:40:00;19;19.67;22
E4S 56,780;20220927;01:40:00;01:45:00;20;20.24;12
E4S 56,780;20220927;01:45:00;01:50:00;21;19.57;20
E4S 56,780;20220927;01:50:00;01:55:00;22;19.10;24
E4S 56,780;20220927;01:55:00;02:00:00;23;19.64;12
E4S 56,780;20220927;02:00:00;02:05:00;24;21.71;21
E4S 56,780;20220927;02:05:00;02:10:00;25;21.48;27
E4S 56,780;20220927;02:10:00;02:15:00;26;21.18;23
E4S 56,780;20220927;02:15:00;02:20:00;27;21.37;27
E4S 56,780;20220927;02:20:00;02:25:00;28;21.82;31
E4S 56,780;20220927;02:25:00;02:30:00;29;21.00;16
E4S 56,780;20220927;02:30:00;02:35:00;30;22.23;19
E4S 56,780;20220927;02:35:00;02:40:00;31;20.60;26
E4S 56,780;20220927;02:40:00;02:45:00;32;20.02;23
E4S 56,780;20220927;02:45:00;02:50:00;33;20.41;36
E4S 56,780;20220927;02:50:00;02:55:00;34;20.97;40
E4S 56,780;20220927;02:55:00;03:00:00;35;21.88;41
E4S 56,780;20220927;03:00:00;03:05:00;36;20.60;44
E4S 56,780;20220927;03:05:00;03:10:00;37;19.90;45
E4S 56,780;20220927;03:10:00;03:15:00;38;20.71;56
E4S 56,780;20220927;03:15:00;03:20:00;39;20.42;70
E4S 56,780;20220927;03:20:00;03:25:00;40;21.59;78
E4S 56,780;20220927;03:25:00;03:30:00;41;20.79;85
E4S 56,780;20220927;03:30:00;03:35:00;42;20.60;120
E4S 56,780;20220927;03:35:00;03:40:00;43;21.39;86
E4S 56,780;20220927;03:40:00;03:45:00;44;19.82;167
E4S 56,780;20220927;03:45:00;03:50:00;45;20.06;168
E4S 56,780;20220927;03:50:00;03:55:00;46;19.87;198
E4S 56,780;20220927;03:55:00;04:00:00;47;20.44;176
E4S 56,780;20220927;04:00:00;04:05:00;48;20.30;171
E4S 56,780;20220927;04:05:00;04:10:00;49;21.06;146
E4S 56,780;20220927;04:10:00;04:15:00;50;20.24;194
E4S 56,780;20220927;04:15:00;04:20:00;51;19.99;250
E4S 56,780;20220927;04:20:00;04:25:00;52;19.86;265
E4S 56,780;20220927;04:25:00;04:30:00;53;19.81;297
E4S 56,780;20220927;04:30:00;04:35:00;54;20.21;213
E4S 56,780;20220927;04:35:00;04:40:00;55;18.90;298
E4S 56,780;20220927;04:40:00;04:45:00;56;19.71;300
E4S 56,780;20220927;04:45:00;04:50:00;57;19.25;306
E4S 56,780;20220927;04:50:00;04:55:00;58;18.85;307
E4S 56,780;20220927;04:55:00;05:00:00;59;19.77;294
E4S 56,780;20220927;05:00:00;05:05:00;60;19.99;277
E4S 56,780;20220927;05:05:00;05:10:00;61;18.72;302
E4S 56,780;20220927;05:10:00;05:15:00;62;18.85;295
E4S 56,780;20220927;05:15:00;05:20:00;63;18.74;309
E4S 56,780;20220927;05:20:00;05:25:00;64;18.10;340
E4S 56,780;20220927;05:25:00;05:30:00;65;18.88;332
E4S 56,780;20220927;05:30:00;05:35:00;66;17.80;335
E4S 56,780;20220927;05:35:00;05:40:00;67;18.39;352
E4S 56,780;20220927;05:40:00;05:45:00;68;19.10;318
E4S 56,780;20220927;05:45:00;05:50:00;69;18.72;304
E4S 56,780;20220927;05:50:00;05:55:00;70;18.45;340
E4S 56,780;20220927;05:55:00;06:00:00;71;18.60;314
E4S 56,780;20220927;06:00:00;06:05:00;72;18.52;322
E4S 56,780;20220927;06:05:00;06:10:00;73;18.07;312
E4S 56,780;20220927;06:10:00;06:15:00;74;18.38;321
E4S 56,780;20220927;06:15:00;06:20:00;75;18.88;333
E4S 56,780;20220927;06:20:00;06:25:00;76;18.50;314
E4S 56,780;20220927;06:25:00;06:30:00;77;18.60;295
E4S 56,780;20220927;06:30:00;06:35:00;78;17.78;353
E4S 56,780;20220927;06:35:00;06:40:00;79;17.68;368
E4S 56,780;20220927;06:40:00;06:45:00;80;16.92;351
E4S 56,780;20220927;06:45:00;06:50:00;81;17.13;341
E4S 56,780;20220927;06:50:00;06:55:00;82;17.86;337
E4S 56,780;20220927;06:55:00;07:00:00;83;18.46;312
E4S 56,780;20220927;07:00:00;07:05:00;84;18.25;302
E4S 56,780;20220927;07:05:00;07:10:00;85;17.67;367
E4S 56,780;20220927;07:10:00;07:15:00;86;16.74;374
E4S 56,780;20220927;07:15:00;07:20:00;87;17.99;348
E4S 56,780;20220927;07:20:00;07:25:00;88;18.17;298
E4S 56,780;20220927;07:25:00;07:30:00;89;18.25;335
E4S 56,780;20220927;07:30:00;07:35:00;90;18.36;274
E4S 56,780;20220927;07:35:00;07:40:00;91;18.02;315
E4S 56,780;20220927;07:40:00;07:45:00;92;17.96;313
E4S 56,780;20220927;07:45:00;07:50:00;93;18.71;316
E4S 56,780;20220927;07:50:00;07:55:00;94;19.06;286
E4S 56,780;20220927;07:55:00;08:00:00;95;18.34;302
E4S 56,780;20220927;08:00:00;08:05:00;96;18.88;271
E4S 56,780;20220927;08:05:00;08:10:00;97;18.52;306
E4S 56,780;20220927;08:10:00;08:15:00;98;18.64;318
E4S 56,780;20220927;08:15:00;08:20:00;99;18.54;307
E4S 56,780;20220927;08:20:00;08:25:00;100;18.13;270
E4S 56,780;20220927;08:25:00;08:30:00;101;18.27;281
E4S 56,780;20220927;08:30:00;08:35:00;102;18.39;290
E4S 56,780;20220927;08:35:00;08:40:00;103;18.11;295
E4S 56,780;20220927;08:40:00;08:45:00;104;18.29;266
E4S 56,780;20220927;08:45:00;08:50:00;105;18.06;284
E4S 56,780;20220927;08:50:00;08:55:00;106;18.51;293
E4S 56,780;20220927;08:55:00;09:00:00;107;18.36;297
E4S 56,780;20220927;09:00:00;09:05:00;108;18.14;282
E4S 56,780;20220927;09:05:00;09:10:00;109;18.29;282
E4S 56,780;20220927;09:10:00;09:15:00;110;18.87;251
E4S 56,780;20220927;09:15:00;09:20:00;111;18.70;289
E4S 56,780;20220927;09:20:00;09:25:00;112;18.62;282
E4S 56,780;20220927;09:25:00;09:30:00;113;18.20;283
E4S 56,780;20220927;09:30:00;09:35:00;114;17.85;330
E4S 56,780;20220927;09:35:00;09:40:00;115;18.89;282
E4S 56,780;20220927;09:40:00;09:45:00;116;18.89;285
E4S 56,780;20220927;09:45:00;09:50:00;117;18.95;287
E4S 56,780;20220927;09:50:00;09:55:00;118;18.56;316
E4S 56,780;20220927;09:55:00;10:00:00;119;17.98;308
E4S 56,780;20220927;10:00:00;10:05:00;120;18.22;297
E4S 56,780;20220927;10:05:00;10:10:00;121;16.97;266
E4S 56,780;20220927;10:10:00;10:15:00;122;17.79;339
E4S 56,780;20220927;10:15:00;10:20:00;123;18.08;298
E4S 56,780;20220927;10:20:00;10:25:00;124;17.52;324
E4S 56,780;20220927;10:25:00;10:30:00;125;17.90;330
E4S 56,780;20220927;10:30:00;10:35:00;126;18.20;326
E4S 56,780;20220927;10:35:00;10:40:00;127;17.86;311
E4S 56,780;20220927;10:40:00;10:45:00;128;17.91;310
E4S 56,780;20220927;10:45:00;10:50:00;129;18.29;308
E4S 56,780;20220927;10:50:00;10:55:00;130;18.54;279
E4S 56,780;20220927;10:55:00;11:00:00;131;18.39;296
E4S 56,780;20220927;11:00:00;11:05:00;132;18.30;291
E4S 56,780;20220927;11:05:00;11:10:00;133;18.56;253
E4S 56,780;20220927;11:10:00;11:15:00;134;18.41;330
E4S 56,780;20220927;11:15:00;11:20:00;135;17.80;331
E4S 56,780;20220927;11:20:00;11:25:00;136;18.20;336
E4S 56,780;20220927;11:25:00;11:30:00;137;18.18;308
E4S 56,780;20220927;11:30:00;11:35:00;138;18.48;321
E4S 56,780;20220927;11:35:00;11:40:00;139;18.02;315
E4S 56,780;20220927;11:40:00;11:45:00;140;18.24;329
E4S 56,780;20220927;11:45:00;11:50:00;141;18.43;311
E4S 56,780;20220927;11:50:00;11:55:00;142;18.01;324
E4S 56,780;20220927;11:55:00;12:00:00;143;17.48;326
E4S 56,780;20220927;12:00:00;12:05:00;144;17.91;353
E4S 56,780;20220927;12:05:00;12:10:00;145;17.66;360
E4S 56,780;20220927;12:10:00;12:15:00;146;18.02;358
E4S 56,780;20220927;12:15:00;12:20:00;147;17.63;392
E4S 56,780;20220927;12:20:00;12:25:00;148;18.11;344
E4S 56,780;20220927;12:25:00;12:30:00;149;17.67;371
E4S 56,780;20220927;12:30:00;12:35:00;150;17.56;372
E4S 56,780;20220927;12:35:00;12:40:00;151;17.01;388
E4S 56,780;20220927;12:40:00;12:45:00;152;17.43;387
E4S 56,780;20220927;12:45:00;12:50:00;153;16.84;399
E4S 56,780;20220927;12:50:00;12:55:00;154;10.14;257
E4S 56,780;20220927;12:55:00;13:00:00;155;13.81;391
E4S 56,780;20220927;13:00:00;13:05:00;156;14.87;409
E4S 56,780;20220927;13:05:00;13:10:00;157;10.33;291
E4S 56,780;20220927;13:10:00;13:15:00;158;14.13;395
E4S 56,780;20220927;13:15:00;13:20:00;159;11.27;349
E4S 56,780;20220927;13:20:00;13:25:00;160;11.86;397
E4S 56,780;20220927;13:25:00;13:30:00;161;11.54;372
E4S 56,780;20220927;13:30:00;13:35:00;162;12.87;408
E4S 56,780;20220927;13:35:00;13:40:00;163;11.48;365
E4S 56,780;20220927;13:40:00;13:45:00;164;8.81;296
E4S 56,780;20220927;13:45:00;13:50:00;165;10.31;317
E4S 56,780;20220927;13:50:00;13:55:00;166;12.25;393
E4S 56,780;20220927;13:55:00;14:00:00;167;11.83;347
E4S 56,780;20220927;14:00:00;14:05:00;168;11.28;333
E4S 56,780;20220927;14:05:00;14:10:00;169;10.95;388
E4S 56,780;20220927;14:10:00;14:15:00;170;10.37;369
E4S 56,780;20220927;14:15:00;14:20:00;171;11.15;363
E4S 56,780;20220927;14:20:00;14:25:00;172;9.94;351
E4S 56,780;20220927;14:25:00;14:30:00;173;8.56;295
E4S 56,780;20220927;14:30:00;14:35:00;174;9.46;324
E4S 56,780;20220927;14:35:00;14:40:00;175;9.29;330
E4S 56,780;20220927;14:40:00;14:45:00;176;9.49;314
E4S 56,780;20220927;14:45:00;14:50:00;177;10.64;348
E4S 56,780;20220927;14:50:00;14:55:00;178;9.72;340
E4S 56,780;20220927;14:55:00;15:00:00;179;10.61;374
E4S 56,780;20220927;15:00:00;15:05:00;180;11.27;337
E4S 56,780;20220927;15:05:00;15:10:00;181;9.30;346
E4S 56,780;20220927;15:10:00;15:15:00;182;10.22;370
E4S 56,780;20220927;15:15:00;15:20:00;183;7.45;322
E4S 56,780;20220927;15:20:00;15:25:00;184;11.55;391
E4S 56,780;20220927;15:25:00;15:30:00;185;11.37;384
E4S 56,780;20220927;15:30:00;15:35:00;186;11.38;363
E4S 56,780;20220927;15:35:00;15:40:00;187;16.59;330
E4S 56,780;20220927;15:40:00;15:45:00;188;17.11;273
E4S 56,780;20220927;15:45:00;15:50:00;189;16.09;274
E4S 56,780;20220927;15:50:00;15:55:00;190;17.12;298
E4S 56,780;20220927;15:55:00;16:00:00;191;16.90;281
E4S 56,780;20220927;16:00:00;16:05:00;192;17.21;271
E4S 56,780;20220927;16:05:00;16:10:00;193;16.17;315
E4S 56,780;20220927;16:10:00;16:15:00;194;16.60;308
E4S 56,780;20220927;16:15:00;16:20:00;195;16.42;285
E4S 56,780;20220927;16:20:00;16:25:00;196;16.98;287
E4S 56,780;20220927;16:25:00;16:30:00;197;16.13;298
E4S 56,780;20220927;16:30:00;16:35:00;198;15.55;325
E4S 56,780;20220927;16:35:00;16:40:00;199;15.75;342
E4S 56,780;20220927;16:40:00;16:45:00;200;16.48;264
E4S 56,780;20220927;16:45:00;16:50:00;201;16.66;320
E4S 56,780;20220927;16:50:00;16:55:00;202;16.76;277
E4S 56,780;20220927;16:55:00;17:00:00;203;16.98;264
E4S 56,780;20220927;17:00:00;17:05:00;204;17.47;267
E4S 56,780;20220927;17:05:00;17:10:00;205;17.20;221
E4S 56,780;20220927;17:10:00;17:15:00;206;16.94;252
E4S 56,780;20220927;17:15:00;17:20:00;207;16.62;233
E4S 56,780;20220927;17:20:00;17:25:00;208;17.67;253
E4S 56,780;20220927;17:25:00;17:30:00;209;17.53;202
E4S 56,780;20220927;17:30:00;17:35:00;210;16.82;188
E4S 56,780;20220927;17:35:00;17:40:00;211;18.47;187
E4S 56,780;20220927;17:40:00;17:45:00;212;18.41;182
E4S 56,780;20220927;17:45:00;17:50:00;213;17.70;178
E4S 56,780;20220927;17:50:00;17:55:00;214;11.18;186
E4S 56,780;20220927;17:55:00;18:00:00;215;7.97;180
E4S 56,780;20220927;18:00:00;18:05:00;216;8.07;104
E4S 56,780;20220927;18:05:00;18:10:00;217;7.28;122
E4S 56,780;20220927;18:10:00;18:15:00;218;7.54;56
E4S 56,780;20220927;18:15:00;18:20:00;219;7.39;93
E4S 56,780;20220927;18:20:00;18:25:00;220;5.54;120
E4S 56,780;20220927;18:25:00;18:30:00;221;6.43;83
E4S 56,780;20220927;18:30:00;18:35:00;222;7.40;70
E4S 56,780;20220927;18:35:00;18:40:00;223;8.76;215
E4S 56,780;20220927;18:40:00;18:45:00;224;16.37;194
E4S 56,780;20220927;18:45:00;18:50:00;225;18.82;136
E4S 56,780;20220927;18:50:00;18:55:00;226;18.81;184
E4S 56,780;20220927;18:55:00;19:00:00;227;19.88;129
E4S 56,780;20220927;19:00:00;19:05:00;228;19.72;140
E4S 56,780;20220927;19:05:00;19:10:00;229;19.52;146
E4S 56,780;20220927;19:10:00;19:15:00;230;19.41;149
E4S 56,780;20220927;19:15:00;19:20:00;231;19.68;157
E4S 56,780;20220927;19:20:00;19:25:00;232;19.01;168
E4S 56,780;20220927;19:25:00;19:30:00;233;19.45;163
E4S 56,780;20220927;19:30:00;19:35:00;234;19.41;144
E4S 56,780;20220927;19:35:00;19:40:00;235;19.76;132
E4S 56,780;20220927;19:40:00;19:45:00;236;19.67;125
E4S 56,780;20220927;19:45:00;19:50:00;237;19.71;130
E4S 56,780;20220927;19:50:00;19:55:00;238;17.89;132
E4S 56,780;20220927;19:55:00;20:00:00;239;17.58;112
E4S 56,780;20220927;20:00:00;20:05:00;240;17.65;114
E4S 56,780;20220927;20:05:00;20:10:00;241;18.75;99
E4S 56,780;20220927;20:10:00;20:15:00;242;18.38;90
E4S 56,780;20220927;20:15:00;20:20:00;243;17.81;96
E4S 56,780;20220927;20:20:00;20:25:00;244;17.40;75
E4S 56,780;20220927;20:25:00;20:30:00;245;18.62;115
E4S 56,780;20220927;20:30:00;20:35:00;246;17.43;111
E4S 56,780;20220927;20:35:00;20:40:00;247;18.62;127
E4S 56,780;20220927;20:40:00;20:45:00;248;19.88;104
E4S 56,780;20220927;20:45:00;20:50:00;249;19.67;119
E4S 56,780;20220927;20:50:00;20:55:00;250;20.42;144
E4S 56,780;20220927;20:55:00;21:00:00;251;20.01;157
E4S 56,780;20220927;21:00:00;21:05:00;252;19.83;173
E4S 56,780;20220927;21:05:00;21:10:00;253;20.03;147
E4S 56,780;20220927;21:10:00;21:15:00;254;19.64;176
E4S 56,780;20220927;21:15:00;21:20:00;255;19.52;149
E4S 56,780;20220927;21:20:00;21:25:00;256;19.86;151
E4S 56,780;20220927;21:25:00;21:30:00;257;19.99;122
E4S 56,780;20220927;21:30:00;21:35:00;258;20.03;120
E4S 56,780;20220927;21:35:00;21:40:00;259;20.23;119
E4S 56,780;20220927;21:40:00;21:45:00;260;20.81;107
E4S 56,780;20220927;21:45:00;21:50:00;261;19.82;74
E4S 56,780;20220927;21:50:00;21:55:00;262;20.67;54
E4S 56,780;20220927;21:55:00;22:00:00;263;19.75;41
E4S 56,780;20220927;22:00:00;22:05:00;264;20.31;65
E4S 56,780;20220927;22:05:00;22:10:00;265;20.17;43
E4S 56,780;20220927;22:10:00;22:15:00;266;20.47;53
E4S 56,780;20220927;22:15:00;22:20:00;267;20.69;65
E4S 56,780;20220927;22:20:00;22:25:00;268;19.80;38
E4S 56,780;20220927;22:25:00;22:30:00;269;19.39;41
E4S 56,780;20220927;22:30:00;22:35:00;270;21.02;52
E4S 56,780;20220927;22:35:00;22:40:00;271;22.13;35
E4S 56,780;20220927;22:40:00;22:45:00;272;20.39;44
E4S 56,780;20220927;22:45:00;22:50:00;273;20.70;43
E4S 56,780;20220927;22:50:00;22:55:00;274;21.24;43
E4S 56,780;20220927;22:55:00;23:00:00;275;20.21;47
E4S 56,780;20220927;23:00:00;23:05:00;276;19.57;55
E4S 56,780;20220927;23:05:00;23:10:00;277;19.79;46
E4S 56,780;20220927;23:10:00;23:15:00;278;20.49;50
E4S 56,780;20220927;23:15:00;23:20:00;279;21.64;48
E4S 56,780;20220927;23:20:00;23:25:00;280;20.64;37
E4S 56,780;20220927;23:25:00;23:30:00;281;21.11;30
E4S 56,780;20220927;23:30:00;23:35:00;282;19.45;27
E4S 56,780;20220927;23:35:00;23:40:00;283;20.02;31
E4S 56,780;20220927;23:40:00;23:45:00;284;21.36;38
E4S 56,780;20220927;23:45:00;23:50:00;285;20.95;27
E4S 56,780;20220927;23:50:00;23:55:00;286;20.81;36
E4S 56,780;20220927;23:55:00;24:00:00;287;22.24;21
E4S 56,780;20220929;00:00:00;00:05:00;0;19.98;13
E4S 56,780;20220929;00:05:00;00:10:00;1;21.24;16
E4S 56,780;20220929;00:10:00;00:15:00;2;20.37;15
E4S 56,780;20220929;00:15:00;00:20:00;3;20.51;18
E4S 56,780;20220929;00:20:00;00:25:00;4;20.88;15
E4S 56,780;20220929;00:25:00;00:30:00;5;20.56;17
E4S 56,780;20220929;00:30:00;00:35:00;6;19.94;20
E4S 56,780;20220929;00:35:00;00:40:00;7;19.93;14
E4S 56,780;20220929;00:40:00;00:45:00;8;21.48;18
E4S 56,780;20220929;00:45:00;00:50:00;9;19.01;19
E4S 56,780;20220929;00:50:00;00:55:00;10;18.13;15
E4S 56,780;20220929;00:55:00;01:00:00;11;20.48;23
E4S 56,780;20220929;01:00:00;01:05:00;12;21.08;23
E4S 56,780;20220929;01:05:00;01:10:00;13;22.82;4
E4S 56,780;20220929;01:10:00;01:15:00;14;20.55;21
E4S 56,780;20220929;01:15:00;01:20:00;15;18.88;16
E4S 56,780;20220929;01:20:00;01:25:00;16;19.15;13
E4S 56,780;20220929;01:25:00;01:30:00;17;20.70;16
E4S 56,780;20220929;01:30:00;01:35:00;18;20.09;33
E4S 56,780;20220929;01:35:00;01:40:00;19;19.62;20
E4S 56,780;20220929;01:40:00;01:45:00;20;21.04;18
E4S 56,780;20220929;01:45:00;01:50:00;21;19.68;26
E4S 56,780;20220929;01:50:00;01:55:00;22;20.87;24
E4S 56,780;20220929;01:55:00;02:00:00;23;20.84;21
E4S 56,780;20220929;02:00:00;02:05:00;24;21.65;19
E4S 56,780;20220929;02:05:00;02:10:00;25;18.44;24
E4S 56,780;20220929;02:10:00;02:15:00;26;20.92;23
E4S 56,780;20220929;02:15:00;02:20:00;27;20.57;34
E4S 56,780;20220929;02:20:00;02:25:00;28;20.14;30
E4S 56,780;20220929;02:25:00;02:30:00;29;21.99;16
E4S 56,780;20220929;02:30:00;02:35:00;30;20.76;28
E4S 56,780;20220929;02:35:00;02:40:00;31;20.71;25
E4S 56,780;20220929;02:40:00;02:45:00;32;21.43;19
E4S 56,780;20220929;02:45:00;02:50:00;33;21.17;24
E4S 56,780;20220929;02:50:00;02:55:00;34;20.30;41
E4S 56,780;20220929;02:55:00;03:00:00;35;22.26;24
E4S 56,780;20220929;03:00:00;03:05:00;36;19.75;46
E4S 56,780;20220929;03:05:00;03:10:00;37;19.44;43
E4S 56,780;20220929;03:10:00;03:15:00;38;19.43;49
E4S 56,780;20220929;03:15:00;03:20:00;39;20.31;61
E4S 56,780;20220929;03:20:00;03:25:00;40;20.25;86
E4S 56,780;20220929;03:25:00;03:30:00;41;21.48;87
E4S 56,780;20220929;03:30:00;03:35:00;42;20.54;80
E4S 56,780;20220929;03:35:00;03:40:00;43;20.72;124
E4S 56,780;20220929;03:40:00;03:45:00;44;20.43;110
E4S 56,780;20220929;03:45:00;03:50:00;45;19.80;172
E4S 56,780;20220929;03:50:00;03:55:00;46;20.28;218
E4S 56,780;20220929;03:55:00;04:00:00;47;20.65;194
E4S 56,780;20220929;04:00:00;04:05:00;48;20.89;128
E4S 56,780;20220929;04:05:00;04:10:00;49;21.23;148
E4S 56,780;20220929;04:10:00;04:15:00;50;20.58;188
E4S 56,780;20220929;04:15:00;04:20:00;51;20.37;214
E4S 56,780;20220929;04:20:00;04:25:00;52;19.42;278
E4S 56,780;20220929;04:25:00;04:30:00;53;19.79;275
E4S 56,780;20220929;04:30:00;04:35:00;54;19.69;262
E4S 56,780;20220929;04:35:00;04:40:00;55;19.22;257
E4S 56,780;20220929;04:40:00;04:45:00;56;19.18;278
E4S 56,780;20220929;04:45:00;04:50:00;57;18.37;345
E4S 56,780;20220929;04:50:00;04:55:00;58;19.08;320
E4S 56,780;20220929;04:55:00;05:00:00;59;20.27;288
E4S 56,780;20220929;05:00:00;05:05:00;60;19.56;270
E4S 56,780;20220929;05:05:00;05:10:00;61;19.46;290
E4S 56,780;20220929;05:10:00;05:15:00;62;19.25;306
E4S 56,780;20220929;05:15:00;05:20:00;63;19.33;287
E4S 56,780;20220929;05:20:00;05:25:00;64;18.11;339
E4S 56,780;20220929;05:25:00;05:30:00;65;18.53;321
E4S 56,780;20220929;05:30:00;05:35:00;66;17.99;367
E4S 56,780;20220929;05:35:00;05:40:00;67;17.98;360
E4S 56,780;20220929;05:40:00;05:45:00;68;18.45;361
E4S 56,780;20220929;05:45:00;05:50:00;69;19.09;302
E4S 56,780;20220929;05:50:00;05:55:00;70;17.95;337
E4S 56,780;20220929;05:55:00;06:00:00;71;17.72;351
E4S 56,780;20220929;06:00:00;06:05:00;72;18.76;313
E4S 56,780;20220929;06:05:00;06:10:00;73;18.49;324
E4S 56,780;20220929;06:10:00;06:15:00;74;18.24;329
E4S 56,780;20220929;06:15:00;06:20:00;75;18.03;345
E4S 56,780;20220929;06:20:00;06:25:00;76;18.02;331
E4S 56,780;20220929;06:25:00;06:30:00;77;17.92;354
E4S 56,780;20220929;06:30:00;06:35:00;78;18.12;321
E4S 56,780;20220929;06:35:00;06:40:00;79;17.90;317
E4S 56,780;20220929;06:40:00;06:45:00;80;17.97;327
E4S 56,780;20220929;06:45:00;06:50:00;81;17.53;370
E4S 56,780;20220929;06:50:00;06:55:00;82;18.53;312
E4S 56,780;20220929;06:55:00;07:00:00;83;18.17;356
E4S 56,780;20220929;07:00:00;07:05:00;84;17.81;336
E4S 56,780;20220929;07:05:00;07:10:00;85;18.49;305
E4S 56,780;20220929;07:10:00;07:15:00;86;18.29;338
E4S 56,780;20220929;07:15:00;07:20:00;87;18.19;311
E4S 56,780;20220929;07:20:00;07:25:00;88;18.10;331
E4S 56,780;20220929;07:25:00;07:30:00;89;18.06;323
E4S 56,780;20220929;07:30:00;07:35:00;90;17.85;337
E4S 56,780;20220929;07:35:00;07:40:00;91;18.06;294
E4S 56,780;20220929;07:40:00;07:45:00;92;17.30;347
E4S 56,780;20220929;07:45:00;07:50:00;93;18.18;315
E4S 56,780;20220929;07:50:00;07:55:00;94;18.08;272
E4S 56,780;20220929;07:55:00;08:00:00;95;18.43;256
E4S 56,780;20220929;08:00:00;08:05:00;96;18.39;266
E4S 56,780;20220929;08:05:00;08:10:00;97;18.62;265
E4S 56,780;20220929;08:10:00;08:15:00;98;18.73;287
E4S 56,780;20220929;08:15:00;08:20:00;99;18.25;325
E4S 56,780;20220929;08:20:00;08:25:00;100;17.63;324
E4S 56,780;20220929;08:25:00;08:30:00;101;18.50;315
E4S 56,780;20220929;08:30:00;08:35:00;102;17.97;336
E4S 56,780;20220929;08:35:00;08:40:00;103;17.97;324
E4S 56,780;20220929;08:40:00;08:45:00;104;18.71;277
E4S 56,780;20220929;08:45:00;08:50:00;105;17.95;299
E4S 56,780;20220929;08:50:00;08:55:00;106;17.91;294
E4S 56,780;20220929;08:55:00;09:00:00;107;18.61;266
E4S 56,780;20220929;09:00:00;09:05:00;108;19.05;288
E4S 56,780;20220929;09:05:00;09:10:00;109;18.36;319
E4S 56,780;20220929;09:10:00;09:15:00;110;18.56;308
E4S 56,780;20220929;09:15:00;09:20:00;111;18.82;273
E4S 56,780;20220929;09:20:00;09:25:00;112;18.51;341
E4S 56,780;20220929;09:25:00;09:30:00;113;18.90;271
E4S 56,780;20220929;09:30:00;09:35:00;114;18.54;312
E4S 56,780;20220929;09:35:00;09:40:00;115;18.43;317
E4S 56,780;20220929;09:40:00;09:45:00;116;18.40;332
E4S 56,780;20220929;09:45:00;09:50:00;117;18.37;287
E4S 56,780;20220929;09:50:00;09:55:00;118;18.53;323
E4S 56,780;20220929;09:55:00;10:00:00;119;18.85;287
E4S 56,780;20220929;10:00:00;10:05:00;120;18.48;305
E4S 56,780;20220929;10:05:00;10:10:00;121;18.42;337
E4S 56,780;20220929;10:10:00;10:15:00;122;18.56;284
E4S 56,780;20220929;10:15:00;10:20:00;123;18.41;337
E4S 56,780;20220929;10:20:00;10:25:00;124;17.70;314
E4S 56,780;20220929;10:25:00;10:30:00;125;18.11;364
E4S 56,780;20220929;10:30:00;10:35:00;126;18.24;355
E4S 56,780;20220929;10:35:00;10:40:00;127;18.19;311
E4S 56,780;20220929;10:40:00;10:45:00;128;18.64;325
E4S 56,780;20220929;10:45:00;10:50:00;129;18.22;340
E4S 56,780;20220929;10:50:00;10:55:00;130;17.91;345
E4S 56,780;20220929;10:55:00;11:00:00;131;18.18;332
E4S 56,780;20220929;11:00:00;11:05:00;132;18.96;295
E4S 56,780;20220929;11:05:00;11:10:00;133;17.89;304
E4S 56,780;20220929;11:10:00;11:15:00;134;18.26;353
E4S 56,780;20220929;11:15:00;11:20:00;135;18.12;346
E4S 56,780;20220929;11:20:00;11:25:00;136;18.15;277
E4S 56,780;20220929;11:25:00;11:30:00;137;17.17;340
E4S 56,780;20220929;11:30:00;11:35:00;138;15.06;416
E4S 56,780;20220929;11:35:00;11:40:00;139;16.82;374
E4S 56,780;20220929;11:40:00;11:45:00;140;18.22;340
E4S 56,780;20220929;11:45:00;11:50:00;141;18.13;367
E4S 56,780;20220929;11:50:00;11:55:00;142;17.51;367
E4S 56,780;20220929;11:55:00;12:00:00;143;17.63;333
E4S 56,780;20220929;12:00:00;12:05:00;144;17.98;389
E4S 56,780;20220929;12:05:00;12:10:00;145;17.67;408
E4S 56,780;20220929;12:10:00;12:15:00;146;17.67;371
E4S 56,780;20220929;12:15:00;12:20:00;147;17.26;431
E4S 56,780;20220929;12:20:00;12:25:00;148;16.23;422
E4S 56,780;20220929;12:25:00;12:30:00;149;17.16;395
E4S 56,780;20220929;12:30:00;12:35:00;150;17.46;365
E4S 56,780;20220929;12:35:00;12:40:00;151;16.81;383
E4S 56,780;20220929;12:40:00;12:45:00;152;11.11;373
E4S 56,780;20220929;12:45:00;12:50:00;153;8.78;285
E4S 56,780;20220929;12:50:00;12:55:00;154;7.95;295
E4S 56,780;20220929;12:55:00;13:00:00;155;7.67;208
E4S 56,780;20220929;13:00:00;13:05:00;156;8.68;294
E4S 56,780;20220929;13:05:00;13:10:00;157;12.89;382
E4S 56,780;20220929;13:10:00;13:15:00;158;15.10;415
E4S 56,780;20220929;13:15:00;13:20:00;159;14.85;409
E4S 56,780;20220929;13:20:00;13:25:00;160;11.26;397
E4S 56,780;20220929;13:25:00;13:30:00;161;9.06;335
E4S 56,780;20220929;13:30:00;13:35:00;162;8.96;284
E4S 56,780;20220929;13:35:00;13:40:00;163;9.63;305
E4S 56,780;20220929;13:40:00;13:45:00;164;9.44;293
E4S 56,780;20220929;13:45:00;13:50:00;165;9.62;331
E4S 56,780;20220929;13:50:00;13:55:00;166;9.65;318
E4S 56,780;20220929;13:55:00;14:00:00;167;9.41;309
E4S 56,780;20220929;14:00:00;14:05:00;168;8.36;244
E4S 56,780;20220929;14:05:00;14:10:00;169;10.57;347
E4S 56,780;20220929;14:10:00;14:15:00;170;12.51;371
E4S 56,780;20220929;14:15:00;14:20:00;171;9.10;375
E4S 56,780;20220929;14:20:00;14:25:00;172;8.97;328
E4S 56,780;20220929;14:25:00;14:30:00;173;9.05;309
E4S 56,780;20220929;14:30:00;14:35:00;174;9.33;337
E4S 56,780;20220929;14:35:00;14:40:00;175;8.81;335
E4S 56,780;20220929;14:40:00;14:45:00;176;9.30;354
E4S 56,780;20220929;14:45:00;14:50:00;177;8.24;309
E4S 56,780;20220929;14:50:00;14:55:00;178;8.11;319
E4S 56,780;20220929;14:55:00;15:00:00;179;6.72;295
E4S 56,780;20220929;15:00:00;15:05:00;180;7.81;302
E4S 56,780;20220929;15:05:00;15:10:00;181;7.77;324
E4S 56,780;20220929;15:10:00;15:15:00;182;8.40;299
E4S 56,780;20220929;15:15:00;15:20:00;183;7.88;340
E4S 56,780;20220929;15:20:00;15:25:00;184;7.72;328
E4S 56,780;20220929;15:25:00;15:30:00;185;9.44;307
E4S 56,780;20220929;15:30:00;15:35:00;186;9.77;354
E4S 56,780;20220929;15:35:00;15:40:00;187;6.94;309
E4S 56,780;20220929;15:40:00;15:45:00;188;13.69;260
E4S 56,780;20220929;15:45:00;15:50:00;189;16.66;241
E4S 56,780;20220929;15:50:00;15:55:00;190;16.17;247
E4S 56,780;20220929;15:55:00;16:00:00;191;16.68;253
E4S 56,780;20220929;16:00:00;16:05:00;192;15.62;276
E4S 56,780;20220929;16:05:00;16:10:00;193;15.84;343
E4S 56,780;20220929;16:10:00;16:15:00;194;16.40;344
E4S 56,780;20220929;16:15:00;16:20:00;195;15.20;368
E4S 56,780;20220929;16:20:00;16:25:00;196;15.11;327
E4S 56,780;20220929;16:25:00;16:30:00;197;15.19;354
E4S 56,780;20220929;16:30:00;16:35:00;198;14.42;377
E4S 56,780;20220929;16:35:00;16:40:00;199;15.49;364
E4S 56,780;20220929;16:40:00;16:45:00;200;16.64;349
E4S 56,780;20220929;16:45:00;16:50:00;201;15.73;344
E4S 56,780;20220929;16:50:00;16:55:00;202;16.93;260
E4S 56,780;20220929;16:55:00;17:00:00;203;16.70;243
E4S 56,780;20220929;17:00:00;17:05:00;204;16.95;240
E4S 56,780;20220929;17:05:00;17:10:00;205;16.36;220
E4S 56,780;20220929;17:10:00;17:15:00;206;16.52;241
E4S 56,780;20220929;17:15:00;17:20:00;207;16.46;252
E4S 56,780;20220929;17:20:00;17:25:00;208;16.60;242
E4S 56,780;20220929;17:25:00;17:30:00;209;17.51;260
E4S 56,780;20220929;17:30:00;17:35:00;210;17.52;252
E4S 56,780;20220929;17:35:00;17:40:00;211;17.24;231
E4S 56,780;20220929;17:40:00;17:45:00;212;18.76;249
E4S 56,780;20220929;17:45:00;17:50:00;213;19.06;222
E4S 56,780;20220929;17:50:00;17:55:00;214;18.96;229
E4S 56,780;20220929;17:55:00;18:00:00;215;19.17;209
E4S 56,780;20220929;18:00:00;18:05:00;216;18.90;234
E4S 56,780;20220929;18:05:00;18:10:00;217;19.22;166
E4S 56,780;20220929;18:10:00;18:15:00;218;18.99;204
E4S 56,780;20220929;18:15:00;18:20:00;219;18.55;205
E4S 56,780;20220929;18:20:00;18:25:00;220;19.02;204
E4S 56,780;20220929;18:25:00;18:30:00;221;19.05;164
E4S 56,780;20220929;18:30:00;18:35:00;222;18.61;183
E4S 56,780;20220929;18:35:00;18:40:00;223;19.05;174
E4S 56,780;20220929;18:40:00;18:45:00;224;19.45;174
E4S 56,780;20220929;18:45:00;18:50:00;225;18.82;150
E4S 56,780;20220929;18:50:00;18:55:00;226;19.78;179
E4S 56,780;20220929;18:55:00;19:00:00;227;19.73;169
E4S 56,780;20220929;19:00:00;19:05:00;228;20.02;165
E4S 56,780;20220929;19:05:00;19:10:00;229;19.52;155
E4S 56,780;20220929;19:10:00;19:15:00;230;19.76;191
E4S 56,780;20220929;19:15:00;19:20:00;231;19.37;198
E4S 56,780;20220929;19:20:00;19:25:00;232;19.60;172
E4S 56,780;20220929;19:25:00;19:30:00;233;19.17;183
E4S 56,780;20220929;19:30:00;19:35:00;234;19.46;153
E4S 56,780;20220929;19:35:00;19:40:00;235;19.89;159
E4S 56,780;20220929;19:40:00;19:45:00;236;19.50;152
E4S 56,780;20220929;19:45:00;19:50:00;237;19.75;158
E4S 56,780;20220929;19:50:00;19:55:00;238;19.71;146
E4S 56,780;20220929;19:55:00;20:00:00;239;19.08;140
E4S 56,780;20220929;20:00:00;20:05:00;240;20.27;120
E4S 56,780;20220929;20:05:00;20:10:00;241;20.06;126
E4S 56,780;20220929;20:10:00;20:15:00;242;20.09;115
E4S 56,780;20220929;20:15:00;20:20:00;243;20.13;131
E4S 56,780;20220929;20:20:00;20:25:00;244;19.62;115
E4S 56,780;20220929;20:25:00;20:30:00;245;19.67;97
E4S 56,780;20220929;20:30:00;20:35:00;246;19.48;118
E4S 56,780;20220929;20:35:00;20:40:00;247;20.21;75
E4S 56,780;20220929;20:40:00;20:45:00;248;19.70;100
E4S 56,780;20220929;20:45:00;20:50:00;249;19.61;87
E4S 56,780;20220929;20:50:00;20:55:00;250;20.80;73
E4S 56,780;20220929;20:55:00;21:00:00;251;20.36;89
E4S 56,780;20220929;21:00:00;21:05:00;252;20.14;80
E4S 56,780;20220929;21:05:00;21:10:00;253;20.96;64
E4S 56,780;20220929;21:10:00;21:15:00;254;20.28;67
E4S 56,780;20220929;21:15:00;21:20:00;255;20.82;76
E4S 56,780;20220929;21:20:00;21:25:00;256;19.81;62
E4S 56,780;20220929;21:25:00;21:30:00;257;20.07;62
E4S 56,780;20220929;21:30:00;21:35:00;258;19.45;49
E4S 56,780;20220929;21:35:00;21:40:00;259;20.39;41
E4S 56,780;20220929;21:40:00;21:45:00;260;20.48;40
E4S 56,780;20220929;21:45:00;21:50:00;261;20.10;45
E4S 56,780;20220929;21:50:00;21:55:00;262;19.69;30
E4S 56,780;20220929;21:55:00;22:00:00;263;19.48;49
E4S 56,780;20220929;22:00:00;22:05:00;264;20.14;43
E4S 56,780;20220929;22:05:00;22:10:00;265;20.77;51
E4S 56,780;20220929;22:10:00;22:15:00;266;21.11;42
E4S 56,780;20220929;22:15:00;22:20:00;267;20.62;42
E4S 56,780;20220929;22:20:00;22:25:00;268;20.43;44
E4S 56,780;20220929;22:25:00;22:30:00;269;20.29;29
E4S 56,780;20220929;22:30:00;22:35:00;270;19.89;46
E4S 56,780;20220929;22:35:00;22:40:00;271;20.87;42
E4S 56,780;20220929;22:40:00;22:45:00;272;19.33;46
E4S 56,780;20220929;22:45:00;22:50:00;273;19.29;34
E4S 56,780;20220929;22:50:00;22:55:00;274;20.77;36
E4S 56,780;20220929;22:55:00;23:00:00;275;18.89;35
E4S 56,780;20220929;23:00:00;23:05:00;276;20.67;36
E4S 56,780;20220929;23:05:00;23:10:00;277;21.08;37
E4S 56,780;20220929;23:10:00;23:15:00;278;21.45;32
E4S 56,780;20220929;23:15:00;23:20:00;279;20.08;20
E4S 56,780;20220929;23:20:00;23:25:00;280;20.07;34
E4S 56,780;20220929;23:25:00;23:30:00;281;20.28;36
E4S 56,780;20220929;23:30:00;23:35:00;282;19.78;31
E4S 56,780;20220929;23:35:00;23:40:00;283;20.92;24
E4S 56,780;20220929;23:40:00;23:45:00;284;20.55;30
E4S 56,780;20220929;23:45:00;23:50:00;285;20.92;29
E4S 56,780;20220929;23:50:00;23:55:00;286;20.29;32
E4S 56,780;20220929;23:55:00;24:00:00;287;20.79;22
E4S 56,780;20220930;00:00:00;00:05:00;0;20.84;18
E4S 56,780;20220930;00:05:00;00:10:00;1;21.21;19
E4S 56,780;20220930;00:10:00;00:15:00;2;21.68;21
E4S 56,780;20220930;00:15:00;00:20:00;3;20.11;20
E4S 56,780;20220930;00:20:00;00:25:00;4;19.86;17
E4S 56,780;20220930;00:25:00;00:30:00;5;19.09;18
E4S 56,780;20220930;00:30:00;00:35:00;6;21.48;26
E4S 56,780;20220930;00:35:00;00:40:00;7;22.97;11
E4S 56,780;20220930;00:40:00;00:45:00;8;20.65;22
E4S 56,780;20220930;00:45:00;00:50:00;9;22.14;17
E4S 56,780;20220930;00:50:00;00:55:00;10;21.21;20
E4S 56,780;20220930;00:55:00;01:00:00;11;22.13;17
E4S 56,780;20220930;01:00:00;01:05:00;12;20.36;15
E4S 56,780;20220930;01:05:00;01:10:00;13;20.45;14
E4S 56,780;20220930;01:10:00;01:15:00;14;19.76;18
E4S 56,780;20220930;01:15:00;01:20:00;15;21.08;20
E4S 56,780;20220930;01:20:00;01:25:00;16;20.91;29
E4S 56,780;20220930;01:25:00;01:30:00;17;22.20;19
E4S 56,780;20220930;01:30:00;01:35:00;18;20.97;19
E4S 56,780;20220930;01:35:00;01:40:00;19;19.75;20
E4S 56,780;20220930;01:40:00;01:45:00;20;21.76;25
E4S 56,780;20220930;01:45:00;01:50:00;21;20.93;29
E4S 56,780;20220930;01:50:00;01:55:00;22;22.41;14
E4S 56,780;20220930;01:55:00;02:00:00;23;20.15;19
E4S 56,780;20220930;02:00:00;02:05:00;24;22.22;17
E4S 56,780;20220930;02:05:00;02:10:00;25;23.24;21
E4S 56,780;20220930;02:10:00;02:15:00;26;23.16;24
E4S 56,780;20220930;02:15:00;02:20:00;27;21.09;32
E4S 56,780;20220930;02:20:00;02:25:00;28;22.61;23
E4S 56,780;20220930;02:25:00;02:30:00;29;21.43;28
E4S 56,780;20220930;02:30:00;02:35:00;30;21.94;32
E4S 56,780;20220930;02:35:00;02:40:00;31;20.92;30
E4S 56,780;20220930;02:40:00;02:45:00;32;21.41;36
E4S 56,780;20220930;02:45:00;02:50:00;33;21.51;45
E4S 56,780;20220930;02:50:00;02:55:00;34;22.05;30
E4S 56,780;20220930;02:55:00;03:00:00;35;20.49;35
E4S 56,780;20220930;03:00:00;03:05:00;36;21.60;35
E4S 56,780;20220930;03:05:00;03:10:00;37;21.92;36
E4S 56,780;20220930;03:10:00;03:15:00;38;21.32;60
E4S 56,780;20220930;03:15:00;03:20:00;39;20.90;63
E4S 56,780;20220930;03:20:00;03:25:00;40;21.22;65
E4S 56,780;20220930;03:25:00;03:30:00;41;21.29;75
E4S 56,780;20220930;03:30:00;03:35:00;42;21.51;92
E4S 56,780;20220930;03:35:00;03:40:00;43;21.19;102
E4S 56,780;20220930;03:40:00;03:45:00;44;21.59;129
E4S 56,780;20220930;03:45:00;03:50:00;45;20.53;158
E4S 56,780;20220930;03:50:00;03:55:00;46;20.96;184
E4S 56,780;20220930;03:55:00;04:00:00;47;21.84;171
E4S 56,780;20220930;04:00:00;04:05:00;48;21.79;138
E4S 56,780;20220930;04:05:00;04:10:00;49;21.77;124
E4S 56,780;20220930;04:10:00;04:15:00;50;20.25;180
E4S 56,780;20220930;04:15:00;04:20:00;51;21.05;228
E4S 56,780;20220930;04:20:00;04:25:00;52;20.27;228
E4S 56,780;20220930;04:25:00;04:30:00;53;20.46;257
E4S 56,780;20220930;04:30:00;04:35:00;54;20.23;253
E4S 56,780;20220930;04:35:00;04:40:00;55;20.61;209
E4S 56,780;20220930;04:40:00;04:45:00;56;20.42;271
E4S 56,780;20220930;04:45:00;04:50:00;57;19.77;297
E4S 56,780;20220930;04:50:00;04:55:00;58;20.39;256
E4S 56,780;20220930;04:55:00;05:00:00;59;20.05;268
E4S 56,780;20220930;05:00:00;05:05:00;60;20.38;242
E4S 56,780;20220930;05:05:00;05:10:00;61;20.18;246
E4S 56,780;20220930;05:10:00;05:15:00;62;20.16;270
E4S 56,780;20220930;05:15:00;05:20:00;63;20.08;261
E4S 56,780;20220930;05:20:00;05:25:00;64;19.55;316
E4S 56,780;20220930;05:25:00;05:30:00;65;19.03;326
E4S 56,780;20220930;05:30:00;05:35:00;66;19.21;351
E4S 56,780;20220930;05:35:00;05:40:00;67;19.60;285
E4S 56,780;20220930;05:40:00;05:45:00;68;19.05;331
E4S 56,780;20220930;05:45:00;05:50:00;69;19.27;313
E4S 56,780;20220930;05:50:00;05:55:00;70;19.41;278
E4S 56,780;20220930;05:55:00;06:00:00;71;19.56;271
E4S 56,780;20220930;06:00:00;06:05:00;72;19.03;315
E4S 56,780;20220930;06:05:00;06:10:00;73;18.98;299
E4S 56,780;20220930;06:10:00;06:15:00;74;19.59;268
E4S 56,780;20220930;06:15:00;06:20:00;75;18.89;296
E4S 56,780;20220930;06:20:00;06:25:00;76;18.52;293
E4S 56,780;20220930;06:25:00;06:30:00;77;19.13;262
E4S 56,780;20220930;06:30:00;06:35:00;78;18.46;325
E4S 56,780;20220930;06:35:00;06:40:00;79;19.57;309
E4S 56,780;20220930;06:40:00;06:45:00;80;19.45;320
E4S 56,780;20220930;06:45:00;06:50:00;81;19.36;288
E4S 56,780;20220930;06:50:00;06:55:00;82;19.14;266
E4S 56,780;20220930;06:55:00;07:00:00;83;19.55;271
E4S 56,780;20220930;07:00:00;07:05:00;84;18.82;258
E4S 56,780;20220930;07:05:00;07:10:00;85;19.43;251
E4S 56,780;20220930;07:10:00;07:15:00;86;19.07;293
E4S 56,780;20220930;07:15:00;07:20:00;87;19.03;282
E4S 56,780;20220930;07:20:00;07:25:00;88;19.17;288
E4S 56,780;20220930;07:25:00;07:30:00;89;19.00;265
E4S 56,780;20220930;07:30:00;07:35:00;90;18.40;296
E4S 56,780;20220930;07:35:00;07:40:00;91;18.53;306
E4S 56,780;20220930;07:40:00;07:45:00;92;19.04;291
E4S 56,780;20220930;07:45:00;07:50:00;93;18.63;335
E4S 56,780;20220930;07:50:00;07:55:00;94;19.00;313
E4S 56,780;20220930;07:55:00;08:00:00;95;18.89;316
E4S 56,780;20220930;08:00:00;08:05:00;96;18.81;280
E4S 56,780;20220930;08:05:00;08:10:00;97;18.66;301
E4S 56,780;20220930;08:10:00;08:15:00;98;18.76;296
E4S 56,780;20220930;08:15:00;08:20:00;99;18.07;308
E4S 56,780;20220930;08:20:00;08:25:00;100;18.87;305
E4S 56,780;20220930;08:25:00;08:30:00;101;18.88;305
E4S 56,780;20220930;08:30:00;08:35:00;102;18.65;275
E4S 56,780;20220930;08:35:00;08:40:00;103;18.79;325
E4S 56,780;20220930;08:40:00;08:45:00;104;18.75;311
E4S 56,780;20220930;08:45:00;08:50:00;105;18.83;296
E4S 56,780;20220930;08:50:00;08:55:00;106;18.75;310
E4S 56,780;20220930;08:55:00;09:00:00;107;18.78;271
E4S 56,780;20220930;09:00:00;09:05:00;108;12.80;210
E4S 56,780;20220930;09:05:00;09:10:00;109;8.49;118
E4S 56,780;20220930;09:10:00;09:15:00;110;7.15;140
E4S 56,780;20220930;09:15:00;09:20:00;111;6.49;47
E4S 56,780;20220930;09:20:00;09:25:00;112;9.21;291
E4S 56,780;20220930;09:25:00;09:30:00;113;15.33;370
E4S 56,780;20220930;09:30:00;09:35:00;114;14.24;413
E4S 56,780;20220930;09:35:00;09:40:00;115;14.80;425
E4S 56,780;20220930;09:40:00;09:45:00;116;18.36;320
E4S 56,780;20220930;09:45:00;09:50:00;117;17.76;312
E4S 56,780;20220930;09:50:00;09:55:00;118;18.33;304
E4S 56,780;20220930;09:55:00;10:00:00;119;18.60;313
E4S 56,780;20220930;10:00:00;10:05:00;120;18.72;338
E4S 56,780;20220930;10:05:00;10:10:00;121;18.17;384
E4S 56,780;20220930;10:10:00;10:15:00;122;18.82;351
E4S 56,780;20220930;10:15:00;10:20:00;123;18.06;367
E4S 56,780;20220930;10:20:00;10:25:00;124;18.33;356
E4S 56,780;20220930;10:25:00;10:30:00;125;18.43;351
E4S 56,780;20220930;10:30:00;10:35:00;126;19.00;323
E4S 56,780;20220930;10:35:00;10:40:00;127;18.53;340
E4S 56,780;20220930;10:40:00;10:45:00;128;18.60;340
E4S 56,780;20220930;10:45:00;10:50:00;129;18.03;372
E4S 56,780;20220930;10:50:00;10:55:00;130;18.46;381
E4S 56,780;20220930;10:55:00;11:00:00;131;17.77;339
E4S 56,780;20220930;11:00:00;11:05:00;132;16.69;337
E4S 56,780;20220930;11:05:00;11:10:00;133;16.56;368
E4S 56,780;20220930;11:10:00;11:15:00;134;16.41;342
E4S 56,780;20220930;11:15:00;11:20:00;135;16.16;399
E4S 56,780;20220930;11:20:00;11:25:00;136;17.01;380
E4S 56,780;20220930;11:25:00;11:30:00;137;16.95;382
E4S 56,780;20220930;11:30:00;11:35:00;138;17.75;382
E4S 56,780;20220930;11:35:00;11:40:00;139;17.24;393
E4S 56,780;20220930;11:40:00;11:45:00;140;17.37;448
E4S 56,780;20220930;11:45:00;11:50:00;141;17.65;400
E4S 56,780;20220930;11:50:00;11:55:00;142;16.80;423
E4S 56,780;20220930;11:55:00;12:00:00;143;18.14;372
E4S 56,780;20220930;12:00:00;12:05:00;144;19.07;359
E4S 56,780;20220930;12:05:00;12:10:00;145;17.54;383
E4S 56,780;20220930;12:10:00;12:15:00;146;17.28;398
E4S 56,780;20220930;12:15:00;12:20:00;147;17.45;431
E4S 56,780;20220930;12:20:00;12:25:00;148;17.34;446
E4S 56,780;20220930;12:25:00;12:30:00;149;17.63;429
E4S 56,780;20220930;12:30:00;12:35:00;150;17.03;391
E4S 56,780;20220930;12:35:00;12:40:00;151;17.32;430
E4S 56,780;20220930;12:40:00;12:45:00;152;17.23;403
E4S 56,780;20220930;12:45:00;12:50:00;153;16.88;431
E4S 56,780;20220930;12:50:00;12:55:00;154;10.28;319
E4S 56,780;20220930;12:55:00;13:00:00;155;13.16;361
E4S 56,780;20220930;13:00:00;13:05:00;156;14.02;405
E4S 56,780;20220930;13:05:00;13:10:00;157;11.75;346
E4S 56,780;20220930;13:10:00;13:15:00;158;8.85;218
E4S 56,780;20220930;13:15:00;13:20:00;159;11.30;396
E4S 56,780;20220930;13:20:00;13:25:00;160;10.96;343
E4S 56,780;20220930;13:25:00;13:30:00;161;12.69;392
E4S 56,780;20220930;13:30:00;13:35:00;162;11.00;340
E4S 56,780;20220930;13:35:00;13:40:00;163;10.47;371
E4S 56,780;20220930;13:40:00;13:45:00;164;10.00;340
E4S 56,780;20220930;13:45:00;13:50:00;165;9.72;312
E4S 56,780;20220930;13:50:00;13:55:00;166;11.91;370
E4S 56,780;20220930;13:55:00;14:00:00;167;10.47;326
E4S 56,780;20220930;14:00:00;14:05:00;168;10.02;295
E4S 56,780;20220930;14:05:00;14:10:00;169;11.53;341
E4S 56,780;20220930;14:10:00;14:15:00;170;12.72;360
E4S 56,780;20220930;14:15:00;14:20:00;171;10.16;352
E4S 56,780;20220930;14:20:00;14:25:00;172;8.26;272
E4S 56,780;20220930;14:25:00;14:30:00;173;8.51;294
E4S 56,780;20220930;14:30:00;14:35:00;174;11.00;344
E4S 56,780;20220930;14:35:00;14:40:00;175;10.96;345
E4S 56,780;20220930;14:40:00;14:45:00;176;7.58;246
E4S 56,780;20220930;14:45:00;14:50:00;177;9.28;316
E4S 56,780;20220930;14:50:00;14:55:00;178;10.11;339
E4S 56,780;20220930;14:55:00;15:00:00;179;10.71;375
E4S 56,780;20220930;15:00:00;15:05:00;180;12.40;363
E4S 56,780;20220930;15:05:00;15:10:00;181;7.82;319
E4S 56,780;20220930;15:10:00;15:15:00;182;10.53;354
E4S 56,780;20220930;15:15:00;15:20:00;183;9.43;349
E4S 56,780;20220930;15:20:00;15:25:00;184;9.01;328
E4S 56,780;20220930;15:25:00;15:30:00;185;9.65;343
E4S 56,780;20220930;15:30:00;15:35:00;186;15.90;304
E4S 56,780;20220930;15:35:00;15:40:00;187;16.57;296
E4S 56,780;20220930;15:40:00;15:45:00;188;16.50;319
E4S 56,780;20220930;15:45:00;15:50:00;189;17.05;270
E4S 56,780;20220930;15:50:00;15:55:00;190;17.05;321
E4S 56,780;20220930;15:55:00;16:00:00;191;17.05;250
E4S 56,780;20220930;16:00:00;16:05:00;192;17.15;278
E4S 56,780;20220930;16:05:00;16:10:00;193;17.61;282
E4S 56,780;20220930;16:10:00;16:15:00;194;17.89;290
E4S 56,780;20220930;16:15:00;16:20:00;195;17.12;291
E4S 56,780;20220930;16:20:00;16:25:00;196;17.17;247
E4S 56,780;20220930;16:25:00;16:30:00;197;15.63;266
E4S 56,780;20220930;16:30:00;16:35:00;198;17.23;309
E4S 56,780;20220930;16:35:00;16:40:00;199;17.57;303
E4S 56,780;20220930;16:40:00;16:45:00;200;16.24;274
E4S 56,780;20220930;16:45:00;16:50:00;201;16.85;288
E4S 56,780;20220930;16:50:00;16:55:00;202;17.19;290
E4S 56,780;20220930;16:55:00;17:00:00;203;17.03;276
E4S 56,780;20220930;17:00:00;17:05:00;204;17.42;247
E4S 56,780;20220930;17:05:00;17:10:00;205;16.95;240
E4S 56,780;20220930;17:10:00;17:15:00;206;17.75;218
E4S 56,780;20220930;17:15:00;17:20:00;207;17.61;241
E4S 56,780;20220930;17:20:00;17:25:00;208;17.46;237
E4S 56,780;20220930;17:25:00;17:30:00;209;17.01;228
E4S 56,780;20220930;17:30:00;17:35:00;210;18.91;195
E4S 56,780;20220930;17:35:00;17:40:00;211;19.31;203
E4S 56,780;20220930;17:40:00;17:45:00;212;18.91;213
E4S 56,780;20220930;17:45:00;17:50:00;213;19.37;199
E4S 56,780;20220930;17:50:00;17:55:00;214;19.82;167
E4S 56,780;20220930;17:55:00;18:00:00;215;19.26;191
E4S 56,780;20220930;18:00:00;18:05:00;216;19.56;175
E4S 56,780;20220930;18:05:00;18:10:00;217;19.56;192
E4S 56,780;20220930;18:10:00;18:15:00;218;18.78;202
E4S 56,780;20220930;18:15:00;18:20:00;219;19.19;185
E4S 56,780;20220930;18:20:00;18:25:00;220;19.27;193
E4S 56,780;20220930;18:25:00;18:30:00;221;18.95;177
E4S 56,780;20220930;18:30:00;18:35:00;222;19.74;153
E4S 56,780;20220930;18:35:00;18:40:00;223;19.42;159
E4S 56,780;20220930;18:40:00;18:45:00;224;19.54;159
E4S 56,780;20220930;18:45:00;18:50:00;225;19.44;173
E4S 56,780;20220930;18:50:00;18:55:00;226;19.50;161
E4S 56,780;20220930;18:55:00;19:00:00;227;19.11;163
E4S 56,780;20220930;19:00:00;19:05:00;228;19.89;166
E4S 56,780;20220930;19:05:00;19:10:00;229;19.41;133
E4S 56,780;20220930;19:10:00;19:15:00;230;19.68;159
E4S 56,780;20220930;19:15:00;19:20:00;231;19.39;157
E4S 56,780;20220930;19:20:00;19:25:00;232;19.49;146
E4S 56,780;20220930;19:25:00;19:30:00;233;19.18;142
E4S 56,780;20220930;19:30:00;19:35:00;234;19.20;148
E4S 56,780;20220930;19:35:00;19:40:00;235;20.30;115
E4S 56,780;20220930;19:40:00;19:45:00;236;19.73;134
E4S 56,780;20220930;19:45:00;19:50:00;237;20.12;122
E4S 56,780;20220930;19:50:00;19:55:00;238;19.78;137
E4S 56,780;20220930;19:55:00;20:00:00;239;19.93;147
E4S 56,780;20220930;20:00:00;20:05:00;240;20.05;103
E4S 56,780;20220930;20:05:00;20:10:00;241;19.29;104
E4S 56,780;20220930;20:10:00;20:15:00;242;19.01;127
E4S 56,780;20220930;20:15:00;20:20:00;243;19.44;105
E4S 56,780;20220930;20:20:00;20:25:00;244;19.66;127
E4S 56,780;20220930;20:25:00;20:30:00;245;18.20;136
E4S 56,780;20220930;20:30:00;20:35:00;246;19.14;110
E4S 56,780;20220930;20:35:00;20:40:00;247;19.77;111
E4S 56,780;20220930;20:40:00;20:45:00;248;19.83;112
E4S 56,780;20220930;20:45:00;20:50:00;249;19.40;99
E4S 56,780;20220930;20:50:00;20:55:00;250;20.13;110
E4S 56,780;20220930;20:55:00;21:00:00;251;19.71;91
E4S 56,780;20220930;21:00:00;21:05:00;252;20.63;94
E4S 56,780;20220930;21:05:00;21:10:00;253;19.75;101
E4S 56,780;20220930;21:10:00;21:15:00;254;19.73;84
E4S 56,780;20220930;21:15:00;21:20:00;255;19.47;88
E4S 56,780;20220930;21:20:00;21:25:00;256;19.18;93
E4S 56,780;20220930;21:25:00;21:30:00;257;20.51;96
E4S 56,780;20220930;21:30:00;21:35:00;258;19.87;59
E4S 56,780;20220930;21:35:00;21:40:00;259;19.30;84
E4S 56,780;20220930;21:40:00;21:45:00;260;19.79;71
E4S 56,780;20220930;21:45:00;21:50:00;261;20.19;72
E4S 56,780;20220930;21:50:00;21:55:00;262;20.39;89
E4S 56,780;20220930;21:55:00;22:00:00;263;21.14;73
E4S 56,780;20220930;22:00:00;22:05:00;264;20.37;71
E4S 56,780;20220930;22:05:00;22:10:00;265;19.28;85
E4S 56,780;20220930;22:10:00;22:15:00;266;20.53;84
E4S 56,780;20220930;22:15:00;22:20:00;267;19.66;72
E4S 56,780;20220930;22:20:00;22:25:00;268;20.16;78
E4S 56,780;20220930;22:25:00;22:30:00;269;18.39;68
E4S 56,780;20220930;22:30:00;22:35:00;270;20.13;83
E4S 56,780;20220930;22:35:00;22:40:00;271;19.50;57
E4S 56,780;20220930;22:40:00;22:45:00;272;19.64;57
E4S 56,780;20220930;22:45:00;22:50:00;273;19.17;66
E4S 56,780;20220930;22:50:00;22:55:00;274;19.67;63
E4S 56,780;20220930;22:55:00;23:00:00;275;20.43;62
E4S 56,780;20220930;23:00:00;23:05:00;276;20.21;33
E4S 56,780;20220930;23:05:00;23:10:00;277;18.70;55
E4S 56,780;20220930;23:10:00;23:15:00;278;20.06;53
E4S 56,780;20220930;23:15:00;23:20:00;279;19.77;60
E4S 56,780;20220930;23:20:00;23:25:00;280;19.75;51
E4S 56,780;20220930;23:25:00;23:30:00;281;19.64;53
E4S 56,780;20220930;23:30:00;23:35:00;282;20.54;56
E4S 56,780;20220930;23:35:00;23:40:00;283;19.97;52
E4S 56,780;20220930;23:40:00;23:45:00;284;20.00;47
E4S 56,780;20220930;23:45:00;23:50:00;285;19.91;39
E4S 56,780;20220930;23:50:00;23:55:00;286;19.52;33
E4S 56,780;20220930;23:55:00;24:00:00;287;20.01;29
E4S 56,780;20221005;00:00:00;00:05:00;0;20.64;14
E4S 56,780;20221005;00:05:00;00:10:00;1;20.36;11
E4S 56,780;20221005;00:10:00;00:15:00;2;20.07;20
E4S 56,780;20221005;00:15:00;00:20:00;3;20.63;11
E4S 56,780;20221005;00:20:00;00:25:00;4;19.45;18
E4S 56,780;20221005;00:25:00;00:30:00;5;19.55;17
E4S 56,780;20221005;00:30:00;00:35:00;6;20.62;30
E4S 56,780;20221005;00:35:00;00:40:00;7;19.99;23
E4S 56,780;20221005;00:40:00;00:45:00;8;20.70;25
E4S 56,780;20221005;00:45:00;00:50:00;9;21.11;20
E4S 56,780;20221005;00:50:00;00:55:00;10;20.98;19
E4S 56,780;20221005;00:55:00;01:00:00;11;20.34;17
E4S 56,780;20221005;01:00:00;01:05:00;12;23.13;22
E4S 56,780;20221005;01:05:00;01:10:00;13;19.44;16
E4S 56,780;20221005;01:10:00;01:15:00;14;21.52;16
E4S 56,780;20221005;01:15:00;01:20:00;15;18.83;17
E4S 56,780;20221005;01:20:00;01:25:00;16;20.00;10
E4S 56,780;20221005;01:25:00;01:30:00;17;20.91;21
E4S 56,780;20221005;01:30:00;01:35:00;18;22.56;18
E4S 56,780;20221005;01:35:00;01:40:00;19;20.72;20
E4S 56,780;20221005;01:40:00;01:45:00;20;20.41;16
E4S 56,780;20221005;01:45:00;01:50:00;21;20.64;11
E4S 56,780;20221005;01:50:00;01:55:00;22;20.60;16
E4S 56,780;20221005;01:55:00;02:00:00;23;20.62;28
E4S 56,780;20221005;02:00:00;02:05:00;24;22.00;15
E4S 56,780;20221005;02:05:00;02:10:00;25;19.40;21
E4S 56,780;20221005;02:10:00;02:15:00;26;20.09;20
E4S 56,780;20221005;02:15:00;02:20:00;27;20.67;35
E4S 56,780;20221005;02:20:00;02:25:00;28;20.54;26
E4S 56,780;20221005;02:25:00;02:30:00;29;20.58;25
E4S 56,780;20221005;02:30:00;02:35:00;30;20.32;26
E4S 56,780;20221005;02:35:00;02:40:00;31;20.66;26
E4S 56,780;20221005;02:40:00;02:45:00;32;21.20;40
E4S 56,780;20221005;02:45:00;02:50:00;33;20.75;40
E4S 56,780;20221005;02:50:00;02:55:00;34;20.12;34
E4S 56,780;20221005;02:55:00;03:00:00;35;20.80;40
E4S 56,780;20221005;03:00:00;03:05:00;36;20.34;37
E4S 56,780;20221005;03:05:00;03:10:00;37;20.71;42
E4S 56,780;20221005;03:10:00;03:15:00;38;21.46;55
E4S 56,780;20221005;03:15:00;03:20:00;39;20.87;59
E4S 56,780;20221005;03:20:00;03:25:00;40;20.51;68
E4S 56,780;20221005;03:25:00;03:30:00;41;20.93;62
E4S 56,780;20221005;03:30:00;03:35:00;42;20.78;123
E4S 56,780;20221005;03:35:00;03:40:00;43;20.30;135
E4S 56,780;20221005;03:40:00;03:45:00;44;21.19;136
E4S 56,780;20221005;03:45:00;03:50:00;45;20.74;185
E4S 56,780;20221005;03:50:00;03:55:00;46;20.36;189
E4S 56,780;20221005;03:55:00;04:00:00;47;20.55;226
E4S 56,780;20221005;04:00:00;04:05:00;48;20.68;138
E4S 56,780;20221005;04:05:00;04:10:00;49;20.97;155
E4S 56,780;20221005;04:10:00;04:15:00;50;21.47;144
E4S 56,780;20221005;04:15:00;04:20:00;51;20.06;231
E4S 56,780;20221005;04:20:00;04:25:00;52;19.67;252
E4S 56,780;20221005;04:25:00;04:30:00;53;19.49;304
E4S 56,780;20221005;04:30:00;04:35:00;54;19.63;266
E4S 56,780;20221005;04:35:00;04:40:00;55;19.68;288
E4S 56,780;20221005;04:40:00;04:45:00;56;19.41;306
E4S 56,780;20221005;04:45:00;04:50:00;57;19.29;328
E4S 56,780;20221005;04:50:00;04:55:00;58;19.26;312
E4S 56,780;20221005;04:55:00;05:00:00;59;19.03;312
E4S 56,780;20221005;05:00:00;05:05:00;60;18.99;292
E4S 56,780;20221005;05:05:00;05:10:00;61;18.90;319
E4S 56,780;20221005;05:10:00;05:15:00;62;19.77;275
E4S 56,780;20221005;05:15:00;05:20:00;63;19.37;315
E4S 56,780;20221005;05:20:00;05:25:00;64;19.68;267
E4S 56,780;20221005;05:25:00;05:30:00;65;18.98;320
E4S 56,780;20221005;05:30:00;05:35:00;66;18.84;331
E4S 56,780;20221005;05:35:00;05:40:00;67;18.15;354
E4S 56,780;20221005;05:40:00;05:45:00;68;18.40;323
E4S 56,780;20221005;05:45:00;05:50:00;69;18.22;349
E4S 56,780;20221005;05:50:00;05:55:00;70;17.43;373
E4S 56,780;20221005;05:55:00;06:00:00;71;19.37;276
E4S 56,780;20221005;06:00:00;06:05:00;72;17.75;311
E4S 56,780;20221005;06:05:00;06:10:00;73;18.31;302
E4S 56,780;20221005;06:10:00;06:15:00;74;18.35;344
E4S 56,780;20221005;06:15:00;06:20:00;75;18.80;307
E4S 56,780;20221005;06:20:00;06:25:00;76;18.00;331
E4S 56,780;20221005;06:25:00;06:30:00;77;18.29;336
E4S 56,780;20221005;06:30:00;06:35:00;78;17.95;366
E4S 56,780;20221005;06:35:00;06:40:00;79;17.98;325
E4S 56,780;20221005;06:40:00;06:45:00;80;17.61;346
E4S 56,780;20221005;06:45:00;06:50:00;81;18.57;313
E4S 56,780;20221005;06:50:00;06:55:00;82;17.46;385
E4S 56,780;20221005;06:55:00;07:00:00;83;17.64;367
E4S 56,780;20221005;07:00:00;07:05:00;84;17.92;328
E4S 56,780;20221005;07:05:00;07:10:00;85;17.31;348
E4S 56,780;20221005;07:10:00;07:15:00;86;17.65;352
E4S 56,780;20221005;07:15:00;07:20:00;87;18.72;270
E4S 56,780;20221005;07:20:00;07:25:00;88;18.56;278
E4S 56,780;20221005;07:25:00;07:30:00;89;18.65;298
E4S 56,780;20221005;07:30:00;07:35:00;90;18.06;310
E4S 56,780;20221005;07:35:00;07:40:00;91;18.40;296
E4S 56,780;20221005;07:40:00;07:45:00;92;18.20;335
E4S 56,780;20221005;07:45:00;07:50:00;93;18.44;318
E4S 56,780;20221005;07:50:00;07:55:00;94;17.87;302
E4S 56,780;20221005;07:55:00;08:00:00;95;18.80;275
E4S 56,780;20221005;08:00:00;08:05:00;96;18.13;262
E4S 56,780;20221005;08:05:00;08:10:00;97;18.26;296
E4S 56,780;20221005;08:10:00;08:15:00;98;18.74;261
E4S 56,780;20221005;08:15:00;08:20:00;99;17.84;295
E4S 56,780;20221005;08:20:00;08:25:00;100;17.81;290
E4S 56,780;20221005;08:25:00;08:30:00;101;18.06;298
E4S 56,780;20221005;08:30:00;08:35:00;102;18.47;272
E4S 56,780;20221005;08:35:00;08:40:00;103;18.12;287
E4S 56,780;20221005;08:40:00;08:45:00;104;18.12;297
E4S 56,780;20221005;08:45:00;08:50:00;105;17.82;347
E4S 56,780;20221005;08:50:00;08:55:00;106;18.50;276
E4S 56,780;20221005;08:55:00;09:00:00;107;18.50;275
E4S 56,780;20221005;09:00:00;09:05:00;108;18.84;276
E4S 56,780;20221005;09:05:00;09:10:00;109;18.46;290
E4S 56,780;20221005;09:10:00;09:15:00;110;18.31;308
E4S 56,780;20221005;09:15:00;09:20:00;111;18.58;293
E4S 56,780;20221005;09:20:00;09:25:00;112;18.94;269
E4S 56,780;20221005;09:25:00;09:30:00;113;18.96;288
E4S 56,780;20221005;09:30:00;09:35:00;114;18.25;309
E4S 56,780;20221005;09:35:00;09:40:00;115;18.55;308
E4S 56,780;20221005;09:40:00;09:45:00;116;18.65;319
E4S 56,780;20221005;09:45:00;09:50:00;117;18.52;302
E4S 56,780;20221005;09:50:00;09:55:00;118;18.47;330
E4S 56,780;20221005;09:55:00;10:00:00;119;18.92;285
E4S 56,780;20221005;10:00:00;10:05:00;120;18.67;331
E4S 56,780;20221005;10:05:00;10:10:00;121;17.90;295
E4S 56,780;20221005;10:10:00;10:15:00;122;18.73;326
E4S 56,780;20221005;10:15:00;10:20:00;123;18.97;293
E4S 56,780;20221005;10:20:00;10:25:00;124;17.78;342
E4S 56,780;20221005;10:25:00;10:30:00;125;17.15;343
E4S 56,780;20221005;10:30:00;10:35:00;126;17.50;343
E4S 56,780;20221005;10:35:00;10:40:00;127;18.23;314
E4S 56,780;20221005;10:40:00;10:45:00;128;18.12;315
E4S 56,780;20221005;10:45:00;10:50:00;129;17.79;308
E4S 56,780;20221005;10:50:00;10:55:00;130;18.91;289
E4S 56,780;20221005;10:55:00;11:00:00;131;19.05;312
E4S 56,780;20221005;11:00:00;11:05:00;132;18.18;318
E4S 56,780;20221005;11:05:00;11:10:00;133;18.51;313
E4S 56,780;20221005;11:10:00;11:15:00;134;18.27;331
E4S 56,780;20221005;11:15:00;11:20:00;135;18.24;329
E4S 56,780;20221005;11:20:00;11:25:00;136;18.86;309
E4S 56,780;20221005;11:25:00;11:30:00;137;18.41;308
E4S 56,780;20221005;11:30:00;11:35:00;138;18.16;312
E4S 56,780;20221005;11:35:00;11:40:00;139;18.59;349
E4S 56,780;20221005;11:40:00;11:45:00;140;17.59;354
E4S 56,780;20221005;11:45:00;11:50:00;141;18.27;320
E4S 56,780;20221005;11:50:00;11:55:00;142;12.01;249
E4S 56,780;20221005;11:55:00;12:00:00;143;7.03;118
E4S 56,780;20221005;12:00:00;12:05:00;144;6.56;113
E4S 56,780;20221005;12:05:00;12:10:00;145;8.10;166
E4S 56,780;20221005;12:10:00;12:15:00;146;8.19;299
E4S 56,780;20221005;12:15:00;12:20:00;147;7.92;253
E4S 56,780;20221005;12:20:00;12:25:00;148;7.33;259
E4S 56,780;20221005;12:25:00;12:30:00;149;7.31;266
E4S 56,780;20221005;12:30:00;12:35:00;150;10.30;347
E4S 56,780;20221005;12:35:00;12:40:00;151;14.69;413
E4S 56,780;20221005;12:40:00;12:45:00;152;13.56;426
E4S 56,780;20221005;12:45:00;12:50:00;153;13.31;416
E4S 56,780;20221005;12:50:00;12:55:00;154;12.38;355
E4S 56,780;20221005;12:55:00;13:00:00;155;10.34;375
E4S 56,780;20221005;13:00:00;13:05:00;156;11.32;359
E4S 56,780;20221005;13:05:00;13:10:00;157;11.18;378
E4S 56,780;20221005;13:10:00;13:15:00;158;9.84;327
E4S 56,780;20221005;13:15:00;13:20:00;159;11.49;349
E4S 56,780;20221005;13:20:00;13:25:00;160;9.15;318
E4S 56,780;20221005;13:25:00;13:30:00;161;8.67;336
E4S 56,780;20221005;13:30:00;13:35:00;162;9.65;370
E4S 56,780;20221005;13:35:00;13:40:00;163;9.88;351
E4S 56,780;20221005;13:40:00;13:45:00;164;12.19;393
E4S 56,780;20221005;13:45:00;13:50:00;165;9.67;362
E4S 56,780;20221005;13:50:00;13:55:00;166;9.65;378
E4S 56,780;20221005;13:55:00;14:00:00;167;7.89;356
E4S 56,780;20221005;14:00:00;14:05:00;168;6.68;307
E4S 56,780;20221005;14:05:00;14:10:00;169;7.90;293
E4S 56,780;20221005;14:10:00;14:15:00;170;6.40;251
E4S 56,780;20221005;14:15:00;14:20:00;171;5.14;226
E4S 56,780;20221005;14:20:00;14:25:00;172;7.41;283
E4S 56,780;20221005;14:25:00;14:30:00;173;7.13;311
E4S 56,780;20221005;14:30:00;14:35:00;174;8.17;354
E4S 56,780;20221005;14:35:00;14:40:00;175;11.37;358
E4S 56,780;20221005;14:40:00;14:45:00;176;7.91;294
E4S 56,780;20221005;14:45:00;14:50:00;177;6.86;172
E4S 56,780;20221005;14:50:00;14:55:00;178;6.26;215
E4S 56,780;20221005;14:55:00;15:00:00;179;7.56;288
E4S 56,780;20221005;15:00:00;15:05:00;180;5.83;192
E4S 56,780;20221005;15:05:00;15:10:00;181;8.35;341
E4S 56,780;20221005;15:10:00;15:15:00;182;9.70;396
E4S 56,780;20221005;15:15:00;15:20:00;183;10.70;395
E4S 56,780;20221005;15:20:00;15:25:00;184;10.69;365
E4S 56,780;20221005;15:25:00;15:30:00;185;7.33;328
E4S 56,780;20221005;15:30:00;15:35:00;186;11.02;375
E4S 56,780;20221005;15:35:00;15:40:00;187;10.43;393
E4S 56,780;20221005;15:40:00;15:45:00;188;10.18;371
E4S 56,780;20221005;15:45:00;15:50:00;189;11.01;406
E4S 56,780;20221005;15:50:00;15:55:00;190;12.12;313
E4S 56,780;20221005;15:55:00;16:00:00;191;15.53;282
E4S 56,780;20221005;16:00:00;16:05:00;192;16.11;303
E4S 56,780;20221005;16:05:00;16:10:00;193;16.10;281
E4S 56,780;20221005;16:10:00;16:15:00;194;15.90;291
E4S 56,780;20221005;16:15:00;16:20:00;195;15.86;296
E4S 56,780;20221005;16:20:00;16:25:00;196;15.58;289
E4S 56,780;20221005;16:25:00;16:30:00;197;16.26;256
E4S 56,780;20221005;16:30:00;16:35:00;198;16.23;304
E4S 56,780;20221005;16:35:00;16:40:00;199;16.56;358
E4S 56,780;20221005;16:40:00;16:45:00;200;16.19;303
E4S 56,780;20221005;16:45:00;16:50:00;201;16.44;254
E4S 56,780;20221005;16:50:00;16:55:00;202;17.06;246
E4S 56,780;20221005;16:55:00;17:00:00;203;16.34;240
E4S 56,780;20221005;17:00:00;17:05:00;204;16.30;220
E4S 56,780;20221005;17:05:00;17:10:00;205;16.35;253
E4S 56,780;20221005;17:10:00;17:15:00;206;16.59;250
E4S 56,780;20221005;17:15:00;17:20:00;207;17.30;242
E4S 56,780;20221005;17:20:00;17:25:00;208;15.54;237
E4S 56,780;20221005;17:25:00;17:30:00;209;15.97;252
E4S 56,780;20221005;17:30:00;17:35:00;210;17.74;259
E4S 56,780;20221005;17:35:00;17:40:00;211;17.84;212
E4S 56,780;20221005;17:40:00;17:45:00;212;17.73;194
E4S 56,780;20221005;17:45:00;17:50:00;213;18.17;207
E4S 56,780;20221005;17:50:00;17:55:00;214;17.90;220
E4S 56,780;20221005;17:55:00;18:00:00;215;18.69;190
E4S 56,780;20221005;18:00:00;18:05:00;216;18.97;199
E4S 56,780;20221005;18:05:00;18:10:00;217;19.31;150
E4S 56,780;20221005;18:10:00;18:15:00;218;19.37;181
E4S 56,780;20221005;18:15:00;18:20:00;219;18.93;200
E4S 56,780;20221005;18:20:00;18:25:00;220;18.72;188
E4S 56,780;20221005;18:25:00;18:30:00;221;19.15;167
E4S 56,780;20221005;18:30:00;18:35:00;222;19.19;194
E4S 56,780;20221005;18:35:00;18:40:00;223;19.11;206
E4S 56,780;20221005;18:40:00;18:45:00;224;19.22;186
E4S 56,780;20221005;18:45:00;18:50:00;225;19.21;164
E4S 56,780;20221005;18:50:00;18:55:00;226;19.01;160
E4S 56,780;20221005;18:55:00;19:00:00;227;19.50;165
E4S 56,780;20221005;19:00:00;19:05:00;228;19.53;158
E4S 56,780;20221005;19:05:00;19:10:00;229;19.55;157
E4S 56,780;20221005;19:10:00;19:15:00;230;19.32;170
E4S 56,780;20221005;19:15:00;19:20:00;231;19.00;174
E4S 56,780;20221005;19:20:00;19:25:00;232;18.77;163
E4S 56,780;20221005;19:25:00;19:30:00;233;19.47;132
E4S 56,780;20221005;19:30:00;19:35:00;234;19.74;136
E4S 56,780;20221005;19:35:00;19:40:00;235;19.98;143
E4S 56,780;20221005;19:40:00;19:45:00;236;19.57;136
E4S 56,780;20221005;19:45:00;19:50:00;237;19.33;145
E4S 56,780;20221005;19:50:00;19:55:00;238;19.26;133
E4S 56,780;20221005;19:55:00;20:00:00;239;19.79;123
E4S 56,780;20221005;20:00:00;20:05:00;240;19.45;145
E4S 56,780;20221005;20:05:00;20:10:00;241;20.05;139
E4S 56,780;20221005;20:10:00;20:15:00;242;19.68;133
E4S 56,780;20221005;20:15:00;20:20:00;243;19.31;159
E4S 56,780;20221005;20:20:00;20:25:00;244;19.56;134
E4S 56,780;20221005;20:25:00;20:30:00;245;19.47;161
E4S 56,780;20221005;20:30:00;20:35:00;246;19.89;152
E4S 56,780;20221005;20:35:00;20:40:00;247;20.06;125
E4S 56,780;20221005;20:40:00;20:45:00;248;18.93;116
E4S 56,780;20221005;20:45:00;20:50:00;249;20.20;115
E4S 56,780;20221005;20:50:00;20:55:00;250;20.55;97
E4S 56,780;20221005;20:55:00;21:00:00;251;20.06;98
E4S 56,780;20221005;21:00:00;21:05:00;252;19.63;111
E4S 56,780;20221005;21:05:00;21:10:00;253;19.88;108
E4S 56,780;20221005;21:10:00;21:15:00;254;19.68;93
E4S 56,780;20221005;21:15:00;21:20:00;255;20.05;83
E4S 56,780;20221005;21:20:00;21:25:00;256;20.25;84
E4S 56,780;20221005;21:25:00;21:30:00;257;20.29;78
E4S 56,780;20221005;21:30:00;21:35:00;258;20.23;69
E4S 56,780;20221005;21:35:00;21:40:00;259;20.31;69
E4S 56,780;20221005;21:40:00;21:45:00;260;20.20;84
E4S 56,780;20221005;21:45:00;21:50:00;261;20.50;73
E4S 56,780;20221005;21:50:00;21:55:00;262;20.22;74
E4S 56,780;20221005;21:55:00;22:00:00;263;21.11;52
E4S 56,780;20221005;22:00:00;22:05:00;264;20.29;77
E4S 56,780;20221005;22:05:00;22:10:00;265;20.85;79
E4S 56,780;20221005;22:10:00;22:15:00;266;20.12;60
E4S 56,780;20221005;22:15:00;22:20:00;267;20.45;58
E4S 56,780;20221005;22:20:00;22:25:00;268;20.13;81
E4S 56,780;20221005;22:25:00;22:30:00;269;19.67;67
E4S 56,780;20221005;22:30:00;22:35:00;270;21.05;59
E4S 56,780;20221005;22:35:00;22:40:00;271;20.34;70
E4S 56,780;20221005;22:40:00;22:45:00;272;20.05;74
E4S 56,780;20221005;22:45:00;22:50:00;273;19.85;47
E4S 56,780;20221005;22:50:00;22:55:00;274;19.72;36
E4S 56,780;20221005;22:55:00;23:00:00;275;20.06;45
E4S 56,780;20221005;23:00:00;23:05:00;276;19.39;40
E4S 56,780;20221005;23:05:00;23:10:00;277;19.87;40
E4S 56,780;20221005;23:10:00;23:15:00;278;19.41;33
E4S 56,780;20221005;23:15:00;23:20:00;279;20.45;41
E4S 56,780;20221005;23:20:00;23:25:00;280;20.17;32
E4S 56,780;20221005;23:25:00;23:30:00;281;21.41;31
E4S 56,780;20221005;23:30:00;23:35:00;282;19.96;50
E4S 56,780;20221005;23:35:00;23:40:00;283;21.43;36
E4S 56,780;20221005;23:40:00;23:45:00;284;20.84;28
E4S 56,780;20221005;23:45:00;23:50:00;285;19.45;41
E4S 56,780;20221005;23:50:00;23:55:00;286;20.28;36
E4S 56,780;20221005;23:55:00;24:00:00;287;20.14;26
E4S 56,780;20221022;00:00:00;00:05:00;0;20.80;25
E4S 56,780;20221022;00:05:00;00:10:00;1;21.13;28
E4S 56,780;20221022;00:10:00;00:15:00;2;19.88;37
E4S 56,780;20221022;00:15:00;00:20:00;3;20.99;25
E4S 56,780;20221022;00:20:00;00:25:00;4;21.84;28
E4S 56,780;20221022;00:25:00;00:30:00;5;19.78;17
E4S 56,780;20221022;00:30:00;00:35:00;6;20.97;22
E4S 56,780;20221022;00:35:00;00:40:00;7;21.07;25
E4S 56,780;20221022;00:40:00;00:45:00;8;19.43;23
E4S 56,780;20221022;00:45:00;00:50:00;9;21.09;31
E4S 56,780;20221022;00:50:00;00:55:00;10;19.76;31
E4S 56,780;20221022;00:55:00;01:00:00;11;19.97;26
E4S 56,780;20221022;01:00:00;01:05:00;12;19.51;17
E4S 56,780;20221022;01:05:00;01:10:00;13;20.55;19
E4S 56,780;20221022;01:10:00;01:15:00;14;21.10;27
E4S 56,780;20221022;01:15:00;01:20:00;15;20.25;24
E4S 56,780;20221022;01:20:00;01:25:00;16;20.54;8
E4S 56,780;20221022;01:25:00;01:30:00;17;21.36;24
E4S 56,780;20221022;01:30:00;01:35:00;18;19.66;21
E4S 56,780;20221022;01:35:00;01:40:00;19;19.91;32
E4S 56,780;20221022;01:40:00;01:45:00;20;21.06;27
E4S 56,780;20221022;01:45:00;01:50:00;21;22.23;21
E4S 56,780;20221022;01:50:00;01:55:00;22;20.66;24
E4S 56,780;20221022;01:55:00;02:00:00;23;20.04;19
E4S 56,780;20221022;02:00:00;02:05:00;24;19.89;13
E4S 56,780;20221022;02:05:00;02:10:00;25;20.53;28
E4S 56,780;20221022;02:10:00;02:15:00;26;20.11;20
E4S 56,780;20221022;02:15:00;02:20:00;27;20.00;28
E4S 56,780;20221022;02:20:00;02:25:00;28;22.75;14
E4S 56,780;20221022;02:25:00;02:30:00;29;20.40;18
E4S 56,780;20221022;02:30:00;02:35:00;30;21.26;21
E4S 56,780;20221022;02:35:00;02:40:00;31;22.73;24
E4S 56,780;20221022;02:40:00;02:45:00;32;20.72;29
E4S 56,780;20221022;02:45:00;02:50:00;33;21.77;29
E4S 56,780;20221022;02:50:00;02:55:00;34;21.11;25
E4S 56,780;20221022;02:55:00;03:00:00;35;20.52;21
E4S 56,780;20221022;03:00:00;03:05:00;36;21.66;27
E4S 56,780;20221022;03:05:00;03:10:00;37;21.19;13
E4S 56,780;20221022;03:10:00;03:15:00;38;21.41;29
E4S 56,780;20221022;03:15:00;03:20:00;39;20.77;29
E4S 56,780;20221022;03:20:00;03:25:00;40;21.35;38
E4S 56,780;20221022;03:25:00;03:30:00;41;21.20;37
E4S 56,780;20221022;03:30:00;03:35:00;42;20.96;25
E4S 56,780;20221022;03:35:00;03:40:00;43;21.57;55
E4S 56,780;20221022;03:40:00;03:45:00;44;21.73;35
E4S 56,780;20221022;03:45:00;03:50:00;45;21.28;42
E4S 56,780;20221022;03:50:00;03:55:00;46;20.64;40
E4S 56,780;20221022;03:55:00;04:00:00;47;21.07;37
E4S 56,780;20221022;04:00:00;04:05:00;48;20.83;30
E4S 56,780;20221022;04:05:00;04:10:00;49;22.48;30
E4S 56,780;20221022;04:10:00;04:15:00;50;21.79;50
E4S 56,780;20221022;04:15:00;04:20:00;51;20.54;49
E4S 56,780;20221022;04:20:00;04:25:00;52;21.38;49
E4S 56,780;20221022;04:25:00;04:30:00;53;20.90;44
E4S 56,780;20221022;04:30:00;04:35:00;54;20.96;57
E4S 56,780;20221022;04:35:00;04:40:00;55;21.37;77
E4S 56,780;20221022;04:40:00;04:45:00;56;22.17;71
E4S 56,780;20221022;04:45:00;04:50:00;57;21.38;54
E4S 56,780;20221022;04:50:00;04:55:00;58;21.07;61
E4S 56,780;20221022;04:55:00;05:00:00;59;22.29;66
E4S 56,780;20221022;05:00:00;05:05:00;60;20.53;59
E4S 56,780;20221022;05:05:00;05:10:00;61;20.47;66
E4S 56,780;20221022;05:10:00;05:15:00;62;21.34;61
E4S 56,780;20221022;05:15:00;05:20:00;63;20.93;79
E4S 56,780;20221022;05:20:00;05:25:00;64;20.51;90
E4S 56,780;20221022;05:25:00;05:30:00;65;20.83;93
E4S 56,780;20221022;05:30:00;05:35:00;66;20.92;96
E4S 56,780;20221022;05:35:00;05:40:00;67;20.73;111
E4S 56,780;20221022;05:40:00;05:45:00;68;20.69;124
E4S 56,780;20221022;05:45:00;05:50:00;69;20.54;105
E4S 56,780;20221022;05:50:00;05:55:00;70;21.20;94
E4S 56,780;20221022;05:55:00;06:00:00;71;21.10;82
E4S 56,780;20221022;06:00:00;06:05:00;72;21.21;109
E4S 56,780;20221022;06:05:00;06:10:00;73;20.19;107
E4S 56,780;20221022;06:10:00;06:15:00;74;20.29;111
E4S 56,780;20221022;06:15:00;06:20:00;75;20.67;123
E4S 56,780;20221022;06:20:00;06:25:00;76;21.65;105
E4S 56,780;20221022;06:25:00;06:30:00;77;20.62;124
E4S 56,780;20221022;06:30:00;06:35:00;78;20.74;123
E4S 56,780;20221022;06:35:00;06:40:00;79;20.53;137
E4S 56,780;20221022;06:40:00;06:45:00;80;20.48;135
E4S 56,780;20221022;06:45:00;06:50:00;81;20.33;124
E4S 56,780;20221022;06:50:00;06:55:00;82;20.35;125
E4S 56,780;20221022;06:55:00;07:00:00;83;20.30;145
E4S 56,780;20221022;07:00:00;07:05:00;84;20.17;160
E4S 56,780;20221022;07:05:00;07:10:00;85;20.19;142
E4S 56,780;20221022;07:10:00;07:15:00;86;19.76;169
E4S 56,780;20221022;07:15:00;07:20:00;87;20.68;152
E4S 56,780;20221022;07:20:00;07:25:00;88;20.57;149
E4S 56,780;20221022;07:25:00;07:30:00;89;19.46;193
E4S 56,780;20221022;07:30:00;07:35:00;90;20.01;198
E4S 56,780;20221022;07:35:00;07:40:00;91;19.20;229
E4S 56,780;20221022;07:40:00;07:45:00;92;19.70;222
E4S 56,780;20221022;07:45:00;07:50:00;93;19.60;183
E4S 56,780;20221022;07:50:00;07:55:00;94;20.15;195
E4S 56,780;20221022;07:55:00;08:00:00;95;19.96;201
E4S 56,780;20221022;08:00:00;08:05:00;96;19.44;215
E4S 56,780;20221022;08:05:00;08:10:00;97;19.14;204
E4S 56,780;20221022;08:10:00;08:15:00;98;19.40;222
E4S 56,780;20221022;08:15:00;08:20:00;99;19.49;216
E4S 56,780;20221022;08:20:00;08:25:00;100;19.18;244
E4S 56,780;20221022;08:25:00;08:30:00;101;18.65;217
E4S 56,780;20221022;08:30:00;08:35:00;102;19.20;229
E4S 56,780;20221022;08:35:00;08:40:00;103;19.38;233
E4S 56,780;20221022;08:40:00;08:45:00;104;19.45;242
E4S 56,780;20221022;08:45:00;08:50:00;105;19.50;236
E4S 56,780;20221022;08:50:00;08:55:00;106;19.17;259
E4S 56,780;20221022;08:55:00;09:00:00;107;19.27;258
E4S 56,780;20221022;09:00:00;09:05:00;108;19.54;215
E4S 56,780;20221022;09:05:00;09:10:00;109;19.54;225
E4S 56,780;20221022;09:10:00;09:15:00;110;18.83;248
E4S 56,780;20221022;09:15:00;09:20:00;111;18.68;259
E4S 56,780;20221022;09:20:00;09:25:00;112;19.23;263
E4S 56,780;20221022;09:25:00;09:30:00;113;18.53;298
E4S 56,780;20221022;09:30:00;09:35:00;114;19.08;267
E4S 56,780;20221022;09:35:00;09:40:00;115;18.85;292
E4S 56,780;20221022;09:40:00;09:45:00;116;18.72;256
E4S 56,780;20221022;09:45:00;09:50:00;117;18.85;296
E4S 56,780;20221022;09:50:00;09:55:00;118;18.95;266
E4S 56,780;20221022;09:55:00;10:00:00;119;18.53;281
E4S 56,780;20221022;10:00:00;10:05:00;120;18.81;284
E4S 56,780;20221022;10:05:00;10:10:00;121;18.81;256
E4S 56,780;20221022;10:10:00;10:15:00;122;18.75;278
E4S 56,780;20221022;10:15:00;10:20:00;123;18.30;280
E4S 56,780;20221022;10:20:00;10:25:00;124;18.70;266
E4S 56,780;20221022;10:25:00;10:30:00;125;18.39;283
E4S 56,780;20221022;10:30:00;10:35:00;126;18.42;294
E4S 56,780;20221022;10:35:00;10:40:00;127;18.27;274
E4S 56,780;20221022;10:40:00;10:45:00;128;18.17;304
E4S 56,780;20221022;10:45:00;10:50:00;129;18.31;322
E4S 56,780;20221022;10:50:00;10:55:00;130;18.90;278
E4S 56,780;20221022;10:55:00;11:00:00;131;18.48;293
E4S 56,780;20221022;11:00:00;11:05:00;132;18.28;287
E4S 56,780;20221022;11:05:00;11:10:00;133;17.87;292
E4S 56,780;20221022;11:10:00;11:15:00;134;18.14;279
E4S 56,780;20221022;11:15:00;11:20:00;135;17.63;299
E4S 56,780;20221022;11:20:00;11:25:00;136;17.61;330
E4S 56,780;20221022;11:25:00;11:30:00;137;17.36;318
E4S 56,780;20221022;11:30:00;11:35:00;138;17.60;303
E4S 56,780;20221022;11:35:00;11:40:00;139;17.45;333
E4S 56,780;20221022;11:40:00;11:45:00;140;17.81;328
E4S 56,780;20221022;11:45:00;11:50:00;141;17.56;313
E4S 56,780;20221022;11:50:00;11:55:00;142;17.07;322
E4S 56,780;20221022;11:55:00;12:00:00;143;17.74;314
E4S 56,780;20221022;12:00:00;12:05:00;144;17.74;307
E4S 56,780;20221022;12:05:00;12:10:00;145;17.65;330
E4S 56,780;20221022;12:10:00;12:15:00;146;17.40;350
E4S 56,780;20221022;12:15:00;12:20:00;147;18.09;332
E4S 56,780;20221022;12:20:00;12:25:00;148;17.35;322
E4S 56,780;20221022;12:25:00;12:30:00;149;17.44;358
E4S 56,780;20221022;12:30:00;12:35:00;150;18.37;336
E4S 56,780;20221022;12:35:00;12:40:00;151;18.02;342
E4S 56,780;20221022;12:40:00;12:45:00;152;18.19;345
E4S 56,780;20221022;12:45:00;12:50:00;153;18.15;332
E4S 56,780;20221022;12:50:00;12:55:00;154;18.58;322
E4S 56,780;20221022;12:55:00;13:00:00;155;18.07;337
E4S 56,780;20221022;13:00:00;13:05:00;156;18.48;292
E4S 56,780;20221022;13:05:00;13:10:00;157;17.84;346
E4S 56,780;20221022;13:10:00;13:15:00;158;18.18;335
E4S 56,780;20221022;13:15:00;13:20:00;159;17.66;324
E4S 56,780;20221022;13:20:00;13:25:00;160;17.01;366
E4S 56,780;20221022;13:25:00;13:30:00;161;18.07;361
E4S 56,780;20221022;13:30:00;13:35:00;162;17.65;376
E4S 56,780;20221022;13:35:00;13:40:00;163;17.88;332
E4S 56,780;20221022;13:40:00;13:45:00;164;17.36;361
E4S 56,780;20221022;13:45:00;13:50:00;165;17.44;380
E4S 56,780;20221022;13:50:00;13:55:00;166;18.02;332
E4S 56,780;20221022;13:55:00;14:00:00;167;18.02;364
E4S 56,780;20221022;14:00:00;14:05:00;168;17.50;364
E4S 56,780;20221022;14:05:00;14:10:00;169;18.05;324
E4S 56,780;20221022;14:10:00;14:15:00;170;18.01;371
E4S 56,780;20221022;14:15:00;14:20:00;171;17.06;403
E4S 56,780;20221022;14:20:00;14:25:00;172;17.77;339
E4S 56,780;20221022;14:25:00;14:30:00;173;17.40;386
E4S 56,780;20221022;14:30:00;14:35:00;174;17.98;334
E4S 56,780;20221022;14:35:00;14:40:00;175;17.46;321
E4S 56,780;20221022;14:40:00;14:45:00;176;17.76;344
E4S 56,780;20221022;14:45:00;14:50:00;177;17.24;369
E4S 56,780;20221022;14:50:00;14:55:00;178;17.89;316
E4S 56,780;20221022;14:55:00;15:00:00;179;17.91;353
E4S 56,780;20221022;15:00:00;15:05:00;180;17.50;309
E4S 56,780;20221022;15:05:00;15:10:00;181;17.55;347
E4S 56,780;20221022;15:10:00;15:15:00;182;16.52;359
E4S 56,780;20221022;15:15:00;15:20:00;183;16.60;337
E4S 56,780;20221022;15:20:00;15:25:00;184;17.34;341
E4S 56,780;20221022;15:25:00;15:30:00;185;17.06;313
E4S 56,780;20221022;15:30:00;15:35:00;186;17.11;308
E4S 56,780;20221022;15:35:00;15:40:00;187;17.44;275
E4S 56,780;20221022;15:40:00;15:45:00;188;17.34;277
E4S 56,780;20221022;15:45:00;15:50:00;189;17.36;279
E4S 56,780;20221022;15:50:00;15:55:00;190;17.11;299
E4S 56,780;20221022;15:55:00;16:00:00;191;17.17;305
E4S 56,780;20221022;16:00:00;16:05:00;192;17.57;254
E4S 56,780;20221022;16:05:00;16:10:00;193;17.86;255
E4S 56,780;20221022;16:10:00;16:15:00;194;17.40;246
E4S 56,780;20221022;16:15:00;16:20:00;195;17.19;273
E4S 56,780;20221022;16:20:00;16:25:00;196;17.93;228
E4S 56,780;20221022;16:25:00;16:30:00;197;17.38;255
E4S 56,780;20221022;16:30:00;16:35:00;198;18.27;237
E4S 56,780;20221022;16:35:00;16:40:00;199;17.74;250
E4S 56,780;20221022;16:40:00;16:45:00;200;17.97;218
E4S 56,780;20221022;16:45:00;16:50:00;201;17.75;211
E4S 56,780;20221022;16:50:00;16:55:00;202;18.23;219
E4S 56,780;20221022;16:55:00;17:00:00;203;17.97;194
E4S 56,780;20221022;17:00:00;17:05:00;204;18.39;207
E4S 56,780;20221022;17:05:00;17:10:00;205;18.45;203
E4S 56,780;20221022;17:10:00;17:15:00;206;18.29;171
E4S 56,780;20221022;17:15:00;17:20:00;207;18.30;194
E4S 56,780;20221022;17:20:00;17:25:00;208;18.51;191
E4S 56,780;20221022;17:25:00;17:30:00;209;18.26;185
E4S 56,780;20221022;17:30:00;17:35:00;210;18.54;181
E4S 56,780;20221022;17:35:00;17:40:00;211;18.80;183
E4S 56,780;20221022;17:40:00;17:45:00;212;19.02;163
E4S 56,780;20221022;17:45:00;17:50:00;213;19.18;170
E4S 56,780;20221022;17:50:00;17:55:00;214;18.91;171
E4S 56,780;20221022;17:55:00;18:00:00;215;18.62;147
E4S 56,780;20221022;18:00:00;18:05:00;216;18.66;159
E4S 56,780;20221022;18:05:00;18:10:00;217;18.67;141
E4S 56,780;20221022;18:10:00;18:15:00;218;18.79;163
E4S 56,780;20221022;18:15:00;18:20:00;219;18.79;176
E4S 56,780;20221022;18:20:00;18:25:00;220;19.17;154
E4S 56,780;20221022;18:25:00;18:30:00;221;18.81;135
E4S 56,780;20221022;18:30:00;18:35:00;222;19.40;147
E4S 56,780;20221022;18:35:00;18:40:00;223;18.83;158
E4S 56,780;20221022;18:40:00;18:45:00;224;18.56;152
E4S 56,780;20221022;18:45:00;18:50:00;225;18.46;177
E4S 56,780;20221022;18:50:00;18:55:00;226;18.96;176
E4S 56,780;20221022;18:55:00;19:00:00;227;18.52;161
E4S 56,780;20221022;19:00:00;19:05:00;228;18.57;156
E4S 56,780;20221022;19:05:00;19:10:00;229;18.78;139
E4S 56,780;20221022;19:10:00;19:15:00;230;18.90;161
E4S 56,780;20221022;19:15:00;19:20:00;231;18.93;147
E4S 56,780;20221022;19:20:00;19:25:00;232;19.00;155
E4S 56,780;20221022;19:25:00;19:30:00;233;19.04;160
E4S 56,780;20221022;19:30:00;19:35:00;234;18.69;149
E4S 56,780;20221022;19:35:00;19:40:00;235;19.41;140
E4S 56,780;20221022;19:40:00;19:45:00;236;19.42;139
E4S 56,780;20221022;19:45:00;19:50:00;237;19.63;114
E4S 56,780;20221022;19:50:00;19:55:00;238;19.21;120
E4S 56,780;20221022;19:55:00;20:00:00;239;19.42;141
E4S 56,780;20221022;20:00:00;20:05:00;240;19.31;113
E4S 56,780;20221022;20:05:00;20:10:00;241;19.06;108
E4S 56,780;20221022;20:10:00;20:15:00;242;19.54;124
E4S 56,780;20221022;20:15:00;20:20:00;243;19.41;120
E4S 56,780;20221022;20:20:00;20:25:00;244;19.93;108
E4S 56,780;20221022;20:25:00;20:30:00;245;18.74;128
E4S 56,780;20221022;20:30:00;20:35:00;246;19.72;113
E4S 56,780;20221022;20:35:00;20:40:00;247;19.04;112
E4S 56,780;20221022;20:40:00;20:45:00;248;19.70;104
E4S 56,780;20221022;20:45:00;20:50:00;249;19.49;129
E4S 56,780;20221022;20:50:00;20:55:00;250;19.82;92
E4S 56,780;20221022;20:55:00;21:00:00;251;20.07;103
E4S 56,780;20221022;21:00:00;21:05:00;252;19.71;96
E4S 56,780;20221022;21:05:00;21:10:00;253;19.40;97
E4S 56,780;20221022;21:10:00;21:15:00;254;19.33;91
E4S 56,780;20221022;21:15:00;21:20:00;255;20.59;96
E4S 56,780;20221022;21:20:00;21:25:00;256;19.90;103
E4S 56,780;20221022;21:25:00;21:30:00;257;19.15;119
E4S 56,780;20221022;21:30:00;21:35:00;258;19.60;92
E4S 56,780;20221022;21:35:00;21:40:00;259;19.54;121
E4S 56,780;20221022;21:40:00;21:45:00;260;20.15;84
E4S 56,780;20221022;21:45:00;21:50:00;261;19.92;82
E4S 56,780;20221022;21:50:00;21:55:00;262;19.24;103
E4S 56,780;20221022;21:55:00;22:00:00;263;19.19;85
E4S 56,780;20221022;22:00:00;22:05:00;264;21.13;90
E4S 56,780;20221022;22:05:00;22:10:00;265;20.12;92
E4S 56,780;20221022;22:10:00;22:15:00;266;19.24;82
E4S 56,780;20221022;22:15:00;22:20:00;267;19.69;74
E4S 56,780;20221022;22:20:00;22:25:00;268;19.50;70
E4S 56,780;20221022;22:25:00;22:30:00;269;20.26;70
E4S 56,780;20221022;22:30:00;22:35:00;270;19.86;58
E4S 56,780;20221022;22:35:00;22:40:00;271;20.38;55
E4S 56,780;20221022;22:40:00;22:45:00;272;20.46;40
E4S 56,780;20221022;22:45:00;22:50:00;273;19.98;57
E4S 56,780;20221022;22:50:00;22:55:00;274;21.35;36
E4S 56,780;20221022;22:55:00;23:00:00;275;19.77;42
E4S 56,780;20221022;23:00:00;23:05:00;276;20.74;57
E4S 56,780;20221022;23:05:00;23:10:00;277;19.67;76
E4S 56,780;20221022;23:10:00;23:15:00;278;20.31;55
E4S 56,780;20221022;23:15:00;23:20:00;279;21.07;36
E4S 56,780;20221022;23:20:00;23:25:00;280;20.15;71
E4S 56,780;20221022;23:25:00;23:30:00;281;19.53;70
E4S 56,780;20221022;23:30:00;23:35:00;282;20.51;54
E4S 56,780;20221022;23:35:00;23:40:00;283;20.94;49
E4S 56,780;20221022;23:40:00;23:45:00;284;20.11;44
E4S 56,780;20221022;23:45:00;23:50:00;285;19.91;64
E4S 56,780;20221022;23:50:00;23:55:00;286;20.08;46
E4S 56,780;20221022;23:55:00;24:00:00;287;20.52;47
E4S 56,780;20221024;00:00:00;00:05:00;0;20.76;23
E4S 56,780;20221024;00:05:00;00:10:00;1;23.69;14
E4S 56,780;20221024;00:10:00;00:15:00;2;22.15;26
E4S 56,780;20221024;00:15:00;00:20:00;3;19.92;11
E4S 56,780;20221024;00:20:00;00:25:00;4;20.81;14
E4S 56,780;20221024;00:25:00;00:30:00;5;20.73;18
E4S 56,780;20221024;00:30:00;00:35:00;6;19.98;17
E4S 56,780;20221024;00:35:00;00:40:00;7;20.61;22
E4S 56,780;20221024;00:40:00;00:45:00;8;20.44;16
E4S 56,780;20221024;00:45:00;00:50:00;9;19.64;16
E4S 56,780;20221024;00:50:00;00:55:00;10;21.69;16
E4S 56,780;20221024;00:55:00;01:00:00;11;20.62;16
E4S 56,780;20221024;01:00:00;01:05:00;12;20.60;32
E4S 56,780;20221024;01:05:00;01:10:00;13;19.64;13
E4S 56,780;20221024;01:10:00;01:15:00;14;20.44;12
E4S 56,780;20221024;01:15:00;01:20:00;15;19.61;15
E4S 56,780;20221024;01:20:00;01:25:00;16;20.21;16
E4S 56,780;20221024;01:25:00;01:30:00;17;19.20;17
E4S 56,780;20221024;01:30:00;01:35:00;18;20.33;14
E4S 56,780;20221024;01:35:00;01:40:00;19;21.94;16
E4S 56,780;20221024;01:40:00;01:45:00;20;21.08;15
E4S 56,780;20221024;01:45:00;01:50:00;21;21.25;26
E4S 56,780;20221024;01:50:00;01:55:00;22;19.54;26
E4S 56,780;20221024;01:55:00;02:00:00;23;20.22;8
E4S 56,780;20221024;02:00:00;02:05:00;24;21.00;15
E4S 56,780;20221024;02:05:00;02:10:00;25;21.57;14
E4S 56,780;20221024;02:10:00;02:15:00;26;20.88;23
E4S 56,780;20221024;02:15:00;02:20:00;27;20.43;23
E4S 56,780;20221024;02:20:00;02:25:00;28;20.44;25
E4S 56,780;20221024;02:25:00;02:30:00;29;21.71;23
E4S 56,780;20221024;02:30:00;02:35:00;30;21.49;27
E4S 56,780;20221024;02:35:00;02:40:00;31;20.49;23
E4S 56,780;20221024;02:40:00;02:45:00;32;21.00;38
E4S 56,780;20221024;02:45:00;02:50:00;33;20.23;31
E4S 56,780;20221024;02:50:00;02:55:00;34;20.77;35
E4S 56,780;20221024;02:55:00;03:00:00;35;21.24;43
E4S 56,780;20221024;03:00:00;03:05:00;36;20.61;36
E4S 56,780;20221024;03:05:00;03:10:00;37;20.93;48
E4S 56,780;20221024;03:10:00;03:15:00;38;20.21;54
E4S 56,780;20221024;03:15:00;03:20:00;39;21.05;72
E4S 56,780;20221024;03:20:00;03:25:00;40;20.25;72
E4S 56,780;20221024;03:25:00;03:30:00;41;21.04;78
E4S 56,780;20221024;03:30:00;03:35:00;42;21.26;111
E4S 56,780;20221024;03:35:00;03:40:00;43;20.82;116
E4S 56,780;20221024;03:40:00;03:45:00;44;20.83;174
E4S 56,780;20221024;03:45:00;03:50:00;45;20.67;168
E4S 56,780;20221024;03:50:00;03:55:00;46;20.12;229
E4S 56,780;20221024;03:55:00;04:00:00;47;20.47;216
E4S 56,780;20221024;04:00:00;04:05:00;48;20.64;152
E4S 56,780;20221024;04:05:00;04:10:00;49;19.77;186
E4S 56,780;20221024;04:10:00;04:15:00;50;20.20;222
E4S 56,780;20221024;04:15:00;04:20:00;51;19.76;237
E4S 56,780;20221024;04:20:00;04:25:00;52;19.30;275
E4S 56,780;20221024;04:25:00;04:30:00;53;19.01;275
E4S 56,780;20221024;04:30:00;04:35:00;54;18.67;287
E4S 56,780;20221024;04:35:00;04:40:00;55;19.79;261
E4S 56,780;20221024;04:40:00;04:45:00;56;18.69;309
E4S 56,780;20221024;04:45:00;04:50:00;57;18.80;314
E4S 56,780;20221024;04:50:00;04:55:00;58;18.99;316
E4S 56,780;20221024;04:55:00;05:00:00;59;18.86;304
E4S 56,780;20221024;05:00:00;05:05:00;60;19.20;266
E4S 56,780;20221024;05:05:00;05:10:00;61;18.55;268
E4S 56,780;20221024;05:10:00;05:15:00;62;18.39;268
E4S 56,780;20221024;05:15:00;05:20:00;63;18.27;286
E4S 56,780;20221024;05:20:00;05:25:00;64;18.90;274
E4S 56,780;20221024;05:25:00;05:30:00;65;19.54;197
E4S 56,780;20221024;05:30:00;05:35:00;66;18.59;231
E4S 56,780;20221024;05:35:00;05:40:00;67;19.33;203
E4S 56,780;20221024;05:40:00;05:45:00;68;20.03;198
E4S 56,780;20221024;05:45:00;05:50:00;69;19.42;179
E4S 56,780;20221024;05:50:00;05:55:00;70;20.16;174
E4S 56,780;20221024;05:55:00;06:00:00;71;18.98;259
E4S 56,780;20221024;06:00:00;06:05:00;72;19.32;261
E4S 56,780;20221024;06:05:00;06:10:00;73;18.22;314
E4S 56,780;20221024;06:10:00;06:15:00;74;18.00;357
E4S 56,780;20221024;06:15:00;06:20:00;75;18.60;315
E4S 56,780;20221024;06:20:00;06:25:00;76;18.00;340
E4S 56,780;20221024;06:25:00;06:30:00;77;18.26;329
E4S 56,780;20221024;06:30:00;06:35:00;78;18.06;329
E4S 56,780;20221024;06:35:00;06:40:00;79;18.31;328
E4S 56,780;20221024;06:40:00;06:45:00;80;18.13;297
E4S 56,780;20221024;06:45:00;06:50:00;81;17.66;340
E4S 56,780;20221024;06:50:00;06:55:00;82;18.17;310
E4S 56,780;20221024;06:55:00;07:00:00;83;17.81;319
E4S 56,780;20221024;07:00:00;07:05:00;84;17.12;340
E4S 56,780;20221024;07:05:00;07:10:00;85;17.21;328
E4S 56,780;20221024;07:10:00;07:15:00;86;16.62;379
E4S 56,780;20221024;07:15:00;07:20:00;87;17.69;357
E4S 56,780;20221024;07:20:00;07:25:00;88;16.74;406
E4S 56,780;20221024;07:25:00;07:30:00;89;18.08;327
E4S 56,780;20221024;07:30:00;07:35:00;90;18.27;299
E4S 56,780;20221024;07:35:00;07:40:00;91;18.10;318
E4S 56,780;20221024;07:40:00;07:45:00;92;18.03;300
E4S 56,780;20221024;07:45:00;07:50:00;93;18.41;322
E4S 56,780;20221024;07:50:00;07:55:00;94;18.73;305
E4S 56,780;20221024;07:55:00;08:00:00;95;18.59;294
E4S 56,780;20221024;08:00:00;08:05:00;96;18.37;281
E4S 56,780;20221024;08:05:00;08:10:00;97;18.25;272
E4S 56,780;20221024;08:10:00;08:15:00;98;18.67;248
E4S 56,780;20221024;08:15:00;08:20:00;99;18.81;280
E4S 56,780;20221024;08:20:00;08:25:00;100;17.93;315
E4S 56,780;20221024;08:25:00;08:30:00;101;18.33;294
E4S 56,780;20221024;08:30:00;08:35:00;102;18.61;261
E4S 56,780;20221024;08:35:00;08:40:00;103;18.52;266
E4S 56,780;20221024;08:40:00;08:45:00;104;18.19;291
E4S 56,780;20221024;08:45:00;08:50:00;105;18.44;291
E4S 56,780;20221024;08:50:00;08:55:00;106;18.75;288
E4S 56,780;20221024;08:55:00;09:00:00;107;18.51;251
E4S 56,780;20221024;09:00:00;09:05:00;108;18.16;293
E4S 56,780;20221024;09:05:00;09:10:00;109;18.23;268
E4S 56,780;20221024;09:10:00;09:15:00;110;18.49;253
E4S 56,780;20221024;09:15:00;09:20:00;111;18.33;286
E4S 56,780;20221024;09:20:00;09:25:00;112;18.98;269
E4S 56,780;20221024;09:25:00;09:30:00;113;18.59;270
E4S 56,780;20221024;09:30:00;09:35:00;114;18.21;316
E4S 56,780;20221024;09:35:00;09:40:00;115;18.03;295
E4S 56,780;20221024;09:40:00;09:45:00;116;18.37;317
E4S 56,780;20221024;09:45:00;09:50:00;117;18.17;294
E4S 56,780;20221024;09:50:00;09:55:00;118;18.79;299
E4S 56,780;20221024;09:55:00;10:00:00;119;18.70;288
E4S 56,780;20221024;10:00:00;10:05:00;120;18.14;328
E4S 56,780;20221024;10:05:00;10:10:00;121;19.13;305
E4S 56,780;20221024;10:10:00;10:15:00;122;19.03;276
E4S 56,780;20221024;10:15:00;10:20:00;123;18.20;297
E4S 56,780;20221024;10:20:00;10:25:00;124;18.52;301
E4S 56,780;20221024;10:25:00;10:30:00;125;18.54;289
E4S 56,780;20221024;10:30:00;10:35:00;126;18.96;264
E4S 56,780;20221024;10:35:00;10:40:00;127;18.12;359
E4S 56,780;20221024;10:40:00;10:45:00;128;18.50;294
E4S 56,780;20221024;10:45:00;10:50:00;129;18.21;287
E4S 56,780;20221024;10:50:00;10:55:00;130;18.73;273
E4S 56,780;20221024;10:55:00;11:00:00;131;18.49;309
E4S 56,780;20221024;11:00:00;11:05:00;132;19.23;254
E4S 56,780;20221024;11:05:00;11:10:00;133;18.19;317
E4S 56,780;20221024;11:10:00;11:15:00;134;19.21;271
E4S 56,780;20221024;11:15:00;11:20:00;135;18.53;288
E4S 56,780;20221024;11:20:00;11:25:00;136;18.21;272
E4S 56,780;20221024;11:25:00;11:30:00;137;17.95;337
E4S 56,780;20221024;11:30:00;11:35:00;138;17.96;307
E4S 56,780;20221024;11:35:00;11:40:00;139;18.28;311
E4S 56,780;20221024;11:40:00;11:45:00;140;18.04;318
E4S 56,780;20221024;11:45:00;11:50:00;141;18.56;291
E4S 56,780;20221024;11:50:00;11:55:00;142;17.90;351
E4S 56,780;20221024;11:55:00;12:00:00;143;18.29;274
E4S 56,780;20221024;12:00:00;12:05:00;144;18.36;312
E4S 56,780;20221024;12:05:00;12:10:00;145;18.69;301
E4S 56,780;20221024;12:10:00;12:15:00;146;18.26;332
E4S 56,780;20221024;12:15:00;12:20:00;147;17.90;366
E4S 56,780;20221024;12:20:00;12:25:00;148;18.09;338
E4S 56,780;20221024;12:25:00;12:30:00;149;17.72;377
E4S 56,780;20221024;12:30:00;12:35:00;150;18.14;367
E4S 56,780;20221024;12:35:00;12:40:00;151;17.71;361
E4S 56,780;20221024;12:40:00;12:45:00;152;16.44;399
E4S 56,780;20221024;12:45:00;12:50:00;153;16.90;383
E4S 56,780;20221024;12:50:00;12:55:00;154;16.04;391
E4S 56,780;20221024;12:55:00;13:00:00;155;17.39;398
E4S 56,780;20221024;13:00:00;13:05:00;156;14.78;432
E4S 56,780;20221024;13:05:00;13:10:00;157;15.43;402
E4S 56,780;20221024;13:10:00;13:15:00;158;16.98;382
E4S 56,780;20221024;13:15:00;13:20:00;159;15.06;416
E4S 56,780;20221024;13:20:00;13:25:00;160;10.29;337
E4S 56,780;20221024;13:25:00;13:30:00;161;11.55;374
E4S 56,780;20221024;13:30:00;13:35:00;162;11.80;381
E4S 56,780;20221024;13:35:00;13:40:00;163;10.27;325
E4S 56,780;20221024;13:40:00;13:45:00;164;9.37;296
E4S 56,780;20221024;13:45:00;13:50:00;165;9.26;325
E4S 56,780;20221024;13:50:00;13:55:00;166;9.86;342
E4S 56,780;20221024;13:55:00;14:00:00;167;10.30;323
E4S 56,780;20221024;14:00:00;14:05:00;168;7.93;282
E4S 56,780;20221024;14:05:00;14:10:00;169;7.08;244
E4S 56,780;20221024;14:10:00;14:15:00;170;9.23;318
E4S 56,780;20221024;14:15:00;14:20:00;171;11.20;347
E4S 56,780;20221024;14:20:00;14:25:00;172;9.74;317
E4S 56,780;20221024;14:25:00;14:30:00;173;8.80;306
E4S 56,780;20221024;14:30:00;14:35:00;174;12.46;338
E4S 56,780;20221024;14:35:00;14:40:00;175;7.83;238
E4S 56,780;20221024;14:40:00;14:45:00;176;7.88;293
E4S 56,780;20221024;14:45:00;14:50:00;177;9.18;347
E4S 56,780;20221024;14:50:00;14:55:00;178;9.16;351
E4S 56,780;20221024;14:55:00;15:00:00;179;11.16;248
E4S 56,780;20221024;15:00:00;15:05:00;180;12.97;247
E4S 56,780;20221024;15:05:00;15:10:00;181;12.87;252
E4S 56,780;20221024;15:10:00;15:15:00;182;13.90;225
E4S 56,780;20221024;15:15:00;15:20:00;183;13.13;335
E4S 56,780;20221024;15:20:00;15:25:00;184;13.42;378
E4S 56,780;20221024;15:25:00;15:30:00;185;12.38;382
E4S 56,780;20221024;15:30:00;15:35:00;186;8.95;325
E4S 56,780;20221024;15:35:00;15:40:00;187;7.26;287
E4S 56,780;20221024;15:40:00;15:45:00;188;8.36;315
E4S 56,780;20221024;15:45:00;15:50:00;189;9.67;353
E4S 56,780;20221024;15:50:00;15:55:00;190;11.05;370
E4S 56,780;20221024;15:55:00;16:00:00;191;10.98;366
E4S 56,780;20221024;16:00:00;16:05:00;192;12.87;283
E4S 56,780;20221024;16:05:00;16:10:00;193;9.33;253
E4S 56,780;20221024;16:10:00;16:15:00;194;15.81;247
E4S 56,780;20221024;16:15:00;16:20:00;195;15.42;253
E4S 56,780;20221024;16:20:00;16:25:00;196;15.40;240
E4S 56,780;20221024;16:25:00;16:30:00;197;15.11;215
E4S 56,780;20221024;16:30:00;16:35:00;198;16.76;250
E4S 56,780;20221024;16:35:00;16:40:00;199;15.47;282
E4S 56,780;20221024;16:40:00;16:45:00;200;15.32;264
E4S 56,780;20221024;16:45:00;16:50:00;201;16.72;247
E4S 56,780;20221024;16:50:00;16:55:00;202;17.11;207
E4S 56,780;20221024;16:55:00;17:00:00;203;16.61;204
E4S 56,780;20221024;17:00:00;17:05:00;204;17.32;225
E4S 56,780;20221024;17:05:00;17:10:00;205;16.47;254
E4S 56,780;20221024;17:10:00;17:15:00;206;17.17;219
E4S 56,780;20221024;17:15:00;17:20:00;207;16.32;234
E4S 56,780;20221024;17:20:00;17:25:00;208;17.41;235
E4S 56,780;20221024;17:25:00;17:30:00;209;17.87;233
E4S 56,780;20221024;17:30:00;17:35:00;210;16.92;179
E4S 56,780;20221024;17:35:00;17:40:00;211;16.53;167
E4S 56,780;20221024;17:40:00;17:45:00;212;17.12;158
E4S 56,780;20221024;17:45:00;17:50:00;213;17.14;147
E4S 56,780;20221024;17:50:00;17:55:00;214;17.60;180
E4S 56,780;20221024;17:55:00;18:00:00;215;16.50;157
E4S 56,780;20221024;18:00:00;18:05:00;216;17.95;185
E4S 56,780;20221024;18:05:00;18:10:00;217;17.37;180
E4S 56,780;20221024;18:10:00;18:15:00;218;18.74;172
E4S 56,780;20221024;18:15:00;18:20:00;219;18.12;187
E4S 56,780;20221024;18:20:00;18:25:00;220;18.32;173
E4S 56,780;20221024;18:25:00;18:30:00;221;18.31;165
E4S 56,780;20221024;18:30:00;18:35:00;222;18.40;170
E4S 56,780;20221024;18:35:00;18:40:00;223;18.26;180
E4S 56,780;20221024;18:40:00;18:45:00;224;18.57;141
E4S 56,780;20221024;18:45:00;18:50:00;225;18.97;115
E4S 56,780;20221024;18:50:00;18:55:00;226;18.77;125
E4S 56,780;20221024;18:55:00;19:00:00;227;19.08;139
E4S 56,780;20221024;19:00:00;19:05:00;228;19.40;113
E4S 56,780;20221024;19:05:00;19:10:00;229;19.41;134
E4S 56,780;20221024;19:10:00;19:15:00;230;19.23;134
E4S 56,780;20221024;19:15:00;19:20:00;231;19.15;135
E4S 56,780;20221024;19:20:00;19:25:00;232;19.20;148
E4S 56,780;20221024;19:25:00;19:30:00;233;19.08;152
E4S 56,780;20221024;19:30:00;19:35:00;234;19.27;143
E4S 56,780;20221024;19:35:00;19:40:00;235;19.52;136
E4S 56,780;20221024;19:40:00;19:45:00;236;18.85;120
E4S 56,780;20221024;19:45:00;19:50:00;237;19.09;110
E4S 56,780;20221024;19:50:00;19:55:00;238;19.08;100
E4S 56,780;20221024;19:55:00;20:00:00;239;18.96;104
E4S 56,780;20221024;20:00:00;20:05:00;240;19.36;99
E4S 56,780;20221024;20:05:00;20:10:00;241;18.80;78
E4S 56,780;20221024;20:10:00;20:15:00;242;18.88;79
E4S 56,780;20221024;20:15:00;20:20:00;243;19.21;106
E4S 56,780;20221024;20:20:00;20:25:00;244;19.81;78
E4S 56,780;20221024;20:25:00;20:30:00;245;18.70;69
E4S 56,780;20221024;20:30:00;20:35:00;246;19.45;60
E4S 56,780;20221024;20:35:00;20:40:00;247;19.11;72
E4S 56,780;20221024;20:40:00;20:45:00;248;19.20;56
E4S 56,780;20221024;20:45:00;20:50:00;249;19.04;61
E4S 56,780;20221024;20:50:00;20:55:00;250;19.08;58
E4S 56,780;20221024;20:55:00;21:00:00;251;19.71;45
E4S 56,780;20221024;21:00:00;21:05:00;252;19.13;43
E4S 56,780;20221024;21:05:00;21:10:00;253;19.23;43
E4S 56,780;20221024;21:10:00;21:15:00;254;19.21;56
E4S 56,780;20221024;21:15:00;21:20:00;255;19.82;62
E4S 56,780;20221024;21:20:00;21:25:00;256;20.30;62
E4S 56,780;20221024;21:25:00;21:30:00;257;19.55;56
E4S 56,780;20221024;21:30:00;21:35:00;258;19.22;52
E4S 56,780;20221024;21:35:00;21:40:00;259;19.38;44
E4S 56,780;20221024;21:40:00;21:45:00;260;20.32;47
E4S 56,780;20221024;21:45:00;21:50:00;261;20.51;42
E4S 56,780;20221024;21:50:00;21:55:00;262;20.25;53
E4S 56,780;20221024;21:55:00;22:00:00;263;20.06;38
E4S 56,780;20221024;22:00:00;22:05:00;264;20.18;37
E4S 56,780;20221024;22:05:00;22:10:00;265;19.10;42
E4S 56,780;20221024;22:10:00;22:15:00;266;19.77;20
E4S 56,780;20221024;22:15:00;22:20:00;267;19.26;39
E4S 56,780;20221024;22:20:00;22:25:00;268;19.75;37
E4S 56,780;20221024;22:25:00;22:30:00;269;20.34;52
E4S 56,780;20221024;22:30:00;22:35:00;270;20.29;36
E4S 56,780;20221024;22:35:00;22:40:00;271;18.54;27
E4S 56,780;20221024;22:40:00;22:45:00;272;20.42;43
E4S 56,780;20221024;22:45:00;22:50:00;273;19.96;33
E4S 56,780;20221024;22:50:00;22:55:00;274;19.46;22
E4S 56,780;20221024;22:55:00;23:00:00;275;19.31;25
E4S 56,780;20221024;23:00:00;23:05:00;276;20.36;29
E4S 56,780;20221024;23:05:00;23:10:00;277;20.38;27
E4S 56,780;20221024;23:10:00;23:15:00;278;22.46;22
E4S 56,780;20221024;23:15:00;23:20:00;279;20.29;29
E4S 56,780;20221024;23:20:00;23:25:00;280;19.21;26
E4S 56,780;20221024;23:25:00;23:30:00;281;20.38;20
E4S 56,780;20221024;23:30:00;23:35:00;282;19.92;21
E4S 56,780;20221024;23:35:00;23:40:00;283;20.33;31
E4S 56,780;20221024;23:40:00;23:45:00;284;20.97;24
E4S 56,780;20221024;23:45:00;23:50:00;285;21.23;18
E4S 56,780;20221024;23:50:00;23:55:00;286;21.08;17
E4S 56,780;20221024;23:55:00;24:00:00;287;18.19;15
E4S 56,780;20221111;00:00:00;00:05:00;0;20.52;24
E4S 56,780;20221111;00:05:00;00:10:00;1;19.51;17
E4S 56,780;20221111;00:10:00;00:15:00;2;20.62;28
E4S 56,780;20221111;00:15:00;00:20:00;3;19.44;22
E4S 56,780;20221111;00:20:00;00:25:00;4;20.02;27
E4S 56,780;20221111;00:25:00;00:30:00;5;21.49;19
E4S 56,780;20221111;00:30:00;00:35:00;6;22.64;21
E4S 56,780;20221111;00:35:00;00:40:00;7;19.27;22
E4S 56,780;20221111;00:40:00;00:45:00;8;20.74;22
E4S 56,780;20221111;00:45:00;00:50:00;9;20.97;20
E4S 56,780;20221111;00:50:00;00:55:00;10;20.07;17
E4S 56,780;20221111;00:55:00;01:00:00;11;19.57;16
E4S 56,780;20221111;01:00:00;01:05:00;12;19.53;15
E4S 56,780;20221111;01:05:00;01:10:00;13;18.62;19
E4S 56,780;20221111;01:10:00;01:15:00;14;22.56;10
E4S 56,780;20221111;01:15:00;01:20:00;15;19.76;10
E4S 56,780;20221111;01:20:00;01:25:00;16;19.67;9
E4S 56,780;20221111;01:25:00;01:30:00;17;18.93;18
E4S 56,780;20221111;01:30:00;01:35:00;18;20.36;9
E4S 56,780;20221111;01:35:00;01:40:00;19;18.27;18
E4S 56,780;20221111;01:40:00;01:45:00;20;19.96;19
E4S 56,780;20221111;01:45:00;01:50:00;21;19.04;8
E4S 56,780;20221111;01:50:00;01:55:00;22;19.56;11
E4S 56,780;20221111;01:55:00;02:00:00;23;20.04;22
E4S 56,780;20221111;02:00:00;02:05:00;24;19.88;12
E4S 56,780;20221111;02:05:00;02:10:00;25;21.78;17
E4S 56,780;20221111;02:10:00;02:15:00;26;19.29;14
E4S 56,780;20221111;02:15:00;02:20:00;27;19.62;18
E4S 56,780;20221111;02:20:00;02:25:00;28;20.24;19
E4S 56,780;20221111;02:25:00;02:30:00;29;20.80;16
E4S 56,780;20221111;02:30:00;02:35:00;30;19.29;8
E4S 56,780;20221111;02:35:00;02:40:00;31;19.73;34
E4S 56,780;20221111;02:40:00;02:45:00;32;20.22;13
E4S 56,780;20221111;02:45:00;02:50:00;33;20.51;17
E4S 56,780;20221111;02:50:00;02:55:00;34;20.53;24
E4S 56,780;20221111;02:55:00;03:00:00;35;18.90;21
E4S 56,780;20221111;03:00:00;03:05:00;36;19.54;14
E4S 56,780;20221111;03:05:00;03:10:00;37;19.25;23
E4S 56,780;20221111;03:10:00;03:15:00;38;21.18;22
E4S 56,780;20221111;03:15:00;03:20:00;39;19.82;25
E4S 56,780;20221111;03:20:00;03:25:00;40;20.26;21
E4S 56,780;20221111;03:25:00;03:30:00;41;20.79;27
E4S 56,780;20221111;03:30:00;03:35:00;42;20.86;28
E4S 56,780;20221111;03:35:00;03:40:00;43;21.55;25
E4S 56,780;20221111;03:40:00;03:45:00;44;20.17;30
E4S 56,780;20221111;03:45:00;03:50:00;45;20.69;30
E4S 56,780;20221111;03:50:00;03:55:00;46;20.92;33
E4S 56,780;20221111;03:55:00;04:00:00;47;20.87;45
E4S 56,780;20221111;04:00:00;04:05:00;48;20.30;33
E4S 56,780;20221111;04:05:00;04:10:00;49;22.14;33
E4S 56,780;20221111;04:10:00;04:15:00;50;21.71;54
E4S 56,780;20221111;04:15:00;04:20:00;51;20.89;45
E4S 56,780;20221111;04:20:00;04:25:00;52;20.23;57
E4S 56,780;20221111;04:25:00;04:30:00;53;21.28;85
E4S 56,780;20221111;04:30:00;04:35:00;54;21.51;82
E4S 56,780;20221111;04:35:00;04:40:00;55;20.48;111
E4S 56,780;20221111;04:40:00;04:45:00;56;20.75;134
E4S 56,780;20221111;04:45:00;04:50:00;57;20.65;150
E4S 56,780;20221111;04:50:00;04:55:00;58;20.42;177
E4S 56,780;20221111;04:55:00;05:00:00;59;21.13;196
E4S 56,780;20221111;05:00:00;05:05:00;60;20.93;143
E4S 56,780;20221111;05:05:00;05:10:00;61;20.76;154
E4S 56,780;20221111;05:10:00;05:15:00;62;20.60;182
E4S 56,780;20221111;05:15:00;05:20:00;63;19.93;216
E4S 56,780;20221111;05:20:00;05:25:00;64;19.57;254
E4S 56,780;20221111;05:25:00;05:30:00;65;19.82;252
E4S 56,780;20221111;05:30:00;05:35:00;66;19.37;247
E4S 56,780;20221111;05:35:00;05:40:00;67;18.56;258
E4S 56,780;20221111;05:40:00;05:45:00;68;19.43;271
E4S 56,780;20221111;05:45:00;05:50:00;69;19.21;274
E4S 56,780;20221111;05:50:00;05:55:00;70;19.31;279
E4S 56,780;20221111;05:55:00;06:00:00;71;19.91;243
E4S 56,780;20221111;06:00:00;06:05:00;72;18.86;254
E4S 56,780;20221111;06:05:00;06:10:00;73;19.51;216
E4S 56,780;20221111;06:10:00;06:15:00;74;18.94;263
E4S 56,780;20221111;06:15:00;06:20:00;75;18.88;276
E4S 56,780;20221111;06:20:00;06:25:00;76;19.31;249
E4S 56,780;20221111;06:25:00;06:30:00;77;18.13;290
E4S 56,780;20221111;06:30:00;06:35:00;78;18.56;262
E4S 56,780;20221111;06:35:00;06:40:00;79;18.55;260
E4S 56,780;20221111;06:40:00;06:45:00;80;18.61;287
E4S 56,780;20221111;06:45:00;06:50:00;81;18.47;265
E4S 56,780;20221111;06:50:00;06:55:00;82;18.31;264
E4S 56,780;20221111;06:55:00;07:00:00;83;18.93;226
E4S 56,780;20221111;07:00:00;07:05:00;84;18.47;262
E4S 56,780;20221111;07:05:00;07:10:00;85;19.03;226
E4S 56,780;20221111;07:10:00;07:15:00;86;18.44;268
E4S 56,780;20221111;07:15:00;07:20:00;87;18.52;223
E4S 56,780;20221111;07:20:00;07:25:00;88;18.44;255
E4S 56,780;20221111;07:25:00;07:30:00;89;18.30;258
E4S 56,780;20221111;07:30:00;07:35:00;90;17.83;267
E4S 56,780;20221111;07:35:00;07:40:00;91;18.18;246
E4S 56,780;20221111;07:40:00;07:45:00;92;18.35;220
E4S 56,780;20221111;07:45:00;07:50:00;93;18.56;228
E4S 56,780;20221111;07:50:00;07:55:00;94;18.72;217
E4S 56,780;20221111;07:55:00;08:00:00;95;19.35;196
E4S 56,780;20221111;08:00:00;08:05:00;96;18.76;209
E4S 56,780;20221111;08:05:00;08:10:00;97;18.30;223
E4S 56,780;20221111;08:10:00;08:15:00;98;19.38;222
E4S 56,780;20221111;08:15:00;08:20:00;99;19.53;209
E4S 56,780;20221111;08:20:00;08:25:00;100;18.32;244
E4S 56,780;20221111;08:25:00;08:30:00;101;18.79;231
E4S 56,780;20221111;08:30:00;08:35:00;102;19.09;263
E4S 56,780;20221111;08:35:00;08:40:00;103;18.94;265
E4S 56,780;20221111;08:40:00;08:45:00;104;18.16;248
E4S 56,780;20221111;08:45:00;08:50:00;105;18.51;284
E4S 56,780;20221111;08:50:00;08:55:00;106;17.86;233
E4S 56,780;20221111;08:55:00;09:00:00;107;18.46;284
E4S 56,780;20221111;09:00:00;09:05:00;108;18.94;233
E4S 56,780;20221111;09:05:00;09:10:00;109;19.42;215
E4S 56,780;20221111;09:10:00;09:15:00;110;18.67;240
E4S 56,780;20221111;09:15:00;09:20:00;111;18.62;236
E4S 56,780;20221111;09:20:00;09:25:00;112;18.51;265
E4S 56,780;20221111;09:25:00;09:30:00;113;19.18;247
E4S 56,780;20221111;09:30:00;09:35:00;114;18.46;279
E4S 56,780;20221111;09:35:00;09:40:00;115;18.48;267
E4S 56,780;20221111;09:40:00;09:45:00;116;18.76;264
E4S 56,780;20221111;09:45:00;09:50:00;117;19.12;262
E4S 56,780;20221111;09:50:00;09:55:00;118;18.89;260
E4S 56,780;20221111;09:55:00;10:00:00;119;18.78;265
E4S 56,780;20221111;10:00:00;10:05:00;120;18.56;251
E4S 56,780;20221111;10:05:00;10:10:00;121;18.72;277
E4S 56,780;20221111;10:10:00;10:15:00;122;18.61;253
E4S 56,780;20221111;10:15:00;10:20:00;123;18.98;216
E4S 56,780;20221111;10:20:00;10:25:00;124;18.80;271
E4S 56,780;20221111;10:25:00;10:30:00;125;18.50;250
E4S 56,780;20221111;10:30:00;10:35:00;126;19.22;240
E4S 56,780;20221111;10:35:00;10:40:00;127;18.28;272
E4S 56,780;20221111;10:40:00;10:45:00;128;17.70;293
E4S 56,780;20221111;10:45:00;10:50:00;129;18.41;274
E4S 56,780;20221111;10:50:00;10:55:00;130;18.44;274
E4S 56,780;20221111;10:55:00;11:00:00;131;19.17;280
E4S 56,780;20221111;11:00:00;11:05:00;132;18.82;300
E4S 56,780;20221111;11:05:00;11:10:00;133;18.49;302
E4S 56,780;20221111;11:10:00;11:15:00;134;18.22;273
E4S 56,780;20221111;11:15:00;11:20:00;135;17.62;291
E4S 56,780;20221111;11:20:00;11:25:00;136;17.95;243
E4S 56,780;20221111;11:25:00;11:30:00;137;18.32;303
E4S 56,780;20221111;11:30:00;11:35:00;138;18.54;282
E4S 56,780;20221111;11:35:00;11:40:00;139;18.21;275
E4S 56,780;20221111;11:40:00;11:45:00;140;17.88;306
E4S 56,780;20221111;11:45:00;11:50:00;141;18.15;288
E4S 56,780;20221111;11:50:00;11:55:00;142;18.31;278
E4S 56,780;20221111;11:55:00;12:00:00;143;18.48;278
E4S 56,780;20221111;12:00:00;12:05:00;144;17.33;296
E4S 56,780;20221111;12:05:00;12:10:00;145;18.48;294
E4S 56,780;20221111;12:10:00;12:15:00;146;18.36;322
E4S 56,780;20221111;12:15:00;12:20:00;147;17.25;341
E4S 56,780;20221111;12:20:00;12:25:00;148;17.59;339
E4S 56,780;20221111;12:25:00;12:30:00;149;17.61;350
E4S 56,780;20221111;12:30:00;12:35:00;150;15.98;326
E4S 56,780;20221111;12:35:00;12:40:00;151;17.89;315
E4S 56,780;20221111;12:40:00;12:45:00;152;17.94;340
E4S 56,780;20221111;12:45:00;12:50:00;153;18.66;288
E4S 56,780;20221111;12:50:00;12:55:00;154;18.16;323
E4S 56,780;20221111;12:55:00;13:00:00;155;18.08;181
E4S 56,780;20221111;13:00:00;13:05:00;156;18.39;62
E4S 56,780;20221111;13:10:00;13:15:00;158;18.83;51
E4S 56,780;20221111;13:15:00;13:20:00;159;17.11;72
E4S 56,780;20221111;13:20:00;13:25:00;160;16.58;355
E4S 56,780;20221111;13:25:00;13:30:00;161;14.88;368
E4S 56,780;20221111;13:30:00;13:35:00;162;13.55;324
E4S 56,780;20221111;13:35:00;13:40:00;163;12.39;363
E4S 56,780;20221111;13:40:00;13:45:00;164;10.40;337
E4S 56,780;20221111;13:45:00;13:50:00;165;10.71;332
E4S 56,780;20221111;13:50:00;13:55:00;166;9.14;346
E4S 56,780;20221111;13:55:00;14:00:00;167;9.71;327
E4S 56,780;20221111;14:00:00;14:05:00;168;11.76;355
E4S 56,780;20221111;14:05:00;14:10:00;169;11.71;343
E4S 56,780;20221111;14:10:00;14:15:00;170;9.68;334
E4S 56,780;20221111;14:15:00;14:20:00;171;8.21;319
E4S 56,780;20221111;14:20:00;14:25:00;172;9.00;304
E4S 56,780;20221111;14:25:00;14:30:00;173;9.30;321
E4S 56,780;20221111;14:30:00;14:35:00;174;11.39;326
E4S 56,780;20221111;14:35:00;14:40:00;175;9.75;322
E4S 56,780;20221111;14:40:00;14:45:00;176;9.86;344
E4S 56,780;20221111;14:45:00;14:50:00;177;10.56;345
E4S 56,780;20221111;14:50:00;14:55:00;178;9.46;331
E4S 56,780;20221111;14:55:00;15:00:00;179;9.05;325
E4S 56,780;20221111;15:00:00;15:05:00;180;8.03;299
E4S 56,780;20221111;15:05:00;15:10:00;181;9.72;317
E4S 56,780;20221111;15:10:00;15:15:00;182;8.56;317
E4S 56,780;20221111;15:15:00;15:20:00;183;5.80;190
E4S 56,780;20221111;15:20:00;15:25:00;184;9.50;295
E4S 56,780;20221111;15:25:00;15:30:00;185;8.56;336
E4S 56,780;20221111;15:30:00;15:35:00;186;9.48;334
E4S 56,780;20221111;15:35:00;15:40:00;187;4.87;217
E4S 56,780;20221111;15:40:00;15:45:00;188;7.49;297
E4S 56,780;20221111;15:45:00;15:50:00;189;5.59;247
E4S 56,780;20221111;15:50:00;15:55:00;190;5.18;236
E4S 56,780;20221111;15:55:00;16:00:00;191;6.93;275
E4S 56,780;20221111;16:00:00;16:05:00;192;4.98;205
E4S 56,780;20221111;16:05:00;16:10:00;193;7.54;269
E4S 56,780;20221111;16:10:00;16:15:00;194;7.50;233
E4S 56,780;20221111;16:15:00;16:20:00;195;10.85;312
E4S 56,780;20221111;16:20:00;16:25:00;196;13.05;327
E4S 56,780;20221111;16:25:00;16:30:00;197;18.26;207
E4S 56,780;20221111;16:30:00;16:35:00;198;18.13;228
E4S 56,780;20221111;16:35:00;16:40:00;199;18.49;232
E4S 56,780;20221111;16:40:00;16:45:00;200;18.51;188
E4S 56,780;20221111;16:45:00;16:50:00;201;18.43;224
E4S 56,780;20221111;16:50:00;16:55:00;202;18.62;202
E4S 56,780;20221111;16:55:00;17:00:00;203;18.65;214
E4S 56,780;20221111;17:00:00;17:05:00;204;18.23;199
E4S 56,780;20221111;17:05:00;17:10:00;205;17.73;217
E4S 56,780;20221111;17:10:00;17:15:00;206;19.00;215
E4S 56,780;20221111;17:15:00;17:20:00;207;18.22;222
E4S 56,780;20221111;17:20:00;17:25:00;208;18.24;233
E4S 56,780;20221111;17:25:00;17:30:00;209;18.68;187
E4S 56,780;20221111;17:30:00;17:35:00;210;18.06;254
E4S 56,780;20221111;17:35:00;17:40:00;211;18.69;205
E4S 56,780;20221111;17:40:00;17:45:00;212;18.41;217
E4S 56,780;20221111;17:45:00;17:50:00;213;19.25;217
E4S 56,780;20221111;17:50:00;17:55:00;214;19.20;192
E4S 56,780;20221111;17:55:00;18:00:00;215;19.34;212
E4S 56,780;20221111;18:00:00;18:05:00;216;20.00;171
E4S 56,780;20221111;18:05:00;18:10:00;217;18.93;217
E4S 56,780;20221111;18:10:00;18:15:00;218;19.36;206
E4S 56,780;20221111;18:15:00;18:20:00;219;18.94;185
E4S 56,780;20221111;18:20:00;18:25:00;220;19.50;186
E4S 56,780;20221111;18:25:00;18:30:00;221;18.82;170
E4S 56,780;20221111;18:30:00;18:35:00;222;19.45;187
E4S 56,780;20221111;18:35:00;18:40:00;223;20.22;161
E4S 56,780;20221111;18:40:00;18:45:00;224;20.07;140
E4S 56,780;20221111;18:45:00;18:50:00;225;19.77;175
E4S 56,780;20221111;18:50:00;18:55:00;226;19.43;125
E4S 56,780;20221111;18:55:00;19:00:00;227;19.94;110
E4S 56,780;20221111;19:00:00;19:05:00;228;19.11;139
E4S 56,780;20221111;19:05:00;19:10:00;229;19.83;129
E4S 56,780;20221111;19:10:00;19:15:00;230;19.87;135
E4S 56,780;20221111;19:15:00;19:20:00;231;19.97;129
E4S 56,780;20221111;19:20:00;19:25:00;232;19.92;131
E4S 56,780;20221111;19:25:00;19:30:00;233;19.94;123
E4S 56,780;20221111;19:30:00;19:35:00;234;20.03;116
E4S 56,780;20221111;19:35:00;19:40:00;235;20.16;104
E4S 56,780;20221111;19:40:00;19:45:00;236;19.35;118
E4S 56,780;20221111;19:45:00;19:50:00;237;18.53;105
E4S 56,780;20221111;19:50:00;19:55:00;238;20.06;130
E4S 56,780;20221111;19:55:00;20:00:00;239;20.50;89
E4S 56,780;20221111;20:00:00;20:05:00;240;19.45;87
E4S 56,780;20221111;20:05:00;20:10:00;241;20.10;105
E4S 56,780;20221111;20:10:00;20:15:00;242;20.07;123
E4S 56,780;20221111;20:15:00;20:20:00;243;19.46;109
E4S 56,780;20221111;20:20:00;20:25:00;244;20.05;105
E4S 56,780;20221111;20:25:00;20:30:00;245;19.64;97
E4S 56,780;20221111;20:30:00;20:35:00;246;19.49;98
E4S 56,780;20221111;20:35:00;20:40:00;247;20.29;135
E4S 56,780;20221111;20:40:00;20:45:00;248;19.87;106
E4S 56,780;20221111;20:45:00;20:50:00;249;20.23;97
E4S 56,780;20221111;20:50:00;20:55:00;250;20.06;92
E4S 56,780;20221111;20:55:00;21:00:00;251;20.31;70
E4S 56,780;20221111;21:00:00;21:05:00;252;19.66;84
E4S 56,780;20221111;21:05:00;21:10:00;253;20.32;82
E4S 56,780;20221111;21:10:00;21:15:00;254;20.74;80
E4S 56,780;20221111;21:15:00;21:20:00;255;20.16;93
E4S 56,780;20221111;21:20:00;21:25:00;256;19.93;80
E4S 56,780;20221111;21:25:00;21:30:00;257;19.64;89
E4S 56,780;20221111;21:30:00;21:35:00;258;20.19;61
E4S 56,780;20221111;21:35:00;21:40:00;259;19.64;79
E4S 56,780;20221111;21:40:00;21:45:00;260;19.82;78
E4S 56,780;20221111;21:45:00;21:50:00;261;19.76;85
E4S 56,780;20221111;21:50:00;21:55:00;262;20.48;78
E4S 56,780;20221111;21:55:00;22:00:00;263;20.42;84
E4S 56,780;20221111;22:00:00;22:05:00;264;20.42;68
E4S 56,780;20221111;22:05:00;22:10:00;265;21.16;57
E4S 56,780;20221111;22:10:00;22:15:00;266;20.71;81
E4S 56,780;20221111;22:15:00;22:20:00;267;19.85;65
E4S 56,780;20221111;22:20:00;22:25:00;268;20.06;85
E4S 56,780;20221111;22:25:00;22:30:00;269;21.01;79
E4S 56,780;20221111;22:30:00;22:35:00;270;20.47;68
E4S 56,780;20221111;22:35:00;22:40:00;271;21.15;67
E4S 56,780;20221111;22:40:00;22:45:00;272;21.14;57
E4S 56,780;20221111;22:45:00;22:50:00;273;20.66;66
E4S 56,780;20221111;22:50:00;22:55:00;274;20.54;64
E4S 56,780;20221111;22:55:00;23:00:00;275;21.12;57
E4S 56,780;20221111;23:00:00;23:05:00;276;20.42;61
E4S 56,780;20221111;23:05:00;23:10:00;277;20.61;60
E4S 56,780;20221111;23:10:00;23:15:00;278;20.56;44
E4S 56,780;20221111;23:15:00;23:20:00;279;19.85;65
E4S 56,780;20221111;23:20:00;23:25:00;280;21.05;69
E4S 56,780;20221111;23:25:00;23:30:00;281;19.52;48
E4S 56,780;20221111;23:30:00;23:35:00;282;21.25;55
E4S 56,780;20221111;23:35:00;23:40:00;283;21.26;53
E4S 56,780;20221111;23:40:00;23:45:00;284;20.36;49
E4S 56,780;20221111;23:45:00;23:50:00;285;20.15;58
E4S 56,780;20221111;23:50:00;23:55:00;286;20.53;49
E4S 56,780;20221111;23:55:00;24:00:00;287;20.91;49
E4S 56,780;20221114;00:00:00;00:05:00;0;21.33;27
E4S 56,780;20221114;00:05:00;00:10:00;1;21.39;25
E4S 56,780;20221114;00:10:00;00:15:00;2;21.32;25
E4S 56,780;20221114;00:15:00;00:20:00;3;20.54;30
E4S 56,780;20221114;00:20:00;00:25:00;4;21.14;26
E4S 56,780;20221114;00:25:00;00:30:00;5;21.32;21
E4S 56,780;20221114;00:30:00;00:35:00;6;21.92;17
E4S 56,780;20221114;00:35:00;00:40:00;7;21.43;19
E4S 56,780;20221114;00:40:00;00:45:00;8;20.25;15
E4S 56,780;20221114;00:45:00;00:50:00;9;22.16;14
E4S 56,780;20221114;00:50:00;00:55:00;10;20.35;18
E4S 56,780;20221114;00:55:00;01:00:00;11;19.89;6
E4S 56,780;20221114;01:00:00;01:05:00;12;21.81;9
E4S 56,780;20221114;01:05:00;01:10:00;13;20.34;8
E4S 56,780;20221114;01:10:00;01:15:00;14;21.57;11
E4S 56,780;20221114;01:15:00;01:20:00;15;20.01;11
E4S 56,780;20221114;01:20:00;01:25:00;16;20.17;11
E4S 56,780;20221114;01:25:00;01:30:00;17;20.56;16
E4S 56,780;20221114;01:30:00;01:35:00;18;22.41;9
E4S 56,780;20221114;01:35:00;01:40:00;19;20.76;11
E4S 56,780;20221114;01:40:00;01:45:00;20;21.09;18
E4S 56,780;20221114;01:45:00;01:50:00;21;18.89;19
E4S 56,780;20221114;01:50:00;01:55:00;22;20.16;18
E4S 56,780;20221114;01:55:00;02:00:00;23;19.18;8
E4S 56,780;20221114;02:00:00;02:05:00;24;20.61;8
E4S 56,780;20221114;02:05:00;02:10:00;25;20.90;17
E4S 56,780;20221114;02:10:00;02:15:00;26;19.72;23
E4S 56,780;20221114;02:15:00;02:20:00;27;20.27;14
E4S 56,780;20221114;02:20:00;02:25:00;28;19.87;12
E4S 56,780;20221114;02:25:00;02:30:00;29;21.22;15
E4S 56,780;20221114;02:30:00;02:35:00;30;20.15;9
E4S 56,780;20221114;02:35:00;02:40:00;31;19.84;9
E4S 56,780;20221114;02:40:00;02:45:00;32;20.58;15
E4S 56,780;20221114;02:45:00;02:50:00;33;20.61;19
E4S 56,780;20221114;02:50:00;02:55:00;34;19.44;13
E4S 56,780;20221114;02:55:00;03:00:00;35;20.83;21
E4S 56,780;20221114;03:00:00;03:05:00;36;20.10;21
E4S 56,780;20221114;03:05:00;03:10:00;37;20.07;15
E4S 56,780;20221114;03:10:00;03:15:00;38;21.46;18
E4S 56,780;20221114;03:15:00;03:20:00;39;23.30;15
E4S 56,780;20221114;03:20:00;03:25:00;40;20.32;22
E4S 56,780;20221114;03:25:00;03:30:00;41;21.74;14
E4S 56,780;20221114;03:30:00;03:35:00;42;20.29;18
E4S 56,780;20221114;03:35:00;03:40:00;43;20.49;28
E4S 56,780;20221114;03:40:00;03:45:00;44;19.45;24
E4S 56,780;20221114;03:45:00;03:50:00;45;21.07;37
E4S 56,780;20221114;03:50:00;03:55:00;46;20.12;29
E4S 56,780;20221114;03:55:00;04:00:00;47;19.82;45
E4S 56,780;20221114;04:00:00;04:05:00;48;20.38;33
E4S 56,780;20221114;04:05:00;04:10:00;49;20.61;45
E4S 56,780;20221114;04:10:00;04:15:00;50;20.83;50
E4S 56,780;20221114;04:15:00;04:20:00;51;21.18;55
E4S 56,780;20221114;04:20:00;04:25:00;52;21.36;73
E4S 56,780;20221114;04:25:00;04:30:00;53;21.12;66
E4S 56,780;20221114;04:30:00;04:35:00;54;20.78;105
E4S 56,780;20221114;04:35:00;04:40:00;55;20.20;101
E4S 56,780;20221114;04:40:00;04:45:00;56;20.60;145
E4S 56,780;20221114;04:45:00;04:50:00;57;19.81;183
E4S 56,780;20221114;04:50:00;04:55:00;58;20.70;218
E4S 56,780;20221114;04:55:00;05:00:00;59;20.50;185
E4S 56,780;20221114;05:00:00;05:05:00;60;20.41;190
E4S 56,780;20221114;05:05:00;05:10:00;61;21.01;164
E4S 56,780;20221114;05:10:00;05:15:00;62;20.09;206
E4S 56,780;20221114;05:15:00;05:20:00;63;19.40;240
E4S 56,780;20221114;05:20:00;05:25:00;64;19.28;232
E4S 56,780;20221114;05:25:00;05:30:00;65;19.26;257
E4S 56,780;20221114;05:30:00;05:35:00;66;19.11;257
E4S 56,780;20221114;05:35:00;05:40:00;67;18.94;285
E4S 56,780;20221114;05:40:00;05:45:00;68;18.51;293
E4S 56,780;20221114;05:45:00;05:50:00;69;18.75;313
E4S 56,780;20221114;05:50:00;05:55:00;70;18.80;306
E4S 56,780;20221114;05:55:00;06:00:00;71;18.79;277
E4S 56,780;20221114;06:00:00;06:05:00;72;19.30;250
E4S 56,780;20221114;06:05:00;06:10:00;73;19.06;243
E4S 56,780;20221114;06:10:00;06:15:00;74;19.02;266
E4S 56,780;20221114;06:15:00;06:20:00;75;18.78;282
E4S 56,780;20221114;06:20:00;06:25:00;76;18.11;317
E4S 56,780;20221114;06:25:00;06:30:00;77;18.31;315
E4S 56,780;20221114;06:30:00;06:35:00;78;18.67;288
E4S 56,780;20221114;06:35:00;06:40:00;79;18.84;280
E4S 56,780;20221114;06:40:00;06:45:00;80;18.36;288
E4S 56,780;20221114;06:45:00;06:50:00;81;18.45;325
E4S 56,780;20221114;06:50:00;06:55:00;82;18.68;302
E4S 56,780;20221114;06:55:00;07:00:00;83;17.99;305
E4S 56,780;20221114;07:00:00;07:05:00;84;18.85;279
E4S 56,780;20221114;07:05:00;07:10:00;85;17.87;302
E4S 56,780;20221114;07:10:00;07:15:00;86;18.57;246
E4S 56,780;20221114;07:15:00;07:20:00;87;18.60;293
E4S 56,780;20221114;07:20:00;07:25:00;88;18.07;295
E4S 56,780;20221114;07:25:00;07:30:00;89;18.65;311
E4S 56,780;20221114;07:30:00;07:35:00;90;18.28;283
E4S 56,780;20221114;07:35:00;07:40:00;91;18.95;274
E4S 56,780;20221114;07:40:00;07:45:00;92;17.63;311
E4S 56,780;20221114;07:45:00;07:50:00;93;18.08;260
E4S 56,780;20221114;07:50:00;07:55:00;94;18.85;293
E4S 56,780;20221114;07:55:00;08:00:00;95;18.46;304
E4S 56,780;20221114;08:00:00;08:05:00;96;18.88;262
E4S 56,780;20221114;08:05:00;08:10:00;97;17.46;298
E4S 56,780;20221114;08:10:00;08:15:00;98;19.03;278
E4S 56,780;20221114;08:15:00;08:20:00;99;18.84;243
E4S 56,780;20221114;08:20:00;08:25:00;100;18.07;280
E4S 56,780;20221114;08:25:00;08:30:00;101;18.04;283
E4S 56,780;20221114;08:30:00;08:35:00;102;18.45;256
E4S 56,780;20221114;08:35:00;08:40:00;103;18.23;262
E4S 56,780;20221114;08:40:00;08:45:00;104;18.85;265
E4S 56,780;20221114;08:45:00;08:50:00;105;17.77;284
E4S 56,780;20221114;08:50:00;08:55:00;106;18.27;311
E4S 56,780;20221114;08:55:00;09:00:00;107;19.40;236
E4S 56,780;20221114;09:00:00;09:05:00;108;19.16;219
E4S 56,780;20221114;09:05:00;09:10:00;109;18.67;239
E4S 56,780;20221114;09:10:00;09:15:00;110;18.92;221
E4S 56,780;20221114;09:15:00;09:20:00;111;19.03;268
E4S 56,780;20221114;09:20:00;09:25:00;112;18.48;288
E4S 56,780;20221114;09:25:00;09:30:00;113;18.65;226
E4S 56,780;20221114;09:30:00;09:35:00;114;18.87;248
E4S 56,780;20221114;09:35:00;09:40:00;115;18.47;286
E4S 56,780;20221114;09:40:00;09:45:00;116;18.02;286
E4S 56,780;20221114;09:45:00;09:50:00;117;18.91;279
E4S 56,780;20221114;09:50:00;09:55:00;118;19.39;235
E4S 56,780;20221114;09:55:00;10:00:00;119;18.41;284
E4S 56,780;20221114;10:00:00;10:05:00;120;19.59;201
E4S 56,780;20221114;10:05:00;10:10:00;121;18.70;260
E4S 56,780;20221114;10:10:00;10:15:00;122;19.04;260
E4S 56,780;20221114;10:15:00;10:20:00;123;19.11;252
E4S 56,780;20221114;10:20:00;10:25:00;124;19.02;254
E4S 56,780;20221114;10:25:00;10:30:00;125;18.59;227
E4S 56,780;20221114;10:30:00;10:35:00;126;19.51;228
E4S 56,780;20221114;10:35:00;10:40:00;127;18.59;262
E4S 56,780;20221114;10:40:00;10:45:00;128;18.78;247
E4S 56,780;20221114;10:45:00;10:50:00;129;18.90;264
E4S 56,780;20221114;10:50:00;10:55:00;130;19.15;251
E4S 56,780;20221114;10:55:00;11:00:00;131;19.20;237
E4S 56,780;20221114;11:00:00;11:05:00;132;18.87;247
E4S 56,780;20221114;11:05:00;11:10:00;133;19.00;239
E4S 56,780;20221114;11:10:00;11:15:00;134;18.75;262
E4S 56,780;20221114;11:15:00;11:20:00;135;18.90;280
E4S 56,780;20221114;11:20:00;11:25:00;136;18.46;297
E4S 56,780;20221114;11:25:00;11:30:00;137;18.55;280
E4S 56,780;20221114;11:30:00;11:35:00;138;18.85;271
E4S 56,780;20221114;11:35:00;11:40:00;139;18.26;286
E4S 56,780;20221114;11:40:00;11:45:00;140;18.85;271
E4S 56,780;20221114;11:45:00;11:50:00;141;18.49;265
E4S 56,780;20221114;11:50:00;11:55:00;142;18.96;295
E4S 56,780;20221114;11:55:00;12:00:00;143;19.18;252
E4S 56,780;20221114;12:00:00;12:05:00;144;19.20;232
E4S 56,780;20221114;12:05:00;12:10:00;145;19.02;267
E4S 56,780;20221114;12:10:00;12:15:00;146;18.97;253
E4S 56,780;20221114;12:15:00;12:20:00;147;18.91;250
E4S 56,780;20221114;12:20:00;12:25:00;148;19.03;267
E4S 56,780;20221114;12:25:00;12:30:00;149;18.82;261
E4S 56,780;20221114;12:30:00;12:35:00;150;18.40;277
E4S 56,780;20221114;12:35:00;12:40:00;151;18.69;279
E4S 56,780;20221114;12:40:00;12:45:00;152;18.95;255
E4S 56,780;20221114;12:45:00;12:50:00;153;18.36;263
E4S 56,780;20221114;12:50:00;12:55:00;154;18.97;275
E4S 56,780;20221114;12:55:00;13:00:00;155;19.02;259
E4S 56,780;20221114;13:00:00;13:05:00;156;18.70;251
E4S 56,780;20221114;13:05:00;13:10:00;157;18.61;255
E4S 56,780;20221114;13:10:00;13:15:00;158;18.87;234
E4S 56,780;20221114;13:15:00;13:20:00;159;17.73;301
E4S 56,780;20221114;13:20:00;13:25:00;160;17.43;319
E4S 56,780;20221114;13:25:00;13:30:00;161;17.47;357
E4S 56,780;20221114;13:30:00;13:35:00;162;18.02;327
E4S 56,780;20221114;13:35:00;13:40:00;163;17.47;335
E4S 56,780;20221114;13:40:00;13:45:00;164;17.98;328
E4S 56,780;20221114;13:45:00;13:50:00;165;17.31;347
E4S 56,780;20221114;13:50:00;13:55:00;166;18.18;308
E4S 56,780;20221114;13:55:00;14:00:00;167;17.26;372
E4S 56,780;20221114;14:00:00;14:05:00;168;17.13;347
E4S 56,780;20221114;14:05:00;14:10:00;169;16.89;375
E4S 56,780;20221114;14:10:00;14:15:00;170;16.27;425
E4S 56,780;20221114;14:15:00;14:20:00;171;10.49;352
E4S 56,780;20221114;14:20:00;14:25:00;172;10.79;353
E4S 56,780;20221114;14:25:00;14:30:00;173;11.20;356
E4S 56,780;20221114;14:30:00;14:35:00;174;4.91;230
E4S 56,780;20221114;14:35:00;14:40:00;175;7.38;266
E4S 56,780;20221114;14:40:00;14:45:00;176;8.61;324
E4S 56,780;20221114;14:45:00;14:50:00;177;10.91;355
E4S 56,780;20221114;14:50:00;14:55:00;178;7.58;309
E4S 56,780;20221114;14:55:00;15:00:00;179;8.08;291
E4S 56,780;20221114;15:00:00;15:05:00;180;4.14;181
E4S 56,780;20221114;15:05:00;15:10:00;181;6.38;243
E4S 56,780;20221114;15:10:00;15:15:00;182;7.97;294
E4S 56,780;20221114;15:15:00;15:20:00;183;7.77;278
E4S 56,780;20221114;15:20:00;15:25:00;184;8.77;322
E4S 56,780;20221114;15:25:00;15:30:00;185;5.41;206
E4S 56,780;20221114;15:30:00;15:35:00;186;10.77;332
E4S 56,780;20221114;15:35:00;15:40:00;187;6.98;276
E4S 56,780;20221114;15:40:00;15:45:00;188;10.01;302
E4S 56,780;20221114;15:45:00;15:50:00;189;6.43;214
E4S 56,780;20221114;15:50:00;15:55:00;190;9.40;298
E4S 56,780;20221114;15:55:00;16:00:00;191;10.11;336
E4S 56,780;20221114;16:00:00;16:05:00;192;7.20;270
E4S 56,780;20221114;16:05:00;16:10:00;193;5.59;268
E4S 56,780;20221114;16:10:00;16:15:00;194;7.77;273
E4S 56,780;20221114;16:15:00;16:20:00;195;8.17;286
E4S 56,780;20221114;16:20:00;16:25:00;196;11.02;280
E4S 56,780;20221114;16:25:00;16:30:00;197;17.54;235
E4S 56,780;20221114;16:30:00;16:35:00;198;17.09;259
E4S 56,780;20221114;16:35:00;16:40:00;199;18.57;248
E4S 56,780;20221114;16:40:00;16:45:00;200;18.44;250
E4S 56,780;20221114;16:45:00;16:50:00;201;18.22;244
E4S 56,780;20221114;16:50:00;16:55:00;202;19.31;222
E4S 56,780;20221114;16:55:00;17:00:00;203;18.92;203
E4S 56,780;20221114;17:00:00;17:05:00;204;18.98;221
E4S 56,780;20221114;17:05:00;17:10:00;205;19.21;211
E4S 56,780;20221114;17:10:00;17:15:00;206;19.30;217
E4S 56,780;20221114;17:15:00;17:20:00;207;19.20;203
E4S 56,780;20221114;17:20:00;17:25:00;208;18.86;198
E4S 56,780;20221114;17:25:00;17:30:00;209;18.37;216
E4S 56,780;20221114;17:30:00;17:35:00;210;18.06;240
E4S 56,780;20221114;17:35:00;17:40:00;211;18.54;210
E4S 56,780;20221114;17:40:00;17:45:00;212;19.00;214
E4S 56,780;20221114;17:45:00;17:50:00;213;18.99;193
E4S 56,780;20221114;17:50:00;17:55:00;214;19.38;197
E4S 56,780;20221114;17:55:00;18:00:00;215;19.52;173
E4S 56,780;20221114;18:00:00;18:05:00;216;19.39;179
E4S 56,780;20221114;18:05:00;18:10:00;217;19.44;177
E4S 56,780;20221114;18:10:00;18:15:00;218;19.51;175
E4S 56,780;20221114;18:15:00;18:20:00;219;19.51;174
E4S 56,780;20221114;18:20:00;18:25:00;220;20.33;167
E4S 56,780;20221114;18:25:00;18:30:00;221;19.97;160
E4S 56,780;20221114;18:30:00;18:35:00;222;20.04;136
E4S 56,780;20221114;18:35:00;18:40:00;223;20.02;157
E4S 56,780;20221114;18:40:00;18:45:00;224;19.59;165
E4S 56,780;20221114;18:45:00;18:50:00;225;19.74;159
E4S 56,780;20221114;18:50:00;18:55:00;226;20.26;140
E4S 56,780;20221114;18:55:00;19:00:00;227;19.60;154
E4S 56,780;20221114;19:00:00;19:05:00;228;20.11;126
E4S 56,780;20221114;19:05:00;19:10:00;229;19.67;152
E4S 56,780;20221114;19:10:00;19:15:00;230;20.05;152
E4S 56,780;20221114;19:15:00;19:20:00;231;19.54;161
E4S 56,780;20221114;19:20:00;19:25:00;232;19.59;140
E4S 56,780;20221114;19:25:00;19:30:00;233;19.60;131
E4S 56,780;20221114;19:30:00;19:35:00;234;20.81;136
E4S 56,780;20221114;19:35:00;19:40:00;235;20.09;123
E4S 56,780;20221114;19:40:00;19:45:00;236;19.64;144
E4S 56,780;20221114;19:45:00;19:50:00;237;19.94;121
E4S 56,780;20221114;19:50:00;19:55:00;238;20.67;113
E4S 56,780;20221114;19:55:00;20:00:00;239;20.11;122
E4S 56,780;20221114;20:00:00;20:05:00;240;20.67;99
E4S 56,780;20221114;20:05:00;20:10:00;241;20.68;111
E4S 56,780;20221114;20:10:00;20:15:00;242;19.56;124
E4S 56,780;20221114;20:15:00;20:20:00;243;20.66;123
E4S 56,780;20221114;20:20:00;20:25:00;244;20.24;114
E4S 56,780;20221114;20:25:00;20:30:00;245;19.91;125
E4S 56,780;20221114;20:30:00;20:35:00;246;20.38;105
E4S 56,780;20221114;20:35:00;20:40:00;247;20.33;87
E4S 56,780;20221114;20:40:00;20:45:00;248;20.48;97
E4S 56,780;20221114;20:45:00;20:50:00;249;20.17;103
E4S 56,780;20221114;20:50:00;20:55:00;250;20.57;82
E4S 56,780;20221114;20:55:00;21:00:00;251;20.38;74
E4S 56,780;20221114;21:00:00;21:05:00;252;20.02;70
E4S 56,780;20221114;21:05:00;21:10:00;253;20.86;65
E4S 56,780;20221114;21:10:00;21:15:00;254;21.16;72
E4S 56,780;20221114;21:15:00;21:20:00;255;21.10;73
E4S 56,780;20221114;21:20:00;21:25:00;256;21.07;83
E4S 56,780;20221114;21:25:00;21:30:00;257;21.54;71
E4S 56,780;20221114;21:30:00;21:35:00;258;21.07;72
E4S 56,780;20221114;21:35:00;21:40:00;259;20.70;80
E4S 56,780;20221114;21:40:00;21:45:00;260;20.37;68
E4S 56,780;20221114;21:45:00;21:50:00;261;19.91;66
E4S 56,780;20221114;21:50:00;21:55:00;262;21.13;63
E4S 56,780;20221114;21:55:00;22:00:00;263;20.39;50
E4S 56,780;20221114;22:00:00;22:05:00;264;21.14;45
E4S 56,780;20221114;22:05:00;22:10:00;265;20.46;51
E4S 56,780;20221114;22:10:00;22:15:00;266;20.91;57
E4S 56,780;20221114;22:15:00;22:20:00;267;21.43;56
E4S 56,780;20221114;22:20:00;22:25:00;268;20.23;33
E4S 56,780;20221114;22:25:00;22:30:00;269;20.31;45
E4S 56,780;20221114;22:30:00;22:35:00;270;20.45;37
E4S 56,780;20221114;22:35:00;22:40:00;271;20.98;33
E4S 56,780;20221114;22:40:00;22:45:00;272;20.38;40
E4S 56,780;20221114;22:45:00;22:50:00;273;20.43;29
E4S 56,780;20221114;22:50:00;22:55:00;274;19.81;36
E4S 56,780;20221114;22:55:00;23:00:00;275;19.28;22
E4S 56,780;20221114;23:00:00;23:05:00;276;20.33;33
E4S 56,780;20221114;23:05:00;23:10:00;277;20.78;28
E4S 56,780;20221114;23:10:00;23:15:00;278;21.16;33
E4S 56,780;20221114;23:15:00;23:20:00;279;20.75;26
E4S 56,780;20221114;23:20:00;23:25:00;280;20.65;29
E4S 56,780;20221114;23:25:00;23:30:00;281;20.60;25
E4S 56,780;20221114;23:30:00;23:35:00;282;20.16;24
E4S 56,780;20221114;23:35:00;23:40:00;283;19.78;30
E4S 56,780;20221114;23:40:00;23:45:00;284;20.27;17
E4S 56,780;20221114;23:45:00;23:50:00;285;20.38;37
E4S 56,780;20221114;23:50:00;23:55:00;286;20.44;23
E4S 56,780;20221114;23:55:00;24:00:00;287;21.65;19
E4S 56,780;20221116;00:00:00;00:05:00;0;20.66;20
E4S 56,780;20221116;00:05:00;00:10:00;1;20.97;12
E4S 56,780;20221116;00:10:00;00:15:00;2;20.61;17
E4S 56,780;20221116;00:15:00;00:20:00;3;20.11;27
E4S 56,780;20221116;00:20:00;00:25:00;4;20.85;32
E4S 56,780;20221116;00:25:00;00:30:00;5;20.15;27
E4S 56,780;20221116;00:30:00;00:35:00;6;21.60;25
E4S 56,780;20221116;00:35:00;00:40:00;7;20.87;24
E4S 56,780;20221116;00:40:00;00:45:00;8;20.33;28
E4S 56,780;20221116;00:45:00;00:50:00;9;21.32;7
E4S 56,780;20221116;00:50:00;00:55:00;10;17.60;23
E4S 56,780;20221116;00:55:00;01:00:00;11;20.59;10
E4S 56,780;20221116;01:00:00;01:05:00;12;20.01;11
E4S 56,780;20221116;01:05:00;01:10:00;13;19.56;8
E4S 56,780;20221116;01:10:00;01:15:00;14;19.63;14
E4S 56,780;20221116;01:15:00;01:20:00;15;21.29;12
E4S 56,780;20221116;01:20:00;01:25:00;16;20.73;14
E4S 56,780;20221116;01:25:00;01:30:00;17;20.78;16
E4S 56,780;20221116;01:30:00;01:35:00;18;20.15;10
E4S 56,780;20221116;01:35:00;01:40:00;19;20.61;9
E4S 56,780;20221116;01:40:00;01:45:00;20;21.72;8
E4S 56,780;20221116;01:45:00;01:50:00;21;18.82;15
E4S 56,780;20221116;01:50:00;01:55:00;22;20.85;15
E4S 56,780;20221116;01:55:00;02:00:00;23;21.73;13
E4S 56,780;20221116;02:00:00;02:05:00;24;19.95;20
E4S 56,780;20221116;02:05:00;02:10:00;25;20.80;12
E4S 56,780;20221116;02:10:00;02:15:00;26;20.70;20
E4S 56,780;20221116;02:15:00;02:20:00;27;19.92;16
E4S 56,780;20221116;02:20:00;02:25:00;28;22.23;14
E4S 56,780;20221116;02:25:00;02:30:00;29;19.81;9
E4S 56,780;20221116;02:30:00;02:35:00;30;21.87;20
E4S 56,780;20221116;02:35:00;02:40:00;31;20.56;21
E4S 56,780;20221116;02:40:00;02:45:00;32;21.73;18
E4S 56,780;20221116;02:45:00;02:50:00;33;21.69;18
E4S 56,780;20221116;02:50:00;02:55:00;34;19.94;31
E4S 56,780;20221116;02:55:00;03:00:00;35;20.42;24
E4S 56,780;20221116;03:00:00;03:05:00;36;20.46;14
E4S 56,780;20221116;03:05:00;03:10:00;37;20.12;25
E4S 56,780;20221116;03:10:00;03:15:00;38;20.60;19
E4S 56,780;20221116;03:15:00;03:20:00;39;20.52;24
E4S 56,780;20221116;03:20:00;03:25:00;40;21.62;24
E4S 56,780;20221116;03:25:00;03:30:00;41;20.44;29
E4S 56,780;20221116;03:30:00;03:35:00;42;21.71;27
E4S 56,780;20221116;03:35:00;03:40:00;43;20.48;35
E4S 56,780;20221116;03:40:00;03:45:00;44;20.24;25
E4S 56,780;20221116;03:45:00;03:50:00;45;22.06;32
E4S 56,780;20221116;03:50:00;03:55:00;46;21.37;29
E4S 56,780;20221116;03:55:00;04:00:00;47;21.94;35
E4S 56,780;20221116;04:00:00;04:05:00;48;21.54;37
E4S 56,780;20221116;04:05:00;04:10:00;49;21.04;41
E4S 56,780;20221116;04:10:00;04:15:00;50;20.85;53
E4S 56,780;20221116;04:15:00;04:20:00;51;21.15;69
E4S 56,780;20221116;04:20:00;04:25:00;52;21.34;76
E4S 56,780;20221116;04:25:00;04:30:00;53;20.94;98
E4S 56,780;20221116;04:30:00;04:35:00;54;21.51;107
E4S 56,780;20221116;04:35:00;04:40:00;55;20.78;113
E4S 56,780;20221116;04:40:00;04:45:00;56;21.20;126
E4S 56,780;20221116;04:45:00;04:50:00;57;21.02;175
E4S 56,780;20221116;04:50:00;04:55:00;58;20.32;227
E4S 56,780;20221116;04:55:00;05:00:00;59;20.92;212
E4S 56,780;20221116;05:00:00;05:05:00;60;21.46;138
E4S 56,780;20221116;05:05:00;05:10:00;61;20.64;166
E4S 56,780;20221116;05:10:00;05:15:00;62;20.54;188
E4S 56,780;20221116;05:15:00;05:20:00;63;20.13;260
E4S 56,780;20221116;05:20:00;05:25:00;64;19.00;281
E4S 56,780;20221116;05:25:00;05:30:00;65;19.38;276
E4S 56,780;20221116;05:30:00;05:35:00;66;19.67;239
E4S 56,780;20221116;05:35:00;05:40:00;67;19.56;287
E4S 56,780;20221116;05:40:00;05:45:00;68;19.51;273
E4S 56,780;20221116;05:45:00;05:50:00;69;19.39;289
E4S 56,780;20221116;05:50:00;05:55:00;70;18.82;327
E4S 56,780;20221116;05:55:00;06:00:00;71;18.99;316
E4S 56,780;20221116;06:00:00;06:05:00;72;19.58;261
E4S 56,780;20221116;06:05:00;06:10:00;73;18.86;299
E4S 56,780;20221116;06:10:00;06:15:00;74;19.31;280
E4S 56,780;20221116;06:15:00;06:20:00;75;18.82;296
E4S 56,780;20221116;06:20:00;06:25:00;76;18.70;320
E4S 56,780;20221116;06:25:00;06:30:00;77;18.34;327
E4S 56,780;20221116;06:30:00;06:35:00;78;18.48;325
E4S 56,780;20221116;06:35:00;06:40:00;79;16.51;322
E4S 56,780;20221116;06:40:00;06:45:00;80;18.00;294
E4S 56,780;20221116;06:45:00;06:50:00;81;17.99;348
E4S 56,780;20221116;06:50:00;06:55:00;82;18.06;315
E4S 56,780;20221116;06:55:00;07:00:00;83;17.58;312
E4S 56,780;20221116;07:00:00;07:05:00;84;18.83;290
E4S 56,780;20221116;07:05:00;07:10:00;85;18.29;267
E4S 56,780;20221116;07:10:00;07:15:00;86;18.63;304
E4S 56,780;20221116;07:15:00;07:20:00;87;18.12;309
E4S 56,780;20221116;07:20:00;07:25:00;88;18.28;307
E4S 56,780;20221116;07:25:00;07:30:00;89;18.35;289
E4S 56,780;20221116;07:30:00;07:35:00;90;18.87;290
E4S 56,780;20221116;07:35:00;07:40:00;91;18.66;284
E4S 56,780;20221116;07:40:00;07:45:00;92;18.66;285
E4S 56,780;20221116;07:45:00;07:50:00;93;18.35;315
E4S 56,780;20221116;07:50:00;07:55:00;94;18.39;262
E4S 56,780;20221116;07:55:00;08:00:00;95;18.92;285
E4S 56,780;20221116;08:00:00;08:05:00;96;18.34;305
E4S 56,780;20221116;08:05:00;08:10:00;97;18.86;267
E4S 56,780;20221116;08:10:00;08:15:00;98;18.50;278
E4S 56,780;20221116;08:15:00;08:20:00;99;18.88;280
E4S 56,780;20221116;08:20:00;08:25:00;100;18.84;250
E4S 56,780;20221116;08:25:00;08:30:00;101;19.14;242
E4S 56,780;20221116;08:30:00;08:35:00;102;18.73;280
E4S 56,780;20221116;08:35:00;08:40:00;103;19.53;249
E4S 56,780;20221116;08:40:00;08:45:00;104;19.60;254
E4S 56,780;20221116;08:45:00;08:50:00;105;19.71;239
E4S 56,780;20221116;08:50:00;08:55:00;106;19.31;218
E4S 56,780;20221116;08:55:00;09:00:00;107;19.67;246
E4S 56,780;20221116;09:00:00;09:05:00;108;19.29;265
E4S 56,780;20221116;09:05:00;09:10:00;109;19.27;235
E4S 56,780;20221116;09:10:00;09:15:00;110;19.11;265
E4S 56,780;20221116;09:15:00;09:20:00;111;19.01;248
E4S 56,780;20221116;09:20:00;09:25:00;112;19.22;229
E4S 56,780;20221116;09:25:00;09:30:00;113;19.39;248
E4S 56,780;20221116;09:30:00;09:35:00;114;18.75;270
E4S 56,780;20221116;09:35:00;09:40:00;115;19.14;269
E4S 56,780;20221116;09:40:00;09:45:00;116;18.65;283
E4S 56,780;20221116;09:45:00;09:50:00;117;19.12;247
E4S 56,780;20221116;09:50:00;09:55:00;118;19.09;254
E4S 56,780;20221116;09:55:00;10:00:00;119;18.82;272
E4S 56,780;20221116;10:00:00;10:05:00;120;19.32;227
E4S 56,780;20221116;10:05:00;10:10:00;121;18.90;231
E4S 56,780;20221116;10:10:00;10:15:00;122;18.92;252
E4S 56,780;20221116;10:15:00;10:20:00;123;18.75;257
E4S 56,780;20221116;10:20:00;10:25:00;124;18.78;244
E4S 56,780;20221116;10:25:00;10:30:00;125;18.82;278
E4S 56,780;20221116;10:30:00;10:35:00;126;19.12;264
E4S 56,780;20221116;10:35:00;10:40:00;127;19.36;250
E4S 56,780;20221116;10:40:00;10:45:00;128;18.81;268
E4S 56,780;20221116;10:45:00;10:50:00;129;18.16;289
E4S 56,780;20221116;10:50:00;10:55:00;130;19.00;261
E4S 56,780;20221116;10:55:00;11:00:00;131;18.87;254
E4S 56,780;20221116;11:00:00;11:05:00;132;18.84;284
E4S 56,780;20221116;11:05:00;11:10:00;133;18.27;260
E4S 56,780;20221116;11:10:00;11:15:00;134;18.96;262
E4S 56,780;20221116;11:15:00;11:20:00;135;18.21;303
E4S 56,780;20221116;11:20:00;11:25:00;136;18.69;283
E4S 56,780;20221116;11:25:00;11:30:00;137;18.18;322
E4S 56,780;20221116;11:30:00;11:35:00;138;18.55;273
E4S 56,780;20221116;11:35:00;11:40:00;139;17.84;328
E4S 56,780;20221116;11:40:00;11:45:00;140;18.40;303
E4S 56,780;20221116;11:45:00;11:50:00;141;18.72;267
E4S 56,780;20221116;11:50:00;11:55:00;142;18.89;259
E4S 56,780;20221116;11:55:00;12:00:00;143;18.41;290
E4S 56,780;20221116;12:00:00;12:05:00;144;18.34;300
E4S 56,780;20221116;12:05:00;12:10:00;145;18.73;319
E4S 56,780;20221116;12:10:00;12:15:00;146;18.30;256
E4S 56,780;20221116;12:15:00;12:20:00;147;18.07;294
E4S 56,780;20221116;12:20:00;12:25:00;148;18.90;265
E4S 56,780;20221116;12:25:00;12:30:00;149;18.43;290
E4S 56,780;20221116;12:30:00;12:35:00;150;18.08;319
E4S 56,780;20221116;12:35:00;12:40:00;151;18.09;282
E4S 56,780;20221116;12:40:00;12:45:00;152;18.78;284
E4S 56,780;20221116;12:45:00;12:50:00;153;18.14;308
E4S 56,780;20221116;12:50:00;12:55:00;154;17.88;317
E4S 56,780;20221116;12:55:00;13:00:00;155;17.71;316
E4S 56,780;20221116;13:00:00;13:05:00;156;18.07;305
E4S 56,780;20221116;13:05:00;13:10:00;157;17.72;298
E4S 56,780;20221116;13:10:00;13:15:00;158;18.49;310
E4S 56,780;20221116;13:15:00;13:20:00;159;17.46;362
E4S 56,780;20221116;13:20:00;13:25:00;160;17.38;327
E4S 56,780;20221116;13:25:00;13:30:00;161;17.68;281
E4S 56,780;20221116;13:30:00;13:35:00;162;17.91;300
E4S 56,780;20221116;13:35:00;13:40:00;163;17.50;322
E4S 56,780;20221116;13:40:00;13:45:00;164;17.37;333
E4S 56,780;20221116;13:45:00;13:50:00;165;18.40;268
E4S 56,780;20221116;13:50:00;13:55:00;166;18.35;285
E4S 56,780;20221116;13:55:00;14:00:00;167;12.20;376
E4S 56,780;20221116;14:00:00;14:05:00;168;12.90;359
E4S 56,780;20221116;14:05:00;14:10:00;169;12.28;363
E4S 56,780;20221116;14:10:00;14:15:00;170;9.88;345
E4S 56,780;20221116;14:15:00;14:20:00;171;9.91;318
E4S 56,780;20221116;14:20:00;14:25:00;172;8.66;329
E4S 56,780;20221116;14:25:00;14:30:00;173;8.38;289
E4S 56,780;20221116;14:30:00;14:35:00;174;8.63;308
E4S 56,780;20221116;14:35:00;14:40:00;175;8.12;316
E4S 56,780;20221116;14:40:00;14:45:00;176;6.41;244
E4S 56,780;20221116;14:45:00;14:50:00;177;7.26;248
E4S 56,780;20221116;14:50:00;14:55:00;178;4.12;131
E4S 56,780;20221116;14:55:00;15:00:00;179;6.63;290
E4S 56,780;20221116;15:00:00;15:05:00;180;4.67;182
E4S 56,780;20221116;15:05:00;15:10:00;181;6.07;251
E4S 56,780;20221116;15:10:00;15:15:00;182;6.63;267
E4S 56,780;20221116;15:15:00;15:20:00;183;7.97;296
E4S 56,780;20221116;15:20:00;15:25:00;184;7.58;268
E4S 56,780;20221116;15:25:00;15:30:00;185;4.95;176
E4S 56,780;20221116;15:30:00;15:35:00;186;6.63;277
E4S 56,780;20221116;15:35:00;15:40:00;187;6.99;307
E4S 56,780;20221116;15:40:00;15:45:00;188;6.59;226
E4S 56,780;20221116;15:45:00;15:50:00;189;8.50;286
E4S 56,780;20221116;15:50:00;15:55:00;190;6.96;275
E4S 56,780;20221116;15:55:00;16:00:00;191;9.23;292
E4S 56,780;20221116;16:00:00;16:05:00;192;4.70;161
E4S 56,780;20221116;16:05:00;16:10:00;193;5.15;247
E4S 56,780;20221116;16:10:00;16:15:00;194;7.99;304
E4S 56,780;20221116;16:15:00;16:20:00;195;8.13;310
E4S 56,780;20221116;16:20:00;16:25:00;196;6.27;284
E4S 56,780;20221116;16:25:00;16:30:00;197;8.74;303
E4S 56,780;20221116;16:30:00;16:35:00;198;7.27;270
E4S 56,780;20221116;16:35:00;16:40:00;199;7.28;252
E4S 56,780;20221116;16:40:00;16:45:00;200;6.70;244
E4S 56,780;20221116;16:45:00;16:50:00;201;9.63;294
E4S 56,780;20221116;16:50:00;16:55:00;202;13.03;358
E4S 56,780;20221116;16:55:00;17:00:00;203;11.01;310
E4S 56,780;20221116;17:00:00;17:05:00;204;8.17;260
E4S 56,780;20221116;17:05:00;17:10:00;205;8.85;287
E4S 56,780;20221116;17:10:00;17:15:00;206;12.03;220
E4S 56,780;20221116;17:15:00;17:20:00;207;10.98;212
E4S 56,780;20221116;17:20:00;17:25:00;208;11.19;231
E4S 56,780;20221116;17:25:00;17:30:00;209;11.34;244
E4S 56,780;20221116;17:30:00;17:35:00;210;10.50;261
E4S 56,780;20221116;17:35:00;17:40:00;211;9.53;276
E4S 56,780;20221116;17:40:00;17:45:00;212;9.69;254
E4S 56,780;20221116;17:45:00;17:50:00;213;10.10;261
E4S 56,780;20221116;17:50:00;17:55:00;214;9.80;258
E4S 56,780;20221116;17:55:00;18:00:00;215;9.86;252
E4S 56,780;20221116;18:00:00;18:05:00;216;9.84;222
E4S 56,780;20221116;18:05:00;18:10:00;217;6.52;197
E4S 56,780;20221116;18:10:00;18:15:00;218;5.93;198
E4S 56,780;20221116;18:15:00;18:20:00;219;6.15;186
E4S 56,780;20221116;18:20:00;18:25:00;220;5.76;196
E4S 56,780;20221116;18:25:00;18:30:00;221;8.31;225
E4S 56,780;20221116;18:30:00;18:35:00;222;14.31;325
E4S 56,780;20221116;18:35:00;18:40:00;223;18.38;208
E4S 56,780;20221116;18:40:00;18:45:00;224;19.97;165
E4S 56,780;20221116;18:45:00;18:50:00;225;19.57;165
E4S 56,780;20221116;18:50:00;18:55:00;226;19.75;147
E4S 56,780;20221116;18:55:00;19:00:00;227;19.46;155
E4S 56,780;20221116;19:00:00;19:05:00;228;19.54;134
E4S 56,780;20221116;19:05:00;19:10:00;229;19.64;132
E4S 56,780;20221116;19:10:00;19:15:00;230;20.33;128
E4S 56,780;20221116;19:15:00;19:20:00;231;20.14;168
E4S 56,780;20221116;19:20:00;19:25:00;232;19.80;153
E4S 56,780;20221116;19:25:00;19:30:00;233;19.35;138
E4S 56,780;20221116;19:30:00;19:35:00;234;19.84;158
E4S 56,780;20221116;19:35:00;19:40:00;235;19.76;140
E4S 56,780;20221116;19:40:00;19:45:00;236;19.75;167
E4S 56,780;20221116;19:45:00;19:50:00;237;19.72;124
E4S 56,780;20221116;19:50:00;19:55:00;238;19.72;135
E4S 56,780;20221116;19:55:00;20:00:00;239;19.95;120
E4S 56,780;20221116;20:00:00;20:05:00;240;20.45;129
E4S 56,780;20221116;20:05:00;20:10:00;241;19.13;152
E4S 56,780;20221116;20:10:00;20:15:00;242;19.61;143
E4S 56,780;20221116;20:15:00;20:20:00;243;20.32;131
E4S 56,780;20221116;20:20:00;20:25:00;244;20.00;135
E4S 56,780;20221116;20:25:00;20:30:00;245;20.31;113
E4S 56,780;20221116;20:30:00;20:35:00;246;19.93;131
E4S 56,780;20221116;20:35:00;20:40:00;247;19.70;135
E4S 56,780;20221116;20:40:00;20:45:00;248;20.17;124
E4S 56,780;20221116;20:45:00;20:50:00;249;20.12;108
E4S 56,780;20221116;20:50:00;20:55:00;250;20.51;107
E4S 56,780;20221116;20:55:00;21:00:00;251;20.07;90
E4S 56,780;20221116;21:00:00;21:05:00;252;20.44;97
E4S 56,780;20221116;21:05:00;21:10:00;253;20.52;62
E4S 56,780;20221116;21:10:00;21:15:00;254;20.69;111
E4S 56,780;20221116;21:15:00;21:20:00;255;20.79;104
E4S 56,780;20221116;21:20:00;21:25:00;256;20.79;106
E4S 56,780;20221116;21:25:00;21:30:00;257;20.42;95
E4S 56,780;20221116;21:30:00;21:35:00;258;20.91;72
E4S 56,780;20221116;21:35:00;21:40:00;259;20.24;74
E4S 56,780;20221116;21:40:00;21:45:00;260;20.61;63
E4S 56,780;20221116;21:45:00;21:50:00;261;20.86;75
E4S 56,780;20221116;21:50:00;21:55:00;262;20.77;45
E4S 56,780;20221116;21:55:00;22:00:00;263;20.32;57
E4S 56,780;20221116;22:00:00;22:05:00;264;20.71;57
E4S 56,780;20221116;22:05:00;22:10:00;265;20.84;51
E4S 56,780;20221116;22:10:00;22:15:00;266;20.63;54
E4S 56,780;20221116;22:15:00;22:20:00;267;20.47;62
E4S 56,780;20221116;22:20:00;22:25:00;268;21.03;51
E4S 56,780;20221116;22:25:00;22:30:00;269;21.34;34
E4S 56,780;20221116;22:30:00;22:35:00;270;20.94;58
E4S 56,780;20221116;22:35:00;22:40:00;271;22.41;39
E4S 56,780;20221116;22:40:00;22:45:00;272;20.98;48
E4S 56,780;20221116;22:45:00;22:50:00;273;19.81;33
E4S 56,780;20221116;22:50:00;22:55:00;274;20.04;40
E4S 56,780;20221116;22:55:00;23:00:00;275;21.00;36
E4S 56,780;20221116;23:00:00;23:05:00;276;21.31;36
E4S 56,780;20221116;23:05:00;23:10:00;277;19.37;39
E4S 56,780;20221116;23:10:00;23:15:00;278;20.63;39
E4S 56,780;20221116;23:15:00;23:20:00;279;20.50;17
E4S 56,780;20221116;23:20:00;23:25:00;280;21.32;35
E4S 56,780;20221116;23:25:00;23:30:00;281;20.60;37
E4S 56,780;20221116;23:30:00;23:35:00;282;20.67;34
E4S 56,780;20221116;23:35:00;23:40:00;283;20.18;42
E4S 56,780;20221116;23:40:00;23:45:00;284;20.29;32
E4S 56,780;20221116;23:45:00;23:50:00;285;20.29;24
E4S 56,780;20221116;23:50:00;23:55:00;286;20.76;32
E4S 56,780;20221116;23:55:00;24:00:00;287;20.17;24
E4S 56,780;20221121;00:00:00;00:05:00;0;12.67;15
E4S 56,780;20221121;00:05:00;00:10:00;1;14.49;22
E4S 56,780;20221121;00:10:00;00:15:00;2;14.56;22
E4S 56,780;20221121;00:15:00;00:20:00;3;14.41;16
E4S 56,780;20221121;00:20:00;00:25:00;4;15.51;19
E4S 56,780;20221121;00:25:00;00:30:00;5;15.49;13
E4S 56,780;20221121;00:30:00;00:35:00;6;16.88;10
E4S 56,780;20221121;00:35:00;00:40:00;7;13.25;17
E4S 56,780;20221121;00:40:00;00:45:00;8;15.41;26
E4S 56,780;20221121;00:45:00;00:50:00;9;15.31;15
E4S 56,780;20221121;00:50:00;00:55:00;10;16.24;13
E4S 56,780;20221121;00:55:00;01:00:00;11;14.22;16
E4S 56,780;20221121;01:00:00;01:05:00;12;16.70;16
E4S 56,780;20221121;01:05:00;01:10:00;13;14.94;21
E4S 56,780;20221121;01:10:00;01:15:00;14;16.06;16
E4S 56,780;20221121;01:15:00;01:20:00;15;14.41;15
E4S 56,780;20221121;01:20:00;01:25:00;16;16.19;13
E4S 56,780;20221121;01:25:00;01:30:00;17;15.82;19
E4S 56,780;20221121;01:30:00;01:35:00;18;15.91;12
E4S 56,780;20221121;01:35:00;01:40:00;19;16.67;6
E4S 56,780;20221121;01:40:00;01:45:00;20;16.16;8
E4S 56,780;20221121;01:45:00;01:50:00;21;14.58;24
E4S 56,780;20221121;01:50:00;01:55:00;22;14.51;19
E4S 56,780;20221121;01:55:00;02:00:00;23;15.20;19
E4S 56,780;20221121;02:00:00;02:05:00;24;14.99;19
E4S 56,780;20221121;02:05:00;02:10:00;25;16.78;12
E4S 56,780;20221121;02:10:00;02:15:00;26;16.02;22
E4S 56,780;20221121;02:15:00;02:20:00;27;15.89;15
E4S 56,780;20221121;02:20:00;02:25:00;28;16.57;13
E4S 56,780;20221121;02:25:00;02:30:00;29;16.59;9
E4S 56,780;20221121;02:30:00;02:35:00;30;16.56;13
E4S 56,780;20221121;02:35:00;02:40:00;31;15.53;10
E4S 56,780;20221121;02:40:00;02:45:00;32;14.73;10
E4S 56,780;20221121;02:45:00;02:50:00;33;15.49;20
E4S 56,780;20221121;02:50:00;02:55:00;34;15.54;10
E4S 56,780;20221121;02:55:00;03:00:00;35;16.04;18
E4S 56,780;20221121;03:00:00;03:05:00;36;16.39;18
E4S 56,780;20221121;03:05:00;03:10:00;37;15.67;22
E4S 56,780;20221121;03:10:00;03:15:00;38;15.81;11
E4S 56,780;20221121;03:15:00;03:20:00;39;15.58;18
E4S 56,780;20221121;03:20:00;03:25:00;40;17.09;10
E4S 56,780;20221121;03:25:00;03:30:00;41;15.04;19
E4S 56,780;20221121;03:30:00;03:35:00;42;15.43;3
E4S 56,780;20221121;03:35:00;03:40:00;43;13.14;28
E4S 56,780;20221121;03:40:00;03:45:00;44;15.30;21
E4S 56,780;20221121;03:45:00;03:50:00;45;15.43;22
E4S 56,780;20221121;03:50:00;03:55:00;46;15.09;24
E4S 56,780;20221121;03:55:00;04:00:00;47;14.78;25
E4S 56,780;20221121;04:00:00;04:05:00;48;15.10;34
E4S 56,780;20221121;04:05:00;04:10:00;49;16.04;31
E4S 56,780;20221121;04:10:00;04:15:00;50;14.82;29
E4S 56,780;20221121;04:15:00;04:20:00;51;15.43;43
E4S 56,780;20221121;04:20:00;04:25:00;52;15.20;39
E4S 56,780;20221121;04:25:00;04:30:00;53;15.14;34
E4S 56,780;20221121;04:30:00;04:35:00;54;15.64;39
E4S 56,780;20221121;04:35:00;04:40:00;55;13.98;69
E4S 56,780;20221121;04:40:00;04:45:00;56;14.60;63
E4S 56,780;20221121;04:45:00;04:50:00;57;14.43;53
E4S 56,780;20221121;04:50:00;04:55:00;58;13.76;67
E4S 56,780;20221121;04:55:00;05:00:00;59;13.71;85
E4S 56,780;20221121;05:00:00;05:05:00;60;14.29;79
E4S 56,780;20221121;05:05:00;05:10:00;61;14.41;84
E4S 56,780;20221121;05:10:00;05:15:00;62;14.30;70
E4S 56,780;20221121;05:15:00;05:20:00;63;14.31;82
E4S 56,780;20221121;05:20:00;05:25:00;64;13.67;121
E4S 56,780;20221121;05:25:00;05:30:00;65;13.06;131
E4S 56,780;20221121;05:30:00;05:35:00;66;13.73;117
E4S 56,780;20221121;05:35:00;05:40:00;67;12.60;163
E4S 56,780;20221121;05:40:00;05:45:00;68;13.45;154
E4S 56,780;20221121;05:45:00;05:50:00;69;12.99;173
E4S 56,780;20221121;05:50:00;05:55:00;70;13.62;144
E4S 56,780;20221121;05:55:00;06:00:00;71;14.04;125
E4S 56,780;20221121;06:00:00;06:05:00;72;13.66;157
E4S 56,780;20221121;06:05:00;06:10:00;73;13.22;160
E4S 56,780;20221121;06:10:00;06:15:00;74;14.47;131
E4S 56,780;20221121;06:15:00;06:20:00;75;12.96;126
E4S 56,780;20221121;06:20:00;06:25:00;76;13.23;168
E4S 56,780;20221121;06:25:00;06:30:00;77;13.69;149
E4S 56,780;20221121;06:30:00;06:35:00;78;14.15;151
E4S 56,780;20221121;06:35:00;06:40:00;79;13.76;159
E4S 56,780;20221121;06:40:00;06:45:00;80;13.95;166
E4S 56,780;20221121;06:45:00;06:50:00;81;14.78;171
E4S 56,780;20221121;06:50:00;06:55:00;82;14.24;175
E4S 56,780;20221121;06:55:00;07:00:00;83;15.04;163
E4S 56,780;20221121;07:00:00;07:05:00;84;15.83;147
E4S 56,780;20221121;07:05:00;07:10:00;85;16.15;172
E4S 56,780;20221121;07:10:00;07:15:00;86;15.81;178
E4S 56,780;20221121;07:15:00;07:20:00;87;16.35;160
E4S 56,780;20221121;07:20:00;07:25:00;88;15.50;184
E4S 56,780;20221121;07:25:00;07:30:00;89;16.75;138
E4S 56,780;20221121;07:30:00;07:35:00;90;16.41;160
E4S 56,780;20221121;07:35:00;07:40:00;91;16.65;166
E4S 56,780;20221121;07:40:00;07:45:00;92;16.68;164
E4S 56,780;20221121;07:45:00;07:50:00;93;16.87;148
E4S 56,780;20221121;07:50:00;07:55:00;94;17.26;149
E4S 56,780;20221121;07:55:00;08:00:00;95;17.06;147
E4S 56,780;20221121;08:00:00;08:05:00;96;16.28;107
E4S 56,780;20221121;08:05:00;08:10:00;97;17.11;100
E4S 56,780;20221121;08:10:00;08:15:00;98;16.05;118
E4S 56,780;20221121;08:15:00;08:20:00;99;16.71;111
E4S 56,780;20221121;08:20:00;08:25:00;100;15.90;111
E4S 56,780;20221121;08:25:00;08:30:00;101;15.95;139
E4S 56,780;20221121;08:30:00;08:35:00;102;15.92;101
E4S 56,780;20221121;08:35:00;08:40:00;103;16.22;120
E4S 56,780;20221121;08:40:00;08:45:00;104;16.59;149
E4S 56,780;20221121;08:45:00;08:50:00;105;16.82;137
E4S 56,780;20221121;08:50:00;08:55:00;106;16.02;93
E4S 56,780;20221121;08:55:00;09:00:00;107;15.25;83
E4S 56,780;20221121;09:00:00;09:05:00;108;14.91;104
E4S 56,780;20221121;09:05:00;09:10:00;109;14.72;102
E4S 56,780;20221121;09:10:00;09:15:00;110;14.93;112
E4S 56,780;20221121;09:15:00;09:20:00;111;15.61;124
E4S 56,780;20221121;09:20:00;09:25:00;112;16.52;119
E4S 56,780;20221121;09:25:00;09:30:00;113;16.18;123
E4S 56,780;20221121;09:30:00;09:35:00;114;16.75;147
E4S 56,780;20221121;09:35:00;09:40:00;115;16.09;161
E4S 56,780;20221121;09:40:00;09:45:00;116;16.66;154
E4S 56,780;20221121;09:45:00;09:50:00;117;17.23;163
E4S 56,780;20221121;09:50:00;09:55:00;118;17.64;152
E4S 56,780;20221121;09:55:00;10:00:00;119;18.04;126
E4S 56,780;20221121;10:00:00;10:05:00;120;17.38;176
E4S 56,780;20221121;10:05:00;10:10:00;121;17.30;198
E4S 56,780;20221121;10:10:00;10:15:00;122;18.47;172
E4S 56,780;20221121;10:15:00;10:20:00;123;18.06;198
E4S 56,780;20221121;10:20:00;10:25:00;124;18.08;177
E4S 56,780;20221121;10:25:00;10:30:00;125;17.98;175
E4S 56,780;20221121;10:30:00;10:35:00;126;18.10;190
E4S 56,780;20221121;10:35:00;10:40:00;127;17.67;144
E4S 56,780;20221121;10:40:00;10:45:00;128;17.89;180
E4S 56,780;20221121;10:45:00;10:50:00;129;17.75;151
E4S 56,780;20221121;10:50:00;10:55:00;130;16.50;157
E4S 56,780;20221121;10:55:00;11:00:00;131;16.62;133
E4S 56,780;20221121;11:00:00;11:05:00;132;16.78;165
E4S 56,780;20221121;11:05:00;11:10:00;133;16.37;135
E4S 56,780;20221121;11:10:00;11:15:00;134;14.98;156
E4S 56,780;20221121;11:15:00;11:20:00;135;15.51;87
E4S 56,780;20221121;11:20:00;11:25:00;136;14.90;138
E4S 56,780;20221121;11:25:00;11:30:00;137;14.30;148
E4S 56,780;20221121;11:30:00;11:35:00;138;15.36;172
E4S 56,780;20221121;11:35:00;11:40:00;139;15.67;126
E4S 56,780;20221121;11:40:00;11:45:00;140;15.70;126
E4S 56,780;20221121;11:45:00;11:50:00;141;14.69;148
E4S 56,780;20221121;11:50:00;11:55:00;142;16.26;167
E4S 56,780;20221121;11:55:00;12:00:00;143;16.45;150
E4S 56,780;20221121;12:00:00;12:05:00;144;16.91;148
E4S 56,780;20221121;12:05:00;12:10:00;145;17.28;173
E4S 56,780;20221121;12:10:00;12:15:00;146;17.25;187
E4S 56,780;20221121;12:15:00;12:20:00;147;17.55;171
E4S 56,780;20221121;12:20:00;12:25:00;148;17.53;178
E4S 56,780;20221121;12:25:00;12:30:00;149;18.14;165
E4S 56,780;20221121;12:30:00;12:35:00;150;17.92;143
E4S 56,780;20221121;12:35:00;12:40:00;151;17.73;149
E4S 56,780;20221121;12:40:00;12:45:00;152;17.55;176
E4S 56,780;20221121;12:45:00;12:50:00;153;17.44;177
E4S 56,780;20221121;12:50:00;12:55:00;154;17.40;165
E4S 56,780;20221121;12:55:00;13:00:00;155;17.64;198
E4S 56,780;20221121;13:00:00;13:05:00;156;17.98;187
E4S 56,780;20221121;13:05:00;13:10:00;157;18.47;162
E4S 56,780;20221121;13:10:00;13:15:00;158;18.67;144
E4S 56,780;20221121;13:15:00;13:20:00;159;17.10;239
E4S 56,780;20221121;13:20:00;13:25:00;160;17.44;192
E4S 56,780;20221121;13:25:00;13:30:00;161;17.84;206
E4S 56,780;20221121;13:30:00;13:35:00;162;18.27;189
E4S 56,780;20221121;13:35:00;13:40:00;163;17.87;186
E4S 56,780;20221121;13:40:00;13:45:00;164;17.03;157
E4S 56,780;20221121;13:45:00;13:50:00;165;16.00;249
E4S 56,780;20221121;13:50:00;13:55:00;166;17.92;199
E4S 56,780;20221121;13:55:00;14:00:00;167;18.02;193
E4S 56,780;20221121;14:00:00;14:05:00;168;17.43;224
E4S 56,780;20221121;14:05:00;14:10:00;169;17.22;212
E4S 56,780;20221121;14:10:00;14:15:00;170;16.87;219
E4S 56,780;20221121;14:15:00;14:20:00;171;16.82;207
E4S 56,780;20221121;14:20:00;14:25:00;172;17.21;216
E4S 56,780;20221121;14:25:00;14:30:00;173;17.03;203
E4S 56,780;20221121;14:30:00;14:35:00;174;16.97;198
E4S 56,780;20221121;14:35:00;14:40:00;175;17.89;167
E4S 56,780;20221121;14:40:00;14:45:00;176;15.70;227
E4S 56,780;20221121;14:45:00;14:50:00;177;16.34;176
E4S 56,780;20221121;14:50:00;14:55:00;178;16.44;214
E4S 56,780;20221121;14:55:00;15:00:00;179;17.33;165
E4S 56,780;20221121;15:00:00;15:05:00;180;16.85;191
E4S 56,780;20221121;15:05:00;15:10:00;181;16.85;159
E4S 56,780;20221121;15:10:00;15:15:00;182;16.97;195
E4S 56,780;20221121;15:15:00;15:20:00;183;16.73;194
E4S 56,780;20221121;15:20:00;15:25:00;184;17.06;176
E4S 56,780;20221121;15:25:00;15:30:00;185;17.41;184
E4S 56,780;20221121;15:30:00;15:35:00;186;16.54;192
E4S 56,780;20221121;15:35:00;15:40:00;187;16.65;132
E4S 56,780;20221121;15:40:00;15:45:00;188;17.31;151
E4S 56,780;20221121;15:45:00;15:50:00;189;16.91;126
E4S 56,780;20221121;15:50:00;15:55:00;190;17.43;153
E4S 56,780;20221121;15:55:00;16:00:00;191;17.44;125
E4S 56,780;20221121;16:00:00;16:05:00;192;17.05;110
E4S 56,780;20221121;16:05:00;16:10:00;193;16.88;144
E4S 56,780;20221121;16:10:00;16:15:00;194;16.86;153
E4S 56,780;20221121;16:15:00;16:20:00;195;16.43;171
E4S 56,780;20221121;16:20:00;16:25:00;196;16.00;127
E4S 56,780;20221121;16:25:00;16:30:00;197;15.22;147
E4S 56,780;20221121;16:30:00;16:35:00;198;15.32;87
E4S 56,780;20221121;16:35:00;16:40:00;199;14.49;91
E4S 56,780;20221121;16:40:00;16:45:00;200;15.20;80
E4S 56,780;20221121;16:45:00;16:50:00;201;14.54;79
E4S 56,780;20221121;16:50:00;16:55:00;202;14.83;91
E4S 56,780;20221121;16:55:00;17:00:00;203;14.67;105
E4S 56,780;20221121;17:00:00;17:05:00;204;16.61;83
E4S 56,780;20221121;17:05:00;17:10:00;205;15.42;108
E4S 56,780;20221121;17:10:00;17:15:00;206;15.52;113
E4S 56,780;20221121;17:15:00;17:20:00;207;15.72;99
E4S 56,780;20221121;17:20:00;17:25:00;208;16.31;101
E4S 56,780;20221121;17:25:00;17:30:00;209;15.82;101
E4S 56,780;20221121;17:30:00;17:35:00;210;16.59;131
E4S 56,780;20221121;17:35:00;17:40:00;211;16.42;100
E4S 56,780;20221121;17:40:00;17:45:00;212;16.29;92
E4S 56,780;20221121;17:45:00;17:50:00;213;15.20;102
E4S 56,780;20221121;17:50:00;17:55:00;214;16.11;97
E4S 56,780;20221121;17:55:00;18:00:00;215;15.79;83
E4S 56,780;20221121;18:00:00;18:05:00;216;16.27;69
E4S 56,780;20221121;18:05:00;18:10:00;217;15.64;61
E4S 56,780;20221121;18:10:00;18:15:00;218;14.10;68
E4S 56,780;20221121;18:15:00;18:20:00;219;10.87;28
E4S 56,780;20221121;18:20:00;18:25:00;220;11.50;59
E4S 56,780;20221121;18:25:00;18:30:00;221;14.17;54
E4S 56,780;20221121;18:30:00;18:35:00;222;14.04;39
E4S 56,780;20221121;18:35:00;18:40:00;223;14.04;30
E4S 56,780;20221121;18:40:00;18:45:00;224;14.22;30
E4S 56,780;20221121;18:45:00;18:50:00;225;13.61;35
E4S 56,780;20221121;18:50:00;18:55:00;226;13.80;33
E4S 56,780;20221121;18:55:00;19:00:00;227;14.73;23
E4S 56,780;20221121;19:00:00;19:05:00;228;13.99;38
E4S 56,780;20221121;19:05:00;19:10:00;229;13.24;41
E4S 56,780;20221121;19:10:00;19:15:00;230;13.48;49
E4S 56,780;20221121;19:15:00;19:20:00;231;13.60;58
E4S 56,780;20221121;19:20:00;19:25:00;232;14.80;50
E4S 56,780;20221121;19:25:00;19:30:00;233;13.58;43
E4S 56,780;20221121;19:30:00;19:35:00;234;14.33;57
E4S 56,780;20221121;19:35:00;19:40:00;235;14.41;39
E4S 56,780;20221121;19:40:00;19:45:00;236;14.10;45
E4S 56,780;20221121;19:45:00;19:50:00;237;15.11;47
E4S 56,780;20221121;19:50:00;19:55:00;238;15.51;40
E4S 56,780;20221121;19:55:00;20:00:00;239;14.65;49
E4S 56,780;20221121;20:00:00;20:05:00;240;15.37;50
E4S 56,780;20221121;20:05:00;20:10:00;241;16.01;64
E4S 56,780;20221121;20:10:00;20:15:00;242;15.56;59
E4S 56,780;20221121;20:15:00;20:20:00;243;15.24;72
E4S 56,780;20221121;20:20:00;20:25:00;244;15.08;55
E4S 56,780;20221121;20:25:00;20:30:00;245;16.28;49
E4S 56,780;20221121;20:30:00;20:35:00;246;17.14;49
E4S 56,780;20221121;20:35:00;20:40:00;247;16.43;50
E4S 56,780;20221121;20:40:00;20:45:00;248;16.89;56
E4S 56,780;20221121;20:45:00;20:50:00;249;15.15;71
E4S 56,780;20221121;20:50:00;20:55:00;250;16.85;76
E4S 56,780;20221121;20:55:00;21:00:00;251;15.55;79
E4S 56,780;20221121;21:00:00;21:05:00;252;16.85;42
E4S 56,780;20221121;21:05:00;21:10:00;253;17.03;40
E4S 56,780;20221121;21:10:00;21:15:00;254;17.86;48
E4S 56,780;20221121;21:15:00;21:20:00;255;16.41;49
E4S 56,780;20221121;21:20:00;21:25:00;256;17.41;47
E4S 56,780;20221121;21:25:00;21:30:00;257;17.82;47
E4S 56,780;20221121;21:30:00;21:35:00;258;17.00;42
E4S 56,780;20221121;21:35:00;21:40:00;259;17.76;40
E4S 56,780;20221121;21:40:00;21:45:00;260;18.00;41
E4S 56,780;20221121;21:45:00;21:50:00;261;17.54;35
E4S 56,780;20221121;21:50:00;21:55:00;262;17.14;51
E4S 56,780;20221121;21:55:00;22:00:00;263;17.46;35
E4S 56,780;20221121;22:00:00;22:05:00;264;17.30;44
E4S 56,780;20221121;22:05:00;22:10:00;265;16.92;67
E4S 56,780;20221121;22:10:00;22:15:00;266;17.78;52
E4S 56,780;20221121;22:15:00;22:20:00;267;18.08;52
E4S 56,780;20221121;22:20:00;22:25:00;268;18.77;25
E4S 56,780;20221121;22:25:00;22:30:00;269;13.41;52
E4S 56,780;20221121;22:30:00;22:35:00;270;16.98;50
E4S 56,780;20221121;22:35:00;22:40:00;271;18.23;28
E4S 56,780;20221121;22:40:00;22:45:00;272;16.86;42
E4S 56,780;20221121;22:45:00;22:50:00;273;18.28;35
E4S 56,780;20221121;22:50:00;22:55:00;274;16.75;29
E4S 56,780;20221121;22:55:00;23:00:00;275;18.67;27
E4S 56,780;20221121;23:00:00;23:05:00;276;17.82;30
E4S 56,780;20221121;23:05:00;23:10:00;277;17.72;38
E4S 56,780;20221121;23:10:00;23:15:00;278;18.68;40
E4S 56,780;20221121;23:15:00;23:20:00;279;18.34;16
E4S 56,780;20221121;23:20:00;23:25:00;280;17.06;42
E4S 56,780;20221121;23:25:00;23:30:00;281;17.96;26
E4S 56,780;20221121;23:30:00;23:35:00;282;18.14;25
E4S 56,780;20221121;23:35:00;23:40:00;283;17.68;23
E4S 56,780;20221121;23:40:00;23:45:00;284;19.03;26
E4S 56,780;20221121;23:45:00;23:50:00;285;17.22;15
E4S 56,780;20221121;23:50:00;23:55:00;286;20.36;14
E4S 56,780;20221121;23:55:00;24:00:00;287;19.58;28
E4S 56,780;20221122;00:00:00;00:05:00;0;18.85;17
E4S 56,780;20221122;00:05:00;00:10:00;1;18.89;18
E4S 56,780;20221122;00:10:00;00:15:00;2;17.36;8
E4S 56,780;20221122;00:15:00;00:20:00;3;18.61;29
E4S 56,780;20221122;00:20:00;00:25:00;4;17.81;38
E4S 56,780;20221122;00:25:00;00:30:00;5;18.46;27
E4S 56,780;20221122;00:30:00;00:35:00;6;18.54;27
E4S 56,780;20221122;00:35:00;00:40:00;7;17.91;16
E4S 56,780;20221122;00:40:00;00:45:00;8;18.84;17
E4S 56,780;20221122;00:45:00;00:50:00;9;19.54;20
E4S 56,780;20221122;00:50:00;00:55:00;10;18.67;18
E4S 56,780;20221122;00:55:00;01:00:00;11;19.95;19
E4S 56,780;20221122;01:00:00;01:05:00;12;17.35;20
E4S 56,780;20221122;01:05:00;01:10:00;13;18.48;17
E4S 56,780;20221122;01:10:00;01:15:00;14;18.38;15
E4S 56,780;20221122;01:15:00;01:20:00;15;19.73;13
E4S 56,780;20221122;01:20:00;01:25:00;16;18.67;21
E4S 56,780;20221122;01:25:00;01:30:00;17;16.79;14
E4S 56,780;20221122;01:30:00;01:35:00;18;19.15;15
E4S 56,780;20221122;01:35:00;01:40:00;19;18.61;19
E4S 56,780;20221122;01:40:00;01:45:00;20;18.54;15
E4S 56,780;20221122;01:45:00;01:50:00;21;16.15;15
E4S 56,780;20221122;01:50:00;01:55:00;22;17.35;16
E4S 56,780;20221122;01:55:00;02:00:00;23;16.82;19
E4S 56,780;20221122;02:00:00;02:05:00;24;17.93;29
E4S 56,780;20221122;02:05:00;02:10:00;25;19.87;24
E4S 56,780;20221122;02:10:00;02:15:00;26;19.65;11
E4S 56,780;20221122;02:15:00;02:20:00;27;18.61;22
E4S 56,780;20221122;02:20:00;02:25:00;28;20.14;16
E4S 56,780;20221122;02:25:00;02:30:00;29;18.89;12
E4S 56,780;20221122;02:30:00;02:35:00;30;17.20;13
E4S 56,780;20221122;02:35:00;02:40:00;31;18.12;21
E4S 56,780;20221122;02:40:00;02:45:00;32;18.81;20
E4S 56,780;20221122;02:45:00;02:50:00;33;19.69;20
E4S 56,780;20221122;02:50:00;02:55:00;34;18.44;25
E4S 56,780;20221122;02:55:00;03:00:00;35;18.41;26
E4S 56,780;20221122;03:00:00;03:05:00;36;19.20;14
E4S 56,780;20221122;03:05:00;03:10:00;37;18.73;30
E4S 56,780;20221122;03:10:00;03:15:00;38;19.12;24
E4S 56,780;20221122;03:15:00;03:20:00;39;19.82;30
E4S 56,780;20221122;03:20:00;03:25:00;40;19.19;20
E4S 56,780;20221122;03:25:00;03:30:00;41;17.56;20
E4S 56,780;20221122;03:30:00;03:35:00;42;19.51;20
E4S 56,780;20221122;03:35:00;03:40:00;43;18.28;31
E4S 56,780;20221122;03:40:00;03:45:00;44;19.34;30
E4S 56,780;20221122;03:45:00;03:50:00;45;18.63;23
E4S 56,780;20221122;03:50:00;03:55:00;46;18.22;70
E4S 56,780;20221122;03:55:00;04:00:00;47;18.12;35
E4S 56,780;20221122;04:00:00;04:05:00;48;19.43;33
E4S 56,780;20221122;04:05:00;04:10:00;49;18.56;59
E4S 56,780;20221122;04:10:00;04:15:00;50;19.44;48
E4S 56,780;20221122;04:15:00;04:20:00;51;19.18;61
E4S 56,780;20221122;04:20:00;04:25:00;52;18.76;58
E4S 56,780;20221122;04:25:00;04:30:00;53;18.44;76
E4S 56,780;20221122;04:30:00;04:35:00;54;18.84;80
E4S 56,780;20221122;04:35:00;04:40:00;55;18.88;81
E4S 56,780;20221122;04:40:00;04:45:00;56;18.66;104
E4S 56,780;20221122;04:45:00;04:50:00;57;18.43;116
E4S 56,780;20221122;04:50:00;04:55:00;58;17.96;165
E4S 56,780;20221122;04:55:00;05:00:00;59;18.99;162
E4S 56,780;20221122;05:00:00;05:05:00;60;18.32;149
E4S 56,780;20221122;05:05:00;05:10:00;61;18.54;150
E4S 56,780;20221122;05:10:00;05:15:00;62;18.81;136
E4S 56,780;20221122;05:15:00;05:20:00;63;18.10;186
E4S 56,780;20221122;05:20:00;05:25:00;64;17.73;208
E4S 56,780;20221122;05:25:00;05:30:00;65;17.80;207
E4S 56,780;20221122;05:30:00;05:35:00;66;18.34;175
E4S 56,780;20221122;05:35:00;05:40:00;67;17.79;229
E4S 56,780;20221122;05:40:00;05:45:00;68;18.12;233
E4S 56,780;20221122;05:45:00;05:50:00;69;17.75;215
E4S 56,780;20221122;05:50:00;05:55:00;70;17.51;253
E4S 56,780;20221122;05:55:00;06:00:00;71;17.38;240
E4S 56,780;20221122;06:00:00;06:05:00;72;17.70;222
E4S 56,780;20221122;06:05:00;06:10:00;73;17.77;224
E4S 56,780;20221122;06:10:00;06:15:00;74;17.46;244
E4S 56,780;20221122;06:15:00;06:20:00;75;17.26;212
E4S 56,780;20221122;06:20:00;06:25:00;76;17.29;205
E4S 56,780;20221122;06:25:00;06:30:00;77;17.43;253
E4S 56,780;20221122;06:30:00;06:35:00;78;17.38;204
E4S 56,780;20221122;06:35:00;06:40:00;79;17.16;255
E4S 56,780;20221122;06:40:00;06:45:00;80;17.47;248
E4S 56,780;20221122;06:45:00;06:50:00;81;17.35;235
E4S 56,780;20221122;06:50:00;06:55:00;82;17.00;257
E4S 56,780;20221122;06:55:00;07:00:00;83;16.60;241
E4S 56,780;20221122;07:00:00;07:05:00;84;17.44;235
E4S 56,780;20221122;07:05:00;07:10:00;85;17.55;218
E4S 56,780;20221122;07:10:00;07:15:00;86;17.50;246
E4S 56,780;20221122;07:15:00;07:20:00;87;17.56;247
E4S 56,780;20221122;07:20:00;07:25:00;88;17.43;247
E4S 56,780;20221122;07:25:00;07:30:00;89;17.56;212
E4S 56,780;20221122;07:30:00;07:35:00;90;17.21;258
E4S 56,780;20221122;07:35:00;07:40:00;91;16.89;254
E4S 56,780;20221122;07:40:00;07:45:00;92;17.55;215
E4S 56,780;20221122;07:45:00;07:50:00;93;17.86;223
E4S 56,780;20221122;07:50:00;07:55:00;94;18.28;231
E4S 56,780;20221122;07:55:00;08:00:00;95;17.68;220
E4S 56,780;20221122;08:00:00;08:05:00;96;18.07;193
E4S 56,780;20221122;08:05:00;08:10:00;97;17.78;217
E4S 56,780;20221122;08:10:00;08:15:00;98;18.37;214
E4S 56,780;20221122;08:15:00;08:20:00;99;17.95;234
E4S 56,780;20221122;08:20:00;08:25:00;100;17.93;250
E4S 56,780;20221122;08:25:00;08:30:00;101;18.46;211
E4S 56,780;20221122;08:30:00;08:35:00;102;18.23;221
E4S 56,780;20221122;08:35:00;08:40:00;103;18.31;230
E4S 56,780;20221122;08:40:00;08:45:00;104;17.85;257
E4S 56,780;20221122;08:45:00;08:50:00;105;18.81;193
E4S 56,780;20221122;08:50:00;08:55:00;106;18.54;208
E4S 56,780;20221122;08:55:00;09:00:00;107;18.68;193
E4S 56,780;20221122;09:00:00;09:05:00;108;18.47;221
E4S 56,780;20221122;09:05:00;09:10:00;109;18.98;215
E4S 56,780;20221122;09:10:00;09:15:00;110;18.10;237
E4S 56,780;20221122;09:15:00;09:20:00;111;17.67;278
E4S 56,780;20221122;09:20:00;09:25:00;112;18.66;215
E4S 56,780;20221122;09:25:00;09:30:00;113;18.33;228
E4S 56,780;20221122;09:30:00;09:35:00;114;17.29;263
E4S 56,780;20221122;09:35:00;09:40:00;115;18.62;207
E4S 56,780;20221122;09:40:00;09:45:00;116;18.63;221
E4S 56,780;20221122;09:45:00;09:50:00;117;18.76;212
E4S 56,780;20221122;09:50:00;09:55:00;118;18.83;201
E4S 56,780;20221122;09:55:00;10:00:00;119;19.06;197
E4S 56,780;20221122;10:00:00;10:05:00;120;18.81;184
E4S 56,780;20221122;10:05:00;10:10:00;121;17.50;244
E4S 56,780;20221122;10:10:00;10:15:00;122;18.98;204
E4S 56,780;20221122;10:15:00;10:20:00;123;18.68;196
E4S 56,780;20221122;10:20:00;10:25:00;124;18.16;226
E4S 56,780;20221122;10:25:00;10:30:00;125;18.33;220
E4S 56,780;20221122;10:30:00;10:35:00;126;18.80;219
E4S 56,780;20221122;10:35:00;10:40:00;127;18.36;223
E4S 56,780;20221122;10:40:00;10:45:00;128;18.83;226
E4S 56,780;20221122;10:45:00;10:50:00;129;18.70;240
E4S 56,780;20221122;10:50:00;10:55:00;130;18.97;225
E4S 56,780;20221122;10:55:00;11:00:00;131;18.94;208
E4S 56,780;20221122;11:00:00;11:05:00;132;18.99;205
E4S 56,780;20221122;11:05:00;11:10:00;133;19.24;211
E4S 56,780;20221122;11:10:00;11:15:00;134;17.98;222
E4S 56,780;20221122;11:15:00;11:20:00;135;18.50;226
E4S 56,780;20221122;11:20:00;11:25:00;136;18.28;232
E4S 56,780;20221122;11:25:00;11:30:00;137;18.37;223
E4S 56,780;20221122;11:30:00;11:35:00;138;18.27;262
E4S 56,780;20221122;11:35:00;11:40:00;139;18.57;234
E4S 56,780;20221122;11:40:00;11:45:00;140;18.74;220
E4S 56,780;20221122;11:45:00;11:50:00;141;18.76;217
E4S 56,780;20221122;11:50:00;11:55:00;142;18.77;229
E4S 56,780;20221122;11:55:00;12:00:00;143;18.91;237
E4S 56,780;20221122;12:00:00;12:05:00;144;18.65;222
E4S 56,780;20221122;12:05:00;12:10:00;145;18.23;240
E4S 56,780;20221122;12:10:00;12:15:00;146;18.42;255
E4S 56,780;20221122;12:15:00;12:20:00;147;18.33;217
E4S 56,780;20221122;12:20:00;12:25:00;148;17.73;207
E4S 56,780;20221122;12:25:00;12:30:00;149;15.14;287
E4S 56,780;20221122;12:30:00;12:35:00;150;17.08;258
E4S 56,780;20221122;12:35:00;12:40:00;151;18.49;248
E4S 56,780;20221122;12:40:00;12:45:00;152;18.47;214
E4S 56,780;20221122;12:45:00;12:50:00;153;18.65;265
E4S 56,780;20221122;12:50:00;12:55:00;154;17.83;254
E4S 56,780;20221122;12:55:00;13:00:00;155;17.66;278
E4S 56,780;20221122;13:00:00;13:05:00;156;18.78;242
E4S 56,780;20221122;13:05:00;13:10:00;157;18.42;247
E4S 56,780;20221122;13:10:00;13:15:00;158;18.02;253
E4S 56,780;20221122;13:15:00;13:20:00;159;18.40;233
E4S 56,780;20221122;13:20:00;13:25:00;160;18.74;248
E4S 56,780;20221122;13:25:00;13:30:00;161;18.47;238
E4S 56,780;20221122;13:30:00;13:35:00;162;17.72;274
E4S 56,780;20221122;13:35:00;13:40:00;163;17.03;284
E4S 56,780;20221122;13:40:00;13:45:00;164;17.89;284
E4S 56,780;20221122;13:45:00;13:50:00;165;17.98;295
E4S 56,780;20221122;13:50:00;13:55:00;166;17.78;272
E4S 56,780;20221122;13:55:00;14:00:00;167;17.63;305
E4S 56,780;20221122;14:00:00;14:05:00;168;17.79;265
E4S 56,780;20221122;14:05:00;14:10:00;169;17.60;279
E4S 56,780;20221122;14:10:00;14:15:00;170;17.26;328
E4S 56,780;20221122;14:15:00;14:20:00;171;16.78;300
E4S 56,780;20221122;14:20:00;14:25:00;172;16.95;321
E4S 56,780;20221122;14:25:00;14:30:00;173;17.11;298
E4S 56,780;20221122;14:30:00;14:35:00;174;17.20;298
E4S 56,780;20221122;14:35:00;14:40:00;175;15.97;326
E4S 56,780;20221122;14:40:00;14:45:00;176;16.21;320
E4S 56,780;20221122;14:45:00;14:50:00;177;17.13;280
E4S 56,780;20221122;14:50:00;14:55:00;178;17.18;276
E4S 56,780;20221122;14:55:00;15:00:00;179;16.80;298
E4S 56,780;20221122;15:00:00;15:05:00;180;17.21;277
E4S 56,780;20221122;15:05:00;15:10:00;181;16.66;301
E4S 56,780;20221122;15:10:00;15:15:00;182;17.28;272
E4S 56,780;20221122;15:15:00;15:20:00;183;16.65;297
E4S 56,780;20221122;15:20:00;15:25:00;184;17.09;258
E4S 56,780;20221122;15:25:00;15:30:00;185;17.45;251
E4S 56,780;20221122;15:30:00;15:35:00;186;17.09;224
E4S 56,780;20221122;15:35:00;15:40:00;187;16.70;245
E4S 56,780;20221122;15:40:00;15:45:00;188;17.87;204
E4S 56,780;20221122;15:45:00;15:50:00;189;18.02;195
E4S 56,780;20221122;15:50:00;15:55:00;190;17.47;220
E4S 56,780;20221122;15:55:00;16:00:00;191;17.51;244
E4S 56,780;20221122;16:00:00;16:05:00;192;17.28;183
E4S 56,780;20221122;16:05:00;16:10:00;193;17.75;217
E4S 56,780;20221122;16:10:00;16:15:00;194;17.50;228
E4S 56,780;20221122;16:15:00;16:20:00;195;18.04;210
E4S 56,780;20221122;16:20:00;16:25:00;196;17.66;220
E4S 56,780;20221122;16:25:00;16:30:00;197;17.58;232
E4S 56,780;20221122;16:30:00;16:35:00;198;17.97;222
E4S 56,780;20221122;16:35:00;16:40:00;199;18.01;202
E4S 56,780;20221122;16:40:00;16:45:00;200;17.55;203
E4S 56,780;20221122;16:45:00;16:50:00;201;18.09;179
E4S 56,780;20221122;16:50:00;16:55:00;202;18.00;205
E4S 56,780;20221122;16:55:00;17:00:00;203;18.22;181
E4S 56,780;20221122;17:00:00;17:05:00;204;17.50;222
E4S 56,780;20221122;17:05:00;17:10:00;205;17.54;175
E4S 56,780;20221122;17:10:00;17:15:00;206;18.87;159
E4S 56,780;20221122;17:15:00;17:20:00;207;18.49;187
E4S 56,780;20221122;17:20:00;17:25:00;208;18.23;171
E4S 56,780;20221122;17:25:00;17:30:00;209;18.10;178
E4S 56,780;20221122;17:30:00;17:35:00;210;17.87;204
E4S 56,780;20221122;17:35:00;17:40:00;211;17.74;206
E4S 56,780;20221122;17:40:00;17:45:00;212;18.49;202
E4S 56,780;20221122;17:45:00;17:50:00;213;18.73;175
E4S 56,780;20221122;17:50:00;17:55:00;214;18.75;172
E4S 56,780;20221122;17:55:00;18:00:00;215;18.49;163
E4S 56,780;20221122;18:00:00;18:05:00;216;18.75;173
E4S 56,780;20221122;18:05:00;18:10:00;217;18.61;180
E4S 56,780;20221122;18:10:00;18:15:00;218;19.07;137
E4S 56,780;20221122;18:15:00;18:20:00;219;18.71;158
E4S 56,780;20221122;18:20:00;18:25:00;220;18.73;180
E4S 56,780;20221122;18:25:00;18:30:00;221;19.30;143
E4S 56,780;20221122;18:30:00;18:35:00;222;19.12;144
E4S 56,780;20221122;18:35:00;18:40:00;223;19.00;123
E4S 56,780;20221122;18:40:00;18:45:00;224;19.18;147
E4S 56,780;20221122;18:45:00;18:50:00;225;19.31;151
E4S 56,780;20221122;18:50:00;18:55:00;226;19.38;123
E4S 56,780;20221122;18:55:00;19:00:00;227;19.59;117
E4S 56,780;20221122;19:00:00;19:05:00;228;19.01;116
E4S 56,780;20221122;19:05:00;19:10:00;229;19.86;104
E4S 56,780;20221122;19:10:00;19:15:00;230;19.61;131
E4S 56,780;20221122;19:15:00;19:20:00;231;19.55;145
E4S 56,780;20221122;19:20:00;19:25:00;232;19.80;114
E4S 56,780;20221122;19:25:00;19:30:00;233;18.82;128
E4S 56,780;20221122;19:30:00;19:35:00;234;19.94;120
E4S 56,780;20221122;19:35:00;19:40:00;235;19.37;117
E4S 56,780;20221122;19:40:00;19:45:00;236;18.93;123
E4S 56,780;20221122;19:45:00;19:50:00;237;19.63;118
E4S 56,780;20221122;19:50:00;19:55:00;238;19.93;114
E4S 56,780;20221122;19:55:00;20:00:00;239;19.13;112
E4S 56,780;20221122;20:00:00;20:05:00;240;19.58;117
E4S 56,780;20221122;20:05:00;20:10:00;241;19.65;103
E4S 56,780;20221122;20:10:00;20:15:00;242;19.85;115
E4S 56,780;20221122;20:15:00;20:20:00;243;19.50;109
E4S 56,780;20221122;20:20:00;20:25:00;244;19.18;107
E4S 56,780;20221122;20:25:00;20:30:00;245;20.09;86
E4S 56,780;20221122;20:30:00;20:35:00;246;19.91;96
E4S 56,780;20221122;20:35:00;20:40:00;247;20.32;104
E4S 56,780;20221122;20:40:00;20:45:00;248;19.28;87
E4S 56,780;20221122;20:45:00;20:50:00;249;19.18;85
E4S 56,780;20221122;20:50:00;20:55:00;250;19.65;81
E4S 56,780;20221122;20:55:00;21:00:00;251;18.87;80
E4S 56,780;20221122;21:00:00;21:05:00;252;19.24;100
E4S 56,780;20221122;21:05:00;21:10:00;253;19.37;75
E4S 56,780;20221122;21:10:00;21:15:00;254;19.35;72
E4S 56,780;20221122;21:15:00;21:20:00;255;20.11;68
E4S 56,780;20221122;21:20:00;21:25:00;256;19.80;62
E4S 56,780;20221122;21:25:00;21:30:00;257;20.01;70
E4S 56,780;20221122;21:30:00;21:35:00;258;19.44;53
E4S 56,780;20221122;21:35:00;21:40:00;259;19.32;67
E4S 56,780;20221122;21:40:00;21:45:00;260;19.30;73
E4S 56,780;20221122;21:45:00;21:50:00;261;19.35;87
E4S 56,780;20221122;21:50:00;21:55:00;262;19.02;55
E4S 56,780;20221122;21:55:00;22:00:00;263;20.17;64
E4S 56,780;20221122;22:00:00;22:05:00;264;19.86;69
E4S 56,780;20221122;22:05:00;22:10:00;265;19.33;55
E4S 56,780;20221122;22:10:00;22:15:00;266;19.95;40
E4S 56,780;20221122;22:15:00;22:20:00;267;20.33;44
E4S 56,780;20221122;22:20:00;22:25:00;268;19.73;33
E4S 56,780;20221122;22:25:00;22:30:00;269;19.75;67
E4S 56,780;20221122;22:30:00;22:35:00;270;19.16;40
E4S 56,780;20221122;22:35:00;22:40:00;271;20.16;50
E4S 56,780;20221122;22:40:00;22:45:00;272;20.36;42
E4S 56,780;20221122;22:45:00;22:50:00;273;19.77;39
E4S 56,780;20221122;22:50:00;22:55:00;274;19.78;37
E4S 56,780;20221122;22:55:00;23:00:00;275;18.97;35
E4S 56,780;20221122;23:00:00;23:05:00;276;20.01;27
E4S 56,780;20221122;23:05:00;23:10:00;277;19.39;37
E4S 56,780;20221122;23:10:00;23:15:00;278;19.10;33
E4S 56,780;20221122;23:15:00;23:20:00;279;19.33;31
E4S 56,780;20221122;23:20:00;23:25:00;280;19.07;38
E4S 56,780;20221122;23:25:00;23:30:00;281;19.71;31
E4S 56,780;20221122;23:30:00;23:35:00;282;18.76;24
E4S 56,780;20221122;23:35:00;23:40:00;283;19.83;30
E4S 56,780;20221122;23:40:00;23:45:00;284;18.19;22
E4S 56,780;20221122;23:45:00;23:50:00;285;17.99;22
E4S 56,780;20221122;23:50:00;23:55:00;286;19.73;26
E4S 56,780;20221122;23:55:00;24:00:00;287;19.08;18
E4S 56,780;20221213;00:00:00;00:05:00;0;16.26;12
E4S 56,780;20221213;00:05:00;00:10:00;1;15.83;12
E4S 56,780;20221213;00:10:00;00:15:00;2;15.80;18
E4S 56,780;20221213;00:15:00;00:20:00;3;15.55;18
E4S 56,780;20221213;00:20:00;00:25:00;4;16.03;20
E4S 56,780;20221213;00:25:00;00:30:00;5;15.88;23
E4S 56,780;20221213;00:30:00;00:35:00;6;18.56;19
E4S 56,780;20221213;00:35:00;00:40:00;7;18.53;16
E4S 56,780;20221213;00:40:00;00:45:00;8;20.62;21
E4S 56,780;20221213;00:45:00;00:50:00;9;18.72;11
E4S 56,780;20221213;00:50:00;00:55:00;10;19.75;19
E4S 56,780;20221213;00:55:00;01:00:00;11;20.77;14
E4S 56,780;20221213;01:00:00;01:05:00;12;18.61;14
E4S 56,780;20221213;01:05:00;01:10:00;13;17.56;10
E4S 56,780;20221213;01:10:00;01:15:00;14;18.80;12
E4S 56,780;20221213;01:15:00;01:20:00;15;18.76;19
E4S 56,780;20221213;01:20:00;01:25:00;16;18.70;12
E4S 56,780;20221213;01:25:00;01:30:00;17;19.23;4
E4S 56,780;20221213;01:30:00;01:35:00;18;17.27;8
E4S 56,780;20221213;01:35:00;01:40:00;19;17.57;12
E4S 56,780;20221213;01:40:00;01:45:00;20;17.92;10
E4S 56,780;20221213;01:45:00;01:50:00;21;18.71;15
E4S 56,780;20221213;01:50:00;01:55:00;22;17.24;14
E4S 56,780;20221213;01:55:00;02:00:00;23;18.24;15
E4S 56,780;20221213;02:00:00;02:05:00;24;18.18;8
E4S 56,780;20221213;02:05:00;02:10:00;25;18.03;19
E4S 56,780;20221213;02:10:00;02:15:00;26;16.91;10
E4S 56,780;20221213;02:15:00;02:20:00;27;18.82;16
E4S 56,780;20221213;02:20:00;02:25:00;28;17.31;12
E4S 56,780;20221213;02:25:00;02:30:00;29;19.31;10
E4S 56,780;20221213;02:30:00;02:35:00;30;17.66;26
E4S 56,780;20221213;02:35:00;02:40:00;31;18.07;12
E4S 56,780;20221213;02:40:00;02:45:00;32;18.28;8
E4S 56,780;20221213;02:45:00;02:50:00;33;19.96;19
E4S 56,780;20221213;02:50:00;02:55:00;34;18.61;25
E4S 56,780;20221213;02:55:00;03:00:00;35;18.42;24
E4S 56,780;20221213;03:00:00;03:05:00;36;18.98;17
E4S 56,780;20221213;03:05:00;03:10:00;37;16.64;15
E4S 56,780;20221213;03:10:00;03:15:00;38;18.46;17
E4S 56,780;20221213;03:15:00;03:20:00;39;20.14;17
E4S 56,780;20221213;03:20:00;03:25:00;40;19.80;11
E4S 56,780;20221213;03:25:00;03:30:00;41;19.67;16
E4S 56,780;20221213;03:30:00;03:35:00;42;18.90;30
E4S 56,780;20221213;03:35:00;03:40:00;43;18.25;26
E4S 56,780;20221213;03:40:00;03:45:00;44;18.85;22
E4S 56,780;20221213;03:45:00;03:50:00;45;18.57;31
E4S 56,780;20221213;03:50:00;03:55:00;46;16.16;35
E4S 56,780;20221213;03:55:00;04:00:00;47;17.29;29
E4S 56,780;20221213;04:00:00;04:05:00;48;19.12;40
E4S 56,780;20221213;04:05:00;04:10:00;49;18.49;23
E4S 56,780;20221213;04:10:00;04:15:00;50;18.79;19
E4S 56,780;20221213;04:15:00;04:20:00;51;18.62;42
E4S 56,780;20221213;04:20:00;04:25:00;52;17.78;63
E4S 56,780;20221213;04:25:00;04:30:00;53;18.06;51
E4S 56,780;20221213;04:30:00;04:35:00;54;18.12;57
E4S 56,780;20221213;04:35:00;04:40:00;55;17.90;79
E4S 56,780;20221213;04:40:00;04:45:00;56;17.95;108
E4S 56,780;20221213;04:45:00;04:50:00;57;17.91;106
E4S 56,780;20221213;04:50:00;04:55:00;58;17.42;130
E4S 56,780;20221213;04:55:00;05:00:00;59;18.19;170
E4S 56,780;20221213;05:00:00;05:05:00;60;18.34;119
E4S 56,780;20221213;05:05:00;05:10:00;61;18.19;108
E4S 56,780;20221213;05:10:00;05:15:00;62;17.57;119
E4S 56,780;20221213;05:15:00;05:20:00;63;17.75;129
E4S 56,780;20221213;05:20:00;05:25:00;64;17.12;145
E4S 56,780;20221213;05:25:00;05:30:00;65;15.78;180
E4S 56,780;20221213;05:30:00;05:35:00;66;16.08;213
E4S 56,780;20221213;05:35:00;05:40:00;67;16.56;230
E4S 56,780;20221213;05:40:00;05:45:00;68;15.99;230
E4S 56,780;20221213;05:45:00;05:50:00;69;16.23;188
E4S 56,780;20221213;05:50:00;05:55:00;70;15.35;208
E4S 56,780;20221213;05:55:00;06:00:00;71;16.16;212
E4S 56,780;20221213;06:00:00;06:05:00;72;15.19;210
E4S 56,780;20221213;06:05:00;06:10:00;73;16.54;226
E4S 56,780;20221213;06:10:00;06:15:00;74;15.23;239
E4S 56,780;20221213;06:15:00;06:20:00;75;15.82;225
E4S 56,780;20221213;06:20:00;06:25:00;76;15.27;250
E4S 56,780;20221213;06:25:00;06:30:00;77;15.72;239
E4S 56,780;20221213;06:30:00;06:35:00;78;15.90;227
E4S 56,780;20221213;06:35:00;06:40:00;79;15.80;218
E4S 56,780;20221213;06:40:00;06:45:00;80;15.27;241
E4S 56,780;20221213;06:45:00;06:50:00;81;15.86;213
E4S 56,780;20221213;06:50:00;06:55:00;82;16.86;184
E4S 56,780;20221213;06:55:00;07:00:00;83;16.58;186
E4S 56,780;20221213;07:00:00;07:05:00;84;16.29;223
E4S 56,780;20221213;07:05:00;07:10:00;85;16.29;228
E4S 56,780;20221213;07:10:00;07:15:00;86;15.57;210
E4S 56,780;20221213;07:15:00;07:20:00;87;16.01;204
E4S 56,780;20221213;07:20:00;07:25:00;88;15.42;240
E4S 56,780;20221213;07:25:00;07:30:00;89;16.12;221
E4S 56,780;20221213;07:30:00;07:35:00;90;15.80;225
E4S 56,780;20221213;07:35:00;07:40:00;91;16.60;212
E4S 56,780;20221213;07:40:00;07:45:00;92;16.22;229
E4S 56,780;20221213;07:45:00;07:50:00;93;15.25;255
E4S 56,780;20221213;07:50:00;07:55:00;94;16.36;212
E4S 56,780;20221213;07:55:00;08:00:00;95;15.65;279
E4S 56,780;20221213;08:00:00;08:05:00;96;15.48;256
E4S 56,780;20221213;08:05:00;08:10:00;97;16.09;225
E4S 56,780;20221213;08:10:00;08:15:00;98;15.81;245
E4S 56,780;20221213;08:15:00;08:20:00;99;16.29;211
E4S 56,780;20221213;08:20:00;08:25:00;100;15.07;224
E4S 56,780;20221213;08:25:00;08:30:00;101;16.03;227
E4S 56,780;20221213;08:30:00;08:35:00;102;16.94;190
E4S 56,780;20221213;08:35:00;08:40:00;103;15.74;252
E4S 56,780;20221213;08:40:00;08:45:00;104;16.01;264
E4S 56,780;20221213;08:45:00;08:50:00;105;16.19;233
E4S 56,780;20221213;08:50:00;08:55:00;106;16.73;229
E4S 56,780;20221213;08:55:00;09:00:00;107;17.36;201
E4S 56,780;20221213;09:00:00;09:05:00;108;17.26;203
E4S 56,780;20221213;09:05:00;09:10:00;109;16.67;211
E4S 56,780;20221213;09:10:00;09:15:00;110;17.46;227
E4S 56,780;20221213;09:15:00;09:20:00;111;17.66;198
E4S 56,780;20221213;09:20:00;09:25:00;112;15.79;267
E4S 56,780;20221213;09:25:00;09:30:00;113;17.26;215
E4S 56,780;20221213;09:30:00;09:35:00;114;16.98;223
E4S 56,780;20221213;09:35:00;09:40:00;115;17.42;230
E4S 56,780;20221213;09:40:00;09:45:00;116;17.34;219
E4S 56,780;20221213;09:45:00;09:50:00;117;17.26;211
E4S 56,780;20221213;09:50:00;09:55:00;118;17.99;168
E4S 56,780;20221213;09:55:00;10:00:00;119;17.49;185
E4S 56,780;20221213;10:00:00;10:05:00;120;16.99;196
E4S 56,780;20221213;10:05:00;10:10:00;121;17.74;179
E4S 56,780;20221213;10:10:00;10:15:00;122;17.16;227
E4S 56,780;20221213;10:15:00;10:20:00;123;17.03;240
E4S 56,780;20221213;10:20:00;10:25:00;124;16.83;214
E4S 56,780;20221213;10:25:00;10:30:00;125;16.37;246
E4S 56,780;20221213;10:30:00;10:35:00;126;17.55;151
E4S 56,780;20221213;10:35:00;10:40:00;127;16.06;271
E4S 56,780;20221213;10:40:00;10:45:00;128;16.95;189
E4S 56,780;20221213;10:45:00;10:50:00;129;15.40;205
E4S 56,780;20221213;10:50:00;10:55:00;130;17.26;197
E4S 56,780;20221213;10:55:00;11:00:00;131;16.77;235
E4S 56,780;20221213;11:00:00;11:05:00;132;17.13;239
E4S 56,780;20221213;11:05:00;11:10:00;133;17.27;223
E4S 56,780;20221213;11:10:00;11:15:00;134;17.46;218
E4S 56,780;20221213;11:15:00;11:20:00;135;16.72;266
E4S 56,780;20221213;11:20:00;11:25:00;136;17.31;219
E4S 56,780;20221213;11:25:00;11:30:00;137;17.40;225
E4S 56,780;20221213;11:30:00;11:35:00;138;16.90;205
E4S 56,780;20221213;11:35:00;11:40:00;139;16.44;241
E4S 56,780;20221213;11:40:00;11:45:00;140;15.75;241
E4S 56,780;20221213;11:45:00;11:50:00;141;16.64;233
E4S 56,780;20221213;11:50:00;11:55:00;142;17.60;182
E4S 56,780;20221213;11:55:00;12:00:00;143;17.04;220
E4S 56,780;20221213;12:00:00;12:05:00;144;17.04;246
E4S 56,780;20221213;12:05:00;12:10:00;145;17.01;215
E4S 56,780;20221213;12:10:00;12:15:00;146;17.26;235
E4S 56,780;20221213;12:15:00;12:20:00;147;16.78;247
E4S 56,780;20221213;12:20:00;12:25:00;148;17.08;257
E4S 56,780;20221213;12:25:00;12:30:00;149;16.51;268
E4S 56,780;20221213;12:30:00;12:35:00;150;17.14;252
E4S 56,780;20221213;12:35:00;12:40:00;151;17.03;221
E4S 56,780;20221213;12:40:00;12:45:00;152;17.50;233
E4S 56,780;20221213;12:45:00;12:50:00;153;17.02;244
E4S 56,780;20221213;12:50:00;12:55:00;154;16.35;242
E4S 56,780;20221213;12:55:00;13:00:00;155;16.32;254
E4S 56,780;20221213;13:00:00;13:05:00;156;16.78;246
E4S 56,780;20221213;13:05:00;13:10:00;157;15.85;290
E4S 56,780;20221213;13:10:00;13:15:00;158;16.18;291
E4S 56,780;20221213;13:15:00;13:20:00;159;14.21;315
E4S 56,780;20221213;13:20:00;13:25:00;160;11.82;275
E4S 56,780;20221213;13:25:00;13:30:00;161;6.90;222
E4S 56,780;20221213;13:30:00;13:35:00;162;7.61;254
E4S 56,780;20221213;13:35:00;13:40:00;163;9.96;300
E4S 56,780;20221213;13:40:00;13:45:00;164;7.03;225
E4S 56,780;20221213;13:45:00;13:50:00;165;7.49;246
E4S 56,780;20221213;13:50:00;13:55:00;166;6.45;245
E4S 56,780;20221213;13:55:00;14:00:00;167;9.61;259
E4S 56,780;20221213;14:00:00;14:05:00;168;6.06;248
E4S 56,780;20221213;14:05:00;14:10:00;169;5.90;234
E4S 56,780;20221213;14:10:00;14:15:00;170;6.91;242
E4S 56,780;20221213;14:15:00;14:20:00;171;7.99;297
E4S 56,780;20221213;14:20:00;14:25:00;172;7.78;279
E4S 56,780;20221213;14:25:00;14:30:00;173;7.75;260
E4S 56,780;20221213;14:30:00;14:35:00;174;7.32;277
E4S 56,780;20221213;14:35:00;14:40:00;175;6.04;249
E4S 56,780;20221213;14:40:00;14:45:00;176;7.49;271
E4S 56,780;20221213;14:45:00;14:50:00;177;8.07;269
E4S 56,780;20221213;14:50:00;14:55:00;178;7.22;280
E4S 56,780;20221213;14:55:00;15:00:00;179;6.51;251
E4S 56,780;20221213;15:00:00;15:05:00;180;7.64;274
E4S 56,780;20221213;15:05:00;15:10:00;181;7.13;258
E4S 56,780;20221213;15:10:00;15:15:00;182;6.88;251
E4S 56,780;20221213;15:15:00;15:20:00;183;7.75;297
E4S 56,780;20221213;15:20:00;15:25:00;184;7.02;282
E4S 56,780;20221213;15:25:00;15:30:00;185;6.26;244
E4S 56,780;20221213;15:30:00;15:35:00;186;5.39;194
E4S 56,780;20221213;15:35:00;15:40:00;187;5.71;217
E4S 56,780;20221213;15:40:00;15:45:00;188;4.28;117
E4S 56,780;20221213;15:45:00;15:50:00;189;4.12;145
E4S 56,780;20221213;15:50:00;15:55:00;190;3.90;129
E4S 56,780;20221213;15:55:00;16:00:00;191;4.17;148
E4S 56,780;20221213;16:00:00;16:05:00;192;3.75;92
E4S 56,780;20221213;16:05:00;16:10:00;193;5.87;171
E4S 56,780;20221213;16:10:00;16:15:00;194;11.01;293
E4S 56,780;20221213;16:15:00;16:20:00;195;9.82;262
E4S 56,780;20221213;16:20:00;16:25:00;196;9.38;282
E4S 56,780;20221213;16:25:00;16:30:00;197;10.25;264
E4S 56,780;20221213;16:30:00;16:35:00;198;12.54;318
E4S 56,780;20221213;16:35:00;16:40:00;199;10.92;319
E4S 56,780;20221213;16:40:00;16:45:00;200;15.61;215
E4S 56,780;20221213;16:45:00;16:50:00;201;16.97;200
E4S 56,780;20221213;16:50:00;16:55:00;202;17.19;211
E4S 56,780;20221213;16:55:00;17:00:00;203;17.20;193
E4S 56,780;20221213;17:00:00;17:05:00;204;17.09;201
E4S 56,780;20221213;17:05:00;17:10:00;205;16.87;202
E4S 56,780;20221213;17:10:00;17:15:00;206;17.45;205
E4S 56,780;20221213;17:15:00;17:20:00;207;17.20;185
E4S 56,780;20221213;17:20:00;17:25:00;208;18.06;208
E4S 56,780;20221213;17:25:00;17:30:00;209;17.20;189
E4S 56,780;20221213;17:30:00;17:35:00;210;16.51;236
E4S 56,780;20221213;17:35:00;17:40:00;211;17.28;219
E4S 56,780;20221213;17:40:00;17:45:00;212;17.39;212
E4S 56,780;20221213;17:45:00;17:50:00;213;17.44;184
E4S 56,780;20221213;17:50:00;17:55:00;214;17.76;163
E4S 56,780;20221213;17:55:00;18:00:00;215;17.23;160
E4S 56,780;20221213;18:00:00;18:05:00;216;18.15;155
E4S 56,780;20221213;18:05:00;18:10:00;217;17.67;198
E4S 56,780;20221213;18:10:00;18:15:00;218;18.39;150
E4S 56,780;20221213;18:15:00;18:20:00;219;18.31;175
E4S 56,780;20221213;18:20:00;18:25:00;220;18.16;164
E4S 56,780;20221213;18:25:00;18:30:00;221;18.19;130
E4S 56,780;20221213;18:30:00;18:35:00;222;18.21;156
E4S 56,780;20221213;18:35:00;18:40:00;223;18.45;142
E4S 56,780;20221213;18:40:00;18:45:00;224;18.69;130
E4S 56,780;20221213;18:45:00;18:50:00;225;18.51;154
E4S 56,780;20221213;18:50:00;18:55:00;226;18.57;145
E4S 56,780;20221213;18:55:00;19:00:00;227;18.74;132
E4S 56,780;20221213;19:00:00;19:05:00;228;18.39;139
E4S 56,780;20221213;19:05:00;19:10:00;229;18.84;120
E4S 56,780;20221213;19:10:00;19:15:00;230;18.55;145
E4S 56,780;20221213;19:15:00;19:20:00;231;19.06;135
E4S 56,780;20221213;19:20:00;19:25:00;232;19.13;116
E4S 56,780;20221213;19:25:00;19:30:00;233;18.27;127
E4S 56,780;20221213;19:30:00;19:35:00;234;19.06;122
E4S 56,780;20221213;19:35:00;19:40:00;235;19.12;111
E4S 56,780;20221213;19:40:00;19:45:00;236;18.91;110
E4S 56,780;20221213;19:45:00;19:50:00;237;19.19;103
E4S 56,780;20221213;19:50:00;19:55:00;238;19.46;99
E4S 56,780;20221213;19:55:00;20:00:00;239;19.61;107
E4S 56,780;20221213;20:00:00;20:05:00;240;18.82;123
E4S 56,780;20221213;20:05:00;20:10:00;241;18.78;100
E4S 56,780;20221213;20:10:00;20:15:00;242;19.22;104
E4S 56,780;20221213;20:15:00;20:20:00;243;19.47;106
E4S 56,780;20221213;20:20:00;20:25:00;244;19.40;109
E4S 56,780;20221213;20:25:00;20:30:00;245;18.86;82
E4S 56,780;20221213;20:30:00;20:35:00;246;18.31;92
E4S 56,780;20221213;20:35:00;20:40:00;247;19.51;95
E4S 56,780;20221213;20:40:00;20:45:00;248;19.72;75
E4S 56,780;20221213;20:45:00;20:50:00;249;19.09;94
E4S 56,780;20221213;20:50:00;20:55:00;250;18.85;70
E4S 56,780;20221213;20:55:00;21:00:00;251;19.99;87
E4S 56,780;20221213;21:00:00;21:05:00;252;19.26;74
E4S 56,780;20221213;21:05:00;21:10:00;253;18.82;93
E4S 56,780;20221213;21:10:00;21:15:00;254;19.63;98
E4S 56,780;20221213;21:15:00;21:20:00;255;19.31;102
E4S 56,780;20221213;21:20:00;21:25:00;256;19.35;109
E4S 56,780;20221213;21:25:00;21:30:00;257;18.94;81
E4S 56,780;20221213;21:30:00;21:35:00;258;19.88;55
E4S 56,780;20221213;21:35:00;21:40:00;259;19.19;67
E4S 56,780;20221213;21:40:00;21:45:00;260;19.53;64
E4S 56,780;20221213;21:45:00;21:50:00;261;18.82;61
E4S 56,780;20221213;21:50:00;21:55:00;262;19.21;50
E4S 56,780;20221213;21:55:00;22:00:00;263;19.33;57
E4S 56,780;20221213;22:00:00;22:05:00;264;19.71;56
E4S 56,780;20221213;22:05:00;22:10:00;265;19.32;52
E4S 56,780;20221213;22:10:00;22:15:00;266;19.82;52
E4S 56,780;20221213;22:15:00;22:20:00;267;19.57;53
E4S 56,780;20221213;22:20:00;22:25:00;268;19.49;41
E4S 56,780;20221213;22:25:00;22:30:00;269;19.61;54
E4S 56,780;20221213;22:30:00;22:35:00;270;19.13;46
E4S 56,780;20221213;22:35:00;22:40:00;271;19.20;42
E4S 56,780;20221213;22:40:00;22:45:00;272;19.28;46
E4S 56,780;20221213;22:45:00;22:50:00;273;18.36;34
E4S 56,780;20221213;22:50:00;22:55:00;274;19.76;18
E4S 56,780;20221213;22:55:00;23:00:00;275;19.03;23
E4S 56,780;20221213;23:00:00;23:05:00;276;19.60;49
E4S 56,780;20221213;23:05:00;23:10:00;277;17.62;27
E4S 56,780;20221213;23:10:00;23:15:00;278;18.00;53
E4S 56,780;20221213;23:15:00;23:20:00;279;17.63;27
E4S 56,780;20221213;23:20:00;23:25:00;280;17.73;38
E4S 56,780;20221213;23:25:00;23:30:00;281;17.40;33
E4S 56,780;20221213;23:30:00;23:35:00;282;18.31;29
E4S 56,780;20221213;23:35:00;23:40:00;283;18.56;21
E4S 56,780;20221213;23:40:00;23:45:00;284;18.14;23
E4S 56,780;20221213;23:45:00;23:50:00;285;17.87;21
E4S 56,780;20221213;23:50:00;23:55:00;286;17.91;20
E4S 56,780;20221213;23:55:00;24:00:00;287;17.25;24
E4S 56,780;20221216;00:00:00;00:05:00;0;18.04;27
E4S 56,780;20221216;00:05:00;00:10:00;1;19.35;27
E4S 56,780;20221216;00:10:00;00:15:00;2;18.67;32
E4S 56,780;20221216;00:15:00;00:20:00;3;19.74;30
E4S 56,780;20221216;00:20:00;00:25:00;4;17.91;29
E4S 56,780;20221216;00:25:00;00:30:00;5;19.07;24
E4S 56,780;20221216;00:30:00;00:35:00;6;20.36;23
E4S 56,780;20221216;00:35:00;00:40:00;7;18.45;33
E4S 56,780;20221216;00:40:00;00:45:00;8;18.15;35
E4S 56,780;20221216;00:45:00;00:50:00;9;19.28;25
E4S 56,780;20221216;00:50:00;00:55:00;10;18.90;26
E4S 56,780;20221216;00:55:00;01:00:00;11;19.26;22
E4S 56,780;20221216;01:00:00;01:05:00;12;18.27;30
E4S 56,780;20221216;01:05:00;01:10:00;13;18.53;24
E4S 56,780;20221216;01:10:00;01:15:00;14;18.95;23
E4S 56,780;20221216;01:15:00;01:20:00;15;18.89;29
E4S 56,780;20221216;01:20:00;01:25:00;16;19.62;24
E4S 56,780;20221216;01:25:00;01:30:00;17;19.91;13
E4S 56,780;20221216;01:30:00;01:35:00;18;18.91;35
E4S 56,780;20221216;01:35:00;01:40:00;19;19.44;13
E4S 56,780;20221216;01:40:00;01:45:00;20;19.50;22
E4S 56,780;20221216;01:45:00;01:50:00;21;18.11;13
E4S 56,780;20221216;01:50:00;01:55:00;22;19.62;15
E4S 56,780;20221216;01:55:00;02:00:00;23;19.13;12
E4S 56,780;20221216;02:00:00;02:05:00;24;20.62;14
E4S 56,780;20221216;02:05:00;02:10:00;25;19.24;19
E4S 56,780;20221216;02:10:00;02:15:00;26;18.52;21
E4S 56,780;20221216;02:15:00;02:20:00;27;18.69;18
E4S 56,780;20221216;02:20:00;02:25:00;28;20.08;18
E4S 56,780;20221216;02:25:00;02:30:00;29;18.95;25
E4S 56,780;20221216;02:30:00;02:35:00;30;19.21;21
E4S 56,780;20221216;02:35:00;02:40:00;31;19.05;25
E4S 56,780;20221216;02:40:00;02:45:00;32;19.00;18
E4S 56,780;20221216;02:45:00;02:50:00;33;19.47;21
E4S 56,780;20221216;02:50:00;02:55:00;34;18.85;23
E4S 56,780;20221216;02:55:00;03:00:00;35;17.73;27
E4S 56,780;20221216;03:00:00;03:05:00;36;18.24;24
E4S 56,780;20221216;03:05:00;03:10:00;37;20.19;15
E4S 56,780;20221216;03:10:00;03:15:00;38;21.24;28
E4S 56,780;20221216;03:15:00;03:20:00;39;20.56;19
E4S 56,780;20221216;03:20:00;03:25:00;40;18.91;25
E4S 56,780;20221216;03:25:00;03:30:00;41;18.73;30
E4S 56,780;20221216;03:30:00;03:35:00;42;19.92;22
E4S 56,780;20221216;03:35:00;03:40:00;43;18.91;27
E4S 56,780;20221216;03:40:00;03:45:00;44;18.57;30
E4S 56,780;20221216;03:45:00;03:50:00;45;19.12;28
E4S 56,780;20221216;03:50:00;03:55:00;46;19.17;43
E4S 56,780;20221216;03:55:00;04:00:00;47;20.14;33
E4S 56,780;20221216;04:00:00;04:05:00;48;19.39;46
E4S 56,780;20221216;04:05:00;04:10:00;49;18.81;34
E4S 56,780;20221216;04:10:00;04:15:00;50;19.14;41
E4S 56,780;20221216;04:15:00;04:20:00;51;18.66;47
E4S 56,780;20221216;04:20:00;04:25:00;52;19.29;62
E4S 56,780;20221216;04:25:00;04:30:00;53;19.03;57
E4S 56,780;20221216;04:30:00;04:35:00;54;18.54;80
E4S 56,780;20221216;04:35:00;04:40:00;55;19.33;87
E4S 56,780;20221216;04:40:00;04:45:00;56;19.32;100
E4S 56,780;20221216;04:45:00;04:50:00;57;19.11;108
E4S 56,780;20221216;04:50:00;04:55:00;58;18.90;143
E4S 56,780;20221216;04:55:00;05:00:00;59;19.30;178
E4S 56,780;20221216;05:00:00;05:05:00;60;19.90;100
E4S 56,780;20221216;05:05:00;05:10:00;61;19.45;135
E4S 56,780;20221216;05:10:00;05:15:00;62;18.98;147
E4S 56,780;20221216;05:15:00;05:20:00;63;18.76;176
E4S 56,780;20221216;05:20:00;05:25:00;64;18.74;180
E4S 56,780;20221216;05:25:00;05:30:00;65;18.32;214
E4S 56,780;20221216;05:30:00;05:35:00;66;17.87;241
E4S 56,780;20221216;05:35:00;05:40:00;67;18.36;202
E4S 56,780;20221216;05:40:00;05:45:00;68;18.28;212
E4S 56,780;20221216;05:45:00;05:50:00;69;17.64;252
E4S 56,780;20221216;05:50:00;05:55:00;70;17.27;228
E4S 56,780;20221216;05:55:00;06:00:00;71;17.69;202
E4S 56,780;20221216;06:00:00;06:05:00;72;17.11;219
E4S 56,780;20221216;06:05:00;06:10:00;73;17.86;212
E4S 56,780;20221216;06:10:00;06:15:00;74;18.14;195
E4S 56,780;20221216;06:15:00;06:20:00;75;17.66;261
E4S 56,780;20221216;06:20:00;06:25:00;76;17.05;256
E4S 56,780;20221216;06:25:00;06:30:00;77;16.88;212
E4S 56,780;20221216;06:30:00;06:35:00;78;17.04;208
E4S 56,780;20221216;06:35:00;06:40:00;79;17.07;251
E4S 56,780;20221216;06:40:00;06:45:00;80;17.07;241
E4S 56,780;20221216;06:45:00;06:50:00;81;16.73;245
E4S 56,780;20221216;06:50:00;06:55:00;82;17.15;255
E4S 56,780;20221216;06:55:00;07:00:00;83;16.89;236
E4S 56,780;20221216;07:00:00;07:05:00;84;17.16;241
E4S 56,780;20221216;07:05:00;07:10:00;85;16.97;235
E4S 56,780;20221216;07:10:00;07:15:00;86;17.12;236
E4S 56,780;20221216;07:15:00;07:20:00;87;17.21;210
E4S 56,780;20221216;07:20:00;07:25:00;88;16.77;252
E4S 56,780;20221216;07:25:00;07:30:00;89;17.18;234
E4S 56,780;20221216;07:30:00;07:35:00;90;17.12;216
E4S 56,780;20221216;07:35:00;07:40:00;91;16.69;262
E4S 56,780;20221216;07:40:00;07:45:00;92;17.32;242
E4S 56,780;20221216;07:45:00;07:50:00;93;17.10;268
E4S 56,780;20221216;07:50:00;07:55:00;94;17.52;255
E4S 56,780;20221216;07:55:00;08:00:00;95;16.74;241
E4S 56,780;20221216;08:00:00;08:05:00;96;17.48;184
E4S 56,780;20221216;08:05:00;08:10:00;97;17.11;236
E4S 56,780;20221216;08:10:00;08:15:00;98;17.24;216
E4S 56,780;20221216;08:15:00;08:20:00;99;17.76;195
E4S 56,780;20221216;08:20:00;08:25:00;100;17.41;222
E4S 56,780;20221216;08:25:00;08:30:00;101;17.57;203
E4S 56,780;20221216;08:30:00;08:35:00;102;16.95;206
E4S 56,780;20221216;08:35:00;08:40:00;103;16.38;246
E4S 56,780;20221216;08:40:00;08:45:00;104;16.96;181
E4S 56,780;20221216;08:45:00;08:50:00;105;13.45;226
E4S 56,780;20221216;08:50:00;08:55:00;106;13.32;222
E4S 56,780;20221216;08:55:00;09:00:00;107;15.72;182
E4S 56,780;20221216;09:00:00;09:05:00;108;16.63;211
E4S 56,780;20221216;09:05:00;09:10:00;109;14.53;225
E4S 56,780;20221216;09:10:00;09:15:00;110;13.01;226
E4S 56,780;20221216;09:15:00;09:20:00;111;13.74;249
E4S 56,780;20221216;09:20:00;09:25:00;112;15.09;246
E4S 56,780;20221216;09:25:00;09:30:00;113;15.22;247
E4S 56,780;20221216;09:30:00;09:35:00;114;14.80;240
E4S 56,780;20221216;09:35:00;09:40:00;115;15.96;241
E4S 56,780;20221216;09:40:00;09:45:00;116;15.78;241
E4S 56,780;20221216;09:45:00;09:50:00;117;15.12;260
E4S 56,780;20221216;09:50:00;09:55:00;118;16.01;251
E4S 56,780;20221216;09:55:00;10:00:00;119;16.54;267
E4S 56,780;20221216;10:00:00;10:05:00;120;15.68;279
E4S 56,780;20221216;10:05:00;10:10:00;121;14.33;248
E4S 56,780;20221216;10:10:00;10:15:00;122;14.93;266
E4S 56,780;20221216;10:15:00;10:20:00;123;15.23;270
E4S 56,780;20221216;10:20:00;10:25:00;124;15.02;250
E4S 56,780;20221216;10:25:00;10:30:00;125;17.06;262
E4S 56,780;20221216;10:30:00;10:35:00;126;16.74;254
E4S 56,780;20221216;10:35:00;10:40:00;127;16.56;250
E4S 56,780;20221216;10:40:00;10:45:00;128;16.42;258
E4S 56,780;20221216;10:45:00;10:50:00;129;16.73;280
E4S 56,780;20221216;10:50:00;10:55:00;130;17.26;242
E4S 56,780;20221216;10:55:00;11:00:00;131;16.83;277
E4S 56,780;20221216;11:00:00;11:05:00;132;16.96;256
E4S 56,780;20221216;11:05:00;11:10:00;133;17.22;256
E4S 56,780;20221216;11:10:00;11:15:00;134;16.42;273
E4S 56,780;20221216;11:15:00;11:20:00;135;16.85;294
E4S 56,780;20221216;11:20:00;11:25:00;136;16.96;280
E4S 56,780;20221216;11:25:00;11:30:00;137;16.17;295
E4S 56,780;20221216;11:30:00;11:35:00;138;16.23;295
E4S 56,780;20221216;11:35:00;11:40:00;139;16.31;265
E4S 56,780;20221216;11:40:00;11:45:00;140;16.24;290
E4S 56,780;20221216;11:45:00;11:50:00;141;16.20;309
E4S 56,780;20221216;11:50:00;11:55:00;142;16.10;290
E4S 56,780;20221216;11:55:00;12:00:00;143;16.22;296
E4S 56,780;20221216;12:00:00;12:05:00;144;15.86;286
E4S 56,780;20221216;12:05:00;12:10:00;145;14.76;291
E4S 56,780;20221216;12:10:00;12:15:00;146;14.10;276
E4S 56,780;20221216;12:15:00;12:20:00;147;14.20;265
E4S 56,780;20221216;12:20:00;12:25:00;148;13.84;281
E4S 56,780;20221216;12:25:00;12:30:00;149;13.63;303
E4S 56,780;20221216;12:30:00;12:35:00;150;13.82;317
E4S 56,780;20221216;12:35:00;12:40:00;151;13.38;325
E4S 56,780;20221216;12:40:00;12:45:00;152;13.51;291
E4S 56,780;20221216;12:45:00;12:50:00;153;13.99;292
E4S 56,780;20221216;12:50:00;12:55:00;154;13.92;309
E4S 56,780;20221216;12:55:00;13:00:00;155;13.75;317
E4S 56,780;20221216;13:00:00;13:05:00;156;13.92;326
E4S 56,780;20221216;13:05:00;13:10:00;157;13.41;323
E4S 56,780;20221216;13:10:00;13:15:00;158;13.70;341
E4S 56,780;20221216;13:15:00;13:20:00;159;9.85;293
E4S 56,780;20221216;13:20:00;13:25:00;160;7.42;279
E4S 56,780;20221216;13:25:00;13:30:00;161;8.26;274
E4S 56,780;20221216;13:30:00;13:35:00;162;8.62;291
E4S 56,780;20221216;13:35:00;13:40:00;163;8.64;292
E4S 56,780;20221216;13:40:00;13:45:00;164;8.07;289
E4S 56,780;20221216;13:45:00;13:50:00;165;8.63;285
E4S 56,780;20221216;13:50:00;13:55:00;166;10.50;295
E4S 56,780;20221216;13:55:00;14:00:00;167;10.71;321
E4S 56,780;20221216;14:00:00;14:05:00;168;9.42;312
E4S 56,780;20221216;14:05:00;14:10:00;169;7.17;264
E4S 56,780;20221216;14:10:00;14:15:00;170;7.00;248
E4S 56,780;20221216;14:15:00;14:20:00;171;9.86;324
E4S 56,780;20221216;14:20:00;14:25:00;172;9.60;314
E4S 56,780;20221216;14:25:00;14:30:00;173;10.29;326
E4S 56,780;20221216;14:30:00;14:35:00;174;7.15;242
E4S 56,780;20221216;14:35:00;14:40:00;175;7.65;287
E4S 56,780;20221216;14:40:00;14:45:00;176;9.95;320
E4S 56,780;20221216;14:45:00;14:50:00;177;7.90;287
E4S 56,780;20221216;14:50:00;14:55:00;178;8.05;285
E4S 56,780;20221216;14:55:00;15:00:00;179;8.50;252
E4S 56,780;20221216;15:00:00;15:05:00;180;9.07;274
E4S 56,780;20221216;15:05:00;15:10:00;181;3.91;72
E4S 56,780;20221216;15:10:00;15:15:00;182;7.69;273
E4S 56,780;20221216;15:15:00;15:20:00;183;8.73;286
E4S 56,780;20221216;15:20:00;15:25:00;184;9.13;294
E4S 56,780;20221216;15:25:00;15:30:00;185;11.45;326
E4S 56,780;20221216;15:30:00;15:35:00;186;10.37;305
E4S 56,780;20221216;15:35:00;15:40:00;187;7.72;272
E4S 56,780;20221216;15:40:00;15:45:00;188;8.02;276
E4S 56,780;20221216;15:45:00;15:50:00;189;11.08;324
E4S 56,780;20221216;15:50:00;15:55:00;190;11.32;304
E4S 56,780;20221216;15:55:00;16:00:00;191;14.50;264
E4S 56,780;20221216;16:00:00;16:05:00;192;15.37;264
E4S 56,780;20221216;16:05:00;16:10:00;193;15.57;267
E4S 56,780;20221216;16:10:00;16:15:00;194;15.18;274
E4S 56,780;20221216;16:15:00;16:20:00;195;15.96;257
E4S 56,780;20221216;16:20:00;16:25:00;196;15.35;253
E4S 56,780;20221216;16:25:00;16:30:00;197;15.89;267
E4S 56,780;20221216;16:30:00;16:35:00;198;16.07;231
E4S 56,780;20221216;16:35:00;16:40:00;199;15.66;261
E4S 56,780;20221216;16:40:00;16:45:00;200;16.61;208
E4S 56,780;20221216;16:45:00;16:50:00;201;16.69;216
E4S 56,780;20221216;16:50:00;16:55:00;202;15.84;239
E4S 56,780;20221216;16:55:00;17:00:00;203;17.02;201
E4S 56,780;20221216;17:00:00;17:05:00;204;16.91;211
E4S 56,780;20221216;17:05:00;17:10:00;205;16.77;227
E4S 56,780;20221216;17:10:00;17:15:00;206;16.62;220
E4S 56,780;20221216;17:15:00;17:20:00;207;16.78;231
E4S 56,780;20221216;17:20:00;17:25:00;208;17.38;191
E4S 56,780;20221216;17:25:00;17:30:00;209;16.72;196
E4S 56,780;20221216;17:30:00;17:35:00;210;17.19;202
E4S 56,780;20221216;17:35:00;17:40:00;211;16.42;239
E4S 56,780;20221216;17:40:00;17:45:00;212;16.99;204
E4S 56,780;20221216;17:45:00;17:50:00;213;16.75;230
E4S 56,780;20221216;17:50:00;17:55:00;214;16.98;208
E4S 56,780;20221216;17:55:00;18:00:00;215;17.40;172
E4S 56,780;20221216;18:00:00;18:05:00;216;17.02;198
E4S 56,780;20221216;18:05:00;18:10:00;217;16.92;193
E4S 56,780;20221216;18:10:00;18:15:00;218;17.01;176
E4S 56,780;20221216;18:15:00;18:20:00;219;17.38;182
E4S 56,780;20221216;18:20:00;18:25:00;220;17.12;190
E4S 56,780;20221216;18:25:00;18:30:00;221;17.79;151
E4S 56,780;20221216;18:30:00;18:35:00;222;17.01;179
E4S 56,780;20221216;18:35:00;18:40:00;223;17.77;143
E4S 56,780;20221216;18:40:00;18:45:00;224;18.25;132
E4S 56,780;20221216;18:45:00;18:50:00;225;17.94;132
E4S 56,780;20221216;18:50:00;18:55:00;226;17.47;164
E4S 56,780;20221216;18:55:00;19:00:00;227;17.65;155
E4S 56,780;20221216;19:00:00;19:05:00;228;17.66;158
E4S 56,780;20221216;19:05:00;19:10:00;229;17.64;137
E4S 56,780;20221216;19:10:00;19:15:00;230;18.21;112
E4S 56,780;20221216;19:15:00;19:20:00;231;18.07;142
E4S 56,780;20221216;19:20:00;19:25:00;232;17.89;129
E4S 56,780;20221216;19:25:00;19:30:00;233;17.69;143
E4S 56,780;20221216;19:30:00;19:35:00;234;17.69;136
E4S 56,780;20221216;19:35:00;19:40:00;235;18.24;130
E4S 56,780;20221216;19:40:00;19:45:00;236;18.06;128
E4S 56,780;20221216;19:45:00;19:50:00;237;17.88;118
E4S 56,780;20221216;19:50:00;19:55:00;238;17.85;130
E4S 56,780;20221216;19:55:00;20:00:00;239;17.82;128
E4S 56,780;20221216;20:00:00;20:05:00;240;18.01;118
E4S 56,780;20221216;20:05:00;20:10:00;241;17.63;157
E4S 56,780;20221216;20:10:00;20:15:00;242;18.22;128
E4S 56,780;20221216;20:15:00;20:20:00;243;18.46;104
E4S 56,780;20221216;20:20:00;20:25:00;244;18.27;134
E4S 56,780;20221216;20:25:00;20:30:00;245;18.42;95
E4S 56,780;20221216;20:30:00;20:35:00;246;17.85;122
E4S 56,780;20221216;20:35:00;20:40:00;247;18.23;116
E4S 56,780;20221216;20:40:00;20:45:00;248;18.32;135
E4S 56,780;20221216;20:45:00;20:50:00;249;18.20;111
E4S 56,780;20221216;20:50:00;20:55:00;250;17.53;119
E4S 56,780;20221216;20:55:00;21:00:00;251;18.39;106
E4S 56,780;20221216;21:00:00;21:05:00;252;18.07;117
E4S 56,780;20221216;21:05:00;21:10:00;253;18.36;95
E4S 56,780;20221216;21:10:00;21:15:00;254;18.62;96
E4S 56,780;20221216;21:15:00;21:20:00;255;17.93;112
E4S 56,780;20221216;21:20:00;21:25:00;256;18.27;97
E4S 56,780;20221216;21:25:00;21:30:00;257;18.54;102
E4S 56,780;20221216;21:30:00;21:35:00;258;18.34;103
E4S 56,780;20221216;21:35:00;21:40:00;259;18.37;89
E4S 56,780;20221216;21:40:00;21:45:00;260;17.91;80
E4S 56,780;20221216;21:45:00;21:50:00;261;18.68;66
E4S 56,780;20221216;21:50:00;21:55:00;262;17.99;85
E4S 56,780;20221216;21:55:00;22:00:00;263;18.65;71
E4S 56,780;20221216;22:00:00;22:05:00;264;17.79;62
E4S 56,780;20221216;22:05:00;22:10:00;265;18.43;88
E4S 56,780;20221216;22:10:00;22:15:00;266;18.25;76
E4S 56,780;20221216;22:15:00;22:20:00;267;18.30;57
E4S 56,780;20221216;22:20:00;22:25:00;268;19.12;35
E4S 56,780;20221216;22:25:00;22:30:00;269;18.56;64
E4S 56,780;20221216;22:30:00;22:35:00;270;18.32;68
E4S 56,780;20221216;22:35:00;22:40:00;271;19.12;63
E4S 56,780;20221216;22:40:00;22:45:00;272;18.79;56
E4S 56,780;20221216;22:45:00;22:50:00;273;19.02;55
E4S 56,780;20221216;22:50:00;22:55:00;274;18.22;70
E4S 56,780;20221216;22:55:00;23:00:00;275;18.60;61
E4S 56,780;20221216;23:00:00;23:05:00;276;17.64;52
E4S 56,780;20221216;23:05:00;23:10:00;277;17.98;59
E4S 56,780;20221216;23:10:00;23:15:00;278;18.57;53
E4S 56,780;20221216;23:15:00;23:20:00;279;18.80;42
E4S 56,780;20221216;23:20:00;23:25:00;280;18.46;49
E4S 56,780;20221216;23:25:00;23:30:00;281;18.90;61
E4S 56,780;20221216;23:30:00;23:35:00;282;19.01;50
E4S 56,780;20221216;23:35:00;23:40:00;283;17.66;42
E4S 56,780;20221216;23:40:00;23:45:00;284;17.86;42
E4S 56,780;20221216;23:45:00;23:50:00;285;18.28;36
E4S 56,780;20221216;23:50:00;23:55:00;286;17.44;35
E4S 56,780;20221216;23:55:00;24:00:00;287;17.81;31
E4S 56,780;20221218;00:00:00;00:05:00;0;19.70;42
E4S 56,780;20221218;00:05:00;00:10:00;1;20.09;48
E4S 56,780;20221218;00:10:00;00:15:00;2;19.89;45
E4S 56,780;20221218;00:15:00;00:20:00;3;19.90;37
E4S 56,780;20221218;00:20:00;00:25:00;4;19.47;51
E4S 56,780;20221218;00:25:00;00:30:00;5;19.73;37
E4S 56,780;20221218;00:30:00;00:35:00;6;19.31;37
E4S 56,780;20221218;00:35:00;00:40:00;7;19.38;34
E4S 56,780;20221218;00:40:00;00:45:00;8;19.22;40
E4S 56,780;20221218;00:45:00;00:50:00;9;20.18;41
E4S 56,780;20221218;00:50:00;00:55:00;10;19.56;43
E4S 56,780;20221218;00:55:00;01:00:00;11;21.09;43
E4S 56,780;20221218;01:00:00;01:05:00;12;19.39;29
E4S 56,780;20221218;01:05:00;01:10:00;13;19.86;26
E4S 56,780;20221218;01:10:00;01:15:00;14;19.76;31
E4S 56,780;20221218;01:15:00;01:20:00;15;19.58;27
E4S 56,780;20221218;01:20:00;01:25:00;16;20.17;36
E4S 56,780;20221218;01:25:00;01:30:00;17;19.75;31
E4S 56,780;20221218;01:30:00;01:35:00;18;19.02;30
E4S 56,780;20221218;01:35:00;01:40:00;19;20.30;38
E4S 56,780;20221218;01:40:00;01:45:00;20;19.22;32
E4S 56,780;20221218;01:45:00;01:50:00;21;20.80;45
E4S 56,780;20221218;01:50:00;01:55:00;22;20.69;19
E4S 56,780;20221218;01:55:00;02:00:00;23;19.39;28
E4S 56,780;20221218;02:00:00;02:05:00;24;21.45;17
E4S 56,780;20221218;02:05:00;02:10:00;25;19.38;40
E4S 56,780;20221218;02:10:00;02:15:00;26;19.77;24
E4S 56,780;20221218;02:15:00;02:20:00;27;20.42;33
E4S 56,780;20221218;02:20:00;02:25:00;28;19.67;29
E4S 56,780;20221218;02:25:00;02:30:00;29;19.25;32
E4S 56,780;20221218;02:30:00;02:35:00;30;20.92;24
E4S 56,780;20221218;02:35:00;02:40:00;31;20.15;20
E4S 56,780;20221218;02:40:00;02:45:00;32;19.84;21
E4S 56,780;20221218;02:45:00;02:50:00;33;19.38;19
E4S 56,780;20221218;02:50:00;02:55:00;34;19.96;33
E4S 56,780;20221218;02:55:00;03:00:00;35;19.17;24
E4S 56,780;20221218;03:00:00;03:05:00;36;20.40;25
E4S 56,780;20221218;03:05:00;03:10:00;37;19.66;21
E4S 56,780;20221218;03:10:00;03:15:00;38;19.60;24
E4S 56,780;20221218;03:15:00;03:20:00;39;19.57;34
E4S 56,780;20221218;03:20:00;03:25:00;40;20.29;20
E4S 56,780;20221218;03:25:00;03:30:00;41;19.01;19
E4S 56,780;20221218;03:30:00;03:35:00;42;20.73;12
E4S 56,780;20221218;03:35:00;03:40:00;43;20.40;18
E4S 56,780;20221218;03:40:00;03:45:00;44;18.72;21
E4S 56,780;20221218;03:45:00;03:50:00;45;20.48;24
E4S 56,780;20221218;03:50:00;03:55:00;46;21.02;14
E4S 56,780;20221218;03:55:00;04:00:00;47;19.42;18
E4S 56,780;20221218;04:00:00;04:05:00;48;19.39;12
E4S 56,780;20221218;04:05:00;04:10:00;49;17.66;17
E4S 56,780;20221218;04:10:00;04:15:00;50;19.75;15
E4S 56,780;20221218;04:15:00;04:20:00;51;20.45;21
E4S 56,780;20221218;04:20:00;04:25:00;52;20.74;29
E4S 56,780;20221218;04:25:00;04:30:00;53;22.14;12
E4S 56,780;20221218;04:30:00;04:35:00;54;21.62;25
E4S 56,780;20221218;04:35:00;04:40:00;55;19.17;15
E4S 56,780;20221218;04:40:00;04:45:00;56;19.97;19
E4S 56,780;20221218;04:45:00;04:50:00;57;19.45;27
E4S 56,780;20221218;04:50:00;04:55:00;58;20.86;22
E4S 56,780;20221218;04:55:00;05:00:00;59;20.89;25
E4S 56,780;20221218;05:00:00;05:05:00;60;20.49;37
E4S 56,780;20221218;05:05:00;05:10:00;61;20.07;45
E4S 56,780;20221218;05:10:00;05:15:00;62;20.95;33
E4S 56,780;20221218;05:15:00;05:20:00;63;20.11;33
E4S 56,780;20221218;05:20:00;05:25:00;64;19.60;28
E4S 56,780;20221218;05:25:00;05:30:00;65;19.72;38
E4S 56,780;20221218;05:30:00;05:35:00;66;20.83;37
E4S 56,780;20221218;05:35:00;05:40:00;67;20.71;24
E4S 56,780;20221218;05:40:00;05:45:00;68;21.54;37
E4S 56,780;20221218;05:45:00;05:50:00;69;19.90;27
E4S 56,780;20221218;05:50:00;05:55:00;70;20.36;47
E4S 56,780;20221218;05:55:00;06:00:00;71;19.46;47
E4S 56,780;20221218;06:00:00;06:05:00;72;19.86;31
E4S 56,780;20221218;06:05:00;06:10:00;73;20.67;41
E4S 56,780;20221218;06:10:00;06:15:00;74;20.09;49
E4S 56,780;20221218;06:15:00;06:20:00;75;19.61;51
E4S 56,780;20221218;06:20:00;06:25:00;76;19.61;67
E4S 56,780;20221218;06:25:00;06:30:00;77;19.81;64
E4S 56,780;20221218;06:30:00;06:35:00;78;20.56;43
E4S 56,780;20221218;06:35:00;06:40:00;79;20.97;51
E4S 56,780;20221218;06:40:00;06:45:00;80;19.45;63
E4S 56,780;20221218;06:45:00;06:50:00;81;20.68;52
E4S 56,780;20221218;06:50:00;06:55:00;82;20.76;39
E4S 56,780;20221218;06:55:00;07:00:00;83;19.52;48
E4S 56,780;20221218;07:00:00;07:05:00;84;19.92;38
E4S 56,780;20221218;07:05:00;07:10:00;85;19.38;51
E4S 56,780;20221218;07:10:00;07:15:00;86;20.61;46
E4S 56,780;20221218;07:15:00;07:20:00;87;19.62;45
E4S 56,780;20221218;07:20:00;07:25:00;88;20.19;70
E4S 56,780;20221218;07:25:00;07:30:00;89;20.76;59
E4S 56,780;20221218;07:30:00;07:35:00;90;20.71;55
E4S 56,780;20221218;07:35:00;07:40:00;91;20.08;75
E4S 56,780;20221218;07:40:00;07:45:00;92;20.30;55
E4S 56,780;20221218;07:45:00;07:50:00;93;20.27;71
E4S 56,780;20221218;07:50:00;07:55:00;94;20.42;50
E4S 56,780;20221218;07:55:00;08:00:00;95;19.96;70
E4S 56,780;20221218;08:00:00;08:05:00;96;20.68;66
E4S 56,780;20221218;08:05:00;08:10:00;97;20.29;64
E4S 56,780;20221218;08:10:00;08:15:00;98;20.28;69
E4S 56,780;20221218;08:15:00;08:20:00;99;20.94;103
E4S 56,780;20221218;08:20:00;08:25:00;100;19.60;83
E4S 56,780;20221218;08:25:00;08:30:00;101;19.99;94
E4S 56,780;20221218;08:30:00;08:35:00;102;20.57;119
E4S 56,780;20221218;08:35:00;08:40:00;103;20.12;107
E4S 56,780;20221218;08:40:00;08:45:00;104;19.55;123
E4S 56,780;20221218;08:45:00;08:50:00;105;20.87;113
E4S 56,780;20221218;08:50:00;08:55:00;106;20.03;133
E4S 56,780;20221218;08:55:00;09:00:00;107;20.07;133
E4S 56,780;20221218;09:00:00;09:05:00;108;20.07;127
E4S 56,780;20221218;09:05:00;09:10:00;109;19.47;129
E4S 56,780;20221218;09:10:00;09:15:00;110;19.77;103
E4S 56,780;20221218;09:15:00;09:20:00;111;19.70;121
E4S 56,780;20221218;09:20:00;09:25:00;112;19.11;171
E4S 56,780;20221218;09:25:00;09:30:00;113;18.87;162
E4S 56,780;20221218;09:30:00;09:35:00;114;19.40;167
E4S 56,780;20221218;09:35:00;09:40:00;115;19.21;150
E4S 56,780;20221218;09:40:00;09:45:00;116;19.28;182
E4S 56,780;20221218;09:45:00;09:50:00;117;19.26;169
E4S 56,780;20221218;09:50:00;09:55:00;118;18.75;168
E4S 56,780;20221218;09:55:00;10:00:00;119;19.32;164
E4S 56,780;20221218;10:00:00;10:05:00;120;19.48;175
E4S 56,780;20221218;10:05:00;10:10:00;121;19.16;194
E4S 56,780;20221218;10:10:00;10:15:00;122;18.56;187
E4S 56,780;20221218;10:15:00;10:20:00;123;18.57;220
E4S 56,780;20221218;10:20:00;10:25:00;124;19.28;195
E4S 56,780;20221218;10:25:00;10:30:00;125;18.53;211
E4S 56,780;20221218;10:30:00;10:35:00;126;18.90;180
E4S 56,780;20221218;10:35:00;10:40:00;127;18.42;235
E4S 56,780;20221218;10:40:00;10:45:00;128;18.74;206
E4S 56,780;20221218;10:45:00;10:50:00;129;19.10;204
E4S 56,780;20221218;10:50:00;10:55:00;130;18.54;248
E4S 56,780;20221218;10:55:00;11:00:00;131;19.20;206
E4S 56,780;20221218;11:00:00;11:05:00;132;19.07;219
E4S 56,780;20221218;11:05:00;11:10:00;133;19.02;223
E4S 56,780;20221218;11:10:00;11:15:00;134;18.64;213
E4S 56,780;20221218;11:15:00;11:20:00;135;18.11;236
E4S 56,780;20221218;11:20:00;11:25:00;136;18.37;243
E4S 56,780;20221218;11:25:00;11:30:00;137;17.99;268
E4S 56,780;20221218;11:30:00;11:35:00;138;18.20;231
E4S 56,780;20221218;11:35:00;11:40:00;139;18.10;243
E4S 56,780;20221218;11:40:00;11:45:00;140;18.09;227
E4S 56,780;20221218;11:45:00;11:50:00;141;17.90;236
E4S 56,780;20221218;11:50:00;11:55:00;142;18.27;247
E4S 56,780;20221218;11:55:00;12:00:00;143;17.94;273
E4S 56,780;20221218;12:00:00;12:05:00;144;18.61;232
E4S 56,780;20221218;12:05:00;12:10:00;145;18.16;247
E4S 56,780;20221218;12:10:00;12:15:00;146;17.87;269
E4S 56,780;20221218;12:15:00;12:20:00;147;18.25;256
E4S 56,780;20221218;12:20:00;12:25:00;148;17.52;292
E4S 56,780;20221218;12:25:00;12:30:00;149;18.02;277
E4S 56,780;20221218;12:30:00;12:35:00;150;17.91;287
E4S 56,780;20221218;12:35:00;12:40:00;151;17.30;298
E4S 56,780;20221218;12:40:00;12:45:00;152;17.36;305
E4S 56,780;20221218;12:45:00;12:50:00;153;17.58;321
E4S 56,780;20221218;12:50:00;12:55:00;154;16.29;342
E4S 56,780;20221218;12:55:00;13:00:00;155;17.01;300
E4S 56,780;20221218;13:00:00;13:05:00;156;18.08;302
E4S 56,780;20221218;13:05:00;13:10:00;157;17.90;310
E4S 56,780;20221218;13:10:00;13:15:00;158;17.70;297
E4S 56,780;20221218;13:15:00;13:20:00;159;17.65;277
E4S 56,780;20221218;13:20:00;13:25:00;160;17.48;294
E4S 56,780;20221218;13:25:00;13:30:00;161;18.13;288
E4S 56,780;20221218;13:30:00;13:35:00;162;18.30;266
E4S 56,780;20221218;13:35:00;13:40:00;163;18.32;282
E4S 56,780;20221218;13:40:00;13:45:00;164;17.91;292
E4S 56,780;20221218;13:45:00;13:50:00;165;17.43;301
E4S 56,780;20221218;13:50:00;13:55:00;166;17.45;271
E4S 56,780;20221218;13:55:00;14:00:00;167;16.28;357
E4S 56,780;20221218;14:00:00;14:05:00;168;17.34;295
E4S 56,780;20221218;14:05:00;14:10:00;169;17.25;292
E4S 56,780;20221218;14:10:00;14:15:00;170;16.96;302
E4S 56,780;20221218;14:15:00;14:20:00;171;17.77;281
E4S 56,780;20221218;14:20:00;14:25:00;172;16.32;346
E4S 56,780;20221218;14:25:00;14:30:00;173;15.48;368
E4S 56,780;20221218;14:30:00;14:35:00;174;16.41;340
E4S 56,780;20221218;14:35:00;14:40:00;175;16.72;303
E4S 56,780;20221218;14:40:00;14:45:00;176;17.03;289
E4S 56,780;20221218;14:45:00;14:50:00;177;16.32;309
E4S 56,780;20221218;14:50:00;14:55:00;178;17.06;304
E4S 56,780;20221218;14:55:00;15:00:00;179;17.83;252
E4S 56,780;20221218;15:00:00;15:05:00;180;17.09;307
E4S 56,780;20221218;15:05:00;15:10:00;181;16.89;292
E4S 56,780;20221218;15:10:00;15:15:00;182;16.89;253
E4S 56,780;20221218;15:15:00;15:20:00;183;17.43;247
E4S 56,780;20221218;15:20:00;15:25:00;184;17.73;243
E4S 56,780;20221218;15:25:00;15:30:00;185;18.00;225
E4S 56,780;20221218;15:30:00;15:35:00;186;17.27;249
E4S 56,780;20221218;15:35:00;15:40:00;187;17.76;227
E4S 56,780;20221218;15:40:00;15:45:00;188;17.59;210
E4S 56,780;20221218;15:45:00;15:50:00;189;18.30;207
E4S 56,780;20221218;15:50:00;15:55:00;190;17.94;187
E4S 56,780;20221218;15:55:00;16:00:00;191;18.11;214
E4S 56,780;20221218;16:00:00;16:05:00;192;18.85;194
E4S 56,780;20221218;16:05:00;16:10:00;193;17.89;205
E4S 56,780;20221218;16:10:00;16:15:00;194;17.61;212
E4S 56,780;20221218;16:15:00;16:20:00;195;18.47;150
E4S 56,780;20221218;16:20:00;16:25:00;196;18.07;200
E4S 56,780;20221218;16:25:00;16:30:00;197;18.81;166
E4S 56,780;20221218;16:30:00;16:35:00;198;18.24;192
E4S 56,780;20221218;16:35:00;16:40:00;199;18.48;175
E4S 56,780;20221218;16:40:00;16:45:00;200;18.84;154
E4S 56,780;20221218;16:45:00;16:50:00;201;18.48;170
E4S 56,780;20221218;16:50:00;16:55:00;202;18.65;151
E4S 56,780;20221218;16:55:00;17:00:00;203;18.62;166
E4S 56,780;20221218;17:00:00;17:05:00;204;19.12;146
E4S 56,780;20221218;17:05:00;17:10:00;205;19.26;130
E4S 56,780;20221218;17:10:00;17:15:00;206;18.54;148
E4S 56,780;20221218;17:15:00;17:20:00;207;18.96;141
E4S 56,780;20221218;17:20:00;17:25:00;208;18.77;167
E4S 56,780;20221218;17:25:00;17:30:00;209;18.59;139
E4S 56,780;20221218;17:30:00;17:35:00;210;18.73;136
E4S 56,780;20221218;17:35:00;17:40:00;211;19.25;153
E4S 56,780;20221218;17:40:00;17:45:00;212;19.21;118
E4S 56,780;20221218;17:45:00;17:50:00;213;19.43;123
E4S 56,780;20221218;17:50:00;17:55:00;214;18.91;131
E4S 56,780;20221218;17:55:00;18:00:00;215;19.60;95
E4S 56,780;20221218;18:00:00;18:05:00;216;19.61;97
E4S 56,780;20221218;18:05:00;18:10:00;217;19.26;134
E4S 56,780;20221218;18:10:00;18:15:00;218;19.20;157
E4S 56,780;20221218;18:15:00;18:20:00;219;18.44;196
E4S 56,780;20221218;18:20:00;18:25:00;220;18.23;222
E4S 56,780;20221218;18:25:00;18:30:00;221;18.76;185
E4S 56,780;20221218;18:30:00;18:35:00;222;18.61;216
E4S 56,780;20221218;18:35:00;18:40:00;223;18.64;200
E4S 56,780;20221218;18:40:00;18:45:00;224;18.10;190
E4S 56,780;20221218;18:45:00;18:50:00;225;19.24;166
E4S 56,780;20221218;18:50:00;18:55:00;226;19.20;163
E4S 56,780;20221218;18:55:00;19:00:00;227;18.62;158
E4S 56,780;20221218;19:00:00;19:05:00;228;19.09;182
E4S 56,780;20221218;19:05:00;19:10:00;229;18.26;213
E4S 56,780;20221218;19:10:00;19:15:00;230;18.46;207
E4S 56,780;20221218;19:15:00;19:20:00;231;18.64;171
E4S 56,780;20221218;19:20:00;19:25:00;232;18.55;188
E4S 56,780;20221218;19:25:00;19:30:00;233;18.70;184
E4S 56,780;20221218;19:30:00;19:35:00;234;18.83;140
E4S 56,780;20221218;19:35:00;19:40:00;235;19.86;145
E4S 56,780;20221218;19:40:00;19:45:00;236;18.73;164
E4S 56,780;20221218;19:45:00;19:50:00;237;19.30;131
E4S 56,780;20221218;19:50:00;19:55:00;238;18.97;150
E4S 56,780;20221218;19:55:00;20:00:00;239;18.89;154
E4S 56,780;20221218;20:00:00;20:05:00;240;19.60;124
E4S 56,780;20221218;20:05:00;20:10:00;241;19.13;131
E4S 56,780;20221218;20:10:00;20:15:00;242;18.26;164
E4S 56,780;20221218;20:15:00;20:20:00;243;18.76;131
E4S 56,780;20221218;20:20:00;20:25:00;244;19.58;135
E4S 56,780;20221218;20:25:00;20:30:00;245;19.52;125
E4S 56,780;20221218;20:30:00;20:35:00;246;19.55;99
E4S 56,780;20221218;20:35:00;20:40:00;247;19.64;111
E4S 56,780;20221218;20:40:00;20:45:00;248;19.71;115
E4S 56,780;20221218;20:45:00;20:50:00;249;19.98;120
E4S 56,780;20221218;20:50:00;20:55:00;250;19.44;86
E4S 56,780;20221218;20:55:00;21:00:00;251;19.19;100
E4S 56,780;20221218;21:00:00;21:05:00;252;20.01;82
E4S 56,780;20221218;21:05:00;21:10:00;253;20.12;71
E4S 56,780;20221218;21:10:00;21:15:00;254;19.41;60
E4S 56,780;20221218;21:15:00;21:20:00;255;19.57;80
E4S 56,780;20221218;21:20:00;21:25:00;256;19.62;86
E4S 56,780;20221218;21:25:00;21:30:00;257;19.69;58
E4S 56,780;20221218;21:30:00;21:35:00;258;20.13;78
E4S 56,780;20221218;21:35:00;21:40:00;259;20.44;74
E4S 56,780;20221218;21:40:00;21:45:00;260;20.74;62
E4S 56,780;20221218;21:45:00;21:50:00;261;20.32;54
E4S 56,780;20221218;21:50:00;21:55:00;262;19.82;67
E4S 56,780;20221218;21:55:00;22:00:00;263;20.11;47
E4S 56,780;20221218;22:00:00;22:05:00;264;20.78;72
E4S 56,780;20221218;22:05:00;22:10:00;265;19.96;67
E4S 56,780;20221218;22:10:00;22:15:00;266;20.34;37
E4S 56,780;20221218;22:15:00;22:20:00;267;19.53;47
E4S 56,780;20221218;22:20:00;22:25:00;268;20.84;43
E4S 56,780;20221218;22:25:00;22:30:00;269;20.24;37
E4S 56,780;20221218;22:30:00;22:35:00;270;19.36;24
E4S 56,780;20221218;22:35:00;22:40:00;271;19.80;28
E4S 56,780;20221218;22:40:00;22:45:00;272;20.32;33
E4S 56,780;20221218;22:45:00;22:50:00;273;20.82;24
E4S 56,780;20221218;22:50:00;22:55:00;274;21.00;23
E4S 56,780;20221218;22:55:00;23:00:00;275;20.64;29
E4S 56,780;20221218;23:00:00;23:05:00;276;20.05;28
E4S 56,780;20221218;23:05:00;23:10:00;277;19.01;22
E4S 56,780;20221218;23:10:00;23:15:00;278;20.11;28
E4S 56,780;20221218;23:15:00;23:20:00;279;19.88;29
E4S 56,780;20221218;23:20:00;23:25:00;280;21.00;23
E4S 56,780;20221218;23:25:00;23:30:00;281;20.33;31
E4S 56,780;20221218;23:30:00;23:35:00;282;19.33;35
E4S 56,780;20221218;23:35:00;23:40:00;283;20.30;21
E4S 56,780;20221218;23:40:00;23:45:00;284;19.96;41
E4S 56,780;20221218;23:45:00;23:50:00;285;20.68;18
E4S 56,780;20221218;23:50:00;23:55:00;286;20.56;28
E4S 56,780;20221218;23:55:00;24:00:00;287;20.41;39
E4S 56,780;20221220;00:00:00;00:05:00;0;19.65;17
E4S 56,780;20221220;00:05:00;00:10:00;1;22.59;17
E4S 56,780;20221220;00:10:00;00:15:00;2;20.80;20
E4S 56,780;20221220;00:15:00;00:20:00;3;18.11;27
E4S 56,780;20221220;00:20:00;00:25:00;4;19.75;18
E4S 56,780;20221220;00:25:00;00:30:00;5;20.04;19
E4S 56,780;20221220;00:30:00;00:35:00;6;20.37;14
E4S 56,780;20221220;00:35:00;00:40:00;7;21.29;12
E4S 56,780;20221220;00:40:00;00:45:00;8;19.41;19
E4S 56,780;20221220;00:45:00;00:50:00;9;20.47;19
E4S 56,780;20221220;00:50:00;00:55:00;10;20.32;10
E4S 56,780;20221220;00:55:00;01:00:00;11;19.40;11
E4S 56,780;20221220;01:00:00;01:05:00;12;19.28;19
E4S 56,780;20221220;01:05:00;01:10:00;13;20.48;15
E4S 56,780;20221220;01:10:00;01:15:00;14;20.93;18
E4S 56,780;20221220;01:15:00;01:20:00;15;19.32;11
E4S 56,780;20221220;01:20:00;01:25:00;16;18.23;3
E4S 56,780;20221220;01:25:00;01:30:00;17;19.66;11
E4S 56,780;20221220;01:30:00;01:35:00;18;19.69;7
E4S 56,780;20221220;01:35:00;01:40:00;19;17.68;13
E4S 56,780;20221220;01:40:00;01:45:00;20;18.68;17
E4S 56,780;20221220;01:45:00;01:50:00;21;19.11;16
E4S 56,780;20221220;01:50:00;01:55:00;22;19.16;9
E4S 56,780;20221220;01:55:00;02:00:00;23;16.48;19
E4S 56,780;20221220;02:00:00;02:05:00;24;16.78;13
E4S 56,780;20221220;02:05:00;02:10:00;25;19.84;11
E4S 56,780;20221220;02:10:00;02:15:00;26;19.79;11
E4S 56,780;20221220;02:15:00;02:20:00;27;19.20;12
E4S 56,780;20221220;02:20:00;02:25:00;28;20.61;10
E4S 56,780;20221220;02:25:00;02:30:00;29;19.51;27
E4S 56,780;20221220;02:30:00;02:35:00;30;19.66;19
E4S 56,780;20221220;02:35:00;02:40:00;31;18.70;29
E4S 56,780;20221220;02:40:00;02:45:00;32;19.24;22
E4S 56,780;20221220;02:45:00;02:50:00;33;20.42;23
E4S 56,780;20221220;02:50:00;02:55:00;34;19.70;22
E4S 56,780;20221220;02:55:00;03:00:00;35;18.23;18
E4S 56,780;20221220;03:00:00;03:05:00;36;20.30;13
E4S 56,780;20221220;03:05:00;03:10:00;37;19.99;17
E4S 56,780;20221220;03:10:00;03:15:00;38;19.78;15
E4S 56,780;20221220;03:15:00;03:20:00;39;21.29;22
E4S 56,780;20221220;03:20:00;03:25:00;40;20.28;30
E4S 56,780;20221220;03:25:00;03:30:00;41;15.53;17
E4S 56,780;20221220;03:30:00;03:35:00;42;20.88;28
E4S 56,780;20221220;03:35:00;03:40:00;43;20.66;20
E4S 56,780;20221220;03:40:00;03:45:00;44;21.42;28
E4S 56,780;20221220;03:45:00;03:50:00;45;20.81;32
E4S 56,780;20221220;03:50:00;03:55:00;46;19.30;31
E4S 56,780;20221220;03:55:00;04:00:00;47;19.71;52
E4S 56,780;20221220;04:00:00;04:05:00;48;20.70;28
E4S 56,780;20221220;04:05:00;04:10:00;49;19.72;35
E4S 56,780;20221220;04:10:00;04:15:00;50;20.16;38
E4S 56,780;20221220;04:15:00;04:20:00;51;20.84;56
E4S 56,780;20221220;04:20:00;04:25:00;52;20.36;65
E4S 56,780;20221220;04:25:00;04:30:00;53;19.69;61
E4S 56,780;20221220;04:30:00;04:35:00;54;20.37;76
E4S 56,780;20221220;04:35:00;04:40:00;55;20.73;99
E4S 56,780;20221220;04:40:00;04:45:00;56;20.29;105
E4S 56,780;20221220;04:45:00;04:50:00;57;19.51;127
E4S 56,780;20221220;04:50:00;04:55:00;58;20.05;167
E4S 56,780;20221220;04:55:00;05:00:00;59;19.79;173
E4S 56,780;20221220;05:00:00;05:05:00;60;20.07;145
E4S 56,780;20221220;05:05:00;05:10:00;61;20.04;150
E4S 56,780;20221220;05:10:00;05:15:00;62;20.53;147
E4S 56,780;20221220;05:15:00;05:20:00;63;20.02;169
E4S 56,780;20221220;05:20:00;05:25:00;64;18.81;231
E4S 56,780;20221220;05:25:00;05:30:00;65;18.98;267
E4S 56,780;20221220;05:30:00;05:35:00;66;18.57;226
E4S 56,780;20221220;05:35:00;05:40:00;67;18.94;213
E4S 56,780;20221220;05:40:00;05:45:00;68;18.90;242
E4S 56,780;20221220;05:45:00;05:50:00;69;19.23;243
E4S 56,780;20221220;05:50:00;05:55:00;70;18.67;237
E4S 56,780;20221220;05:55:00;06:00:00;71;18.60;266
E4S 56,780;20221220;06:00:00;06:05:00;72;19.40;209
E4S 56,780;20221220;06:05:00;06:10:00;73;18.54;228
E4S 56,780;20221220;06:10:00;06:15:00;74;18.30;240
E4S 56,780;20221220;06:15:00;06:20:00;75;18.44;252
E4S 56,780;20221220;06:20:00;06:25:00;76;17.10;288
E4S 56,780;20221220;06:25:00;06:30:00;77;18.45;255
E4S 56,780;20221220;06:30:00;06:35:00;78;17.79;284
E4S 56,780;20221220;06:35:00;06:40:00;79;17.69;269
E4S 56,780;20221220;06:40:00;06:45:00;80;17.17;287
E4S 56,780;20221220;06:45:00;06:50:00;81;17.31;263
E4S 56,780;20221220;06:50:00;06:55:00;82;17.41;277
E4S 56,780;20221220;06:55:00;07:00:00;83;17.50;255
E4S 56,780;20221220;07:00:00;07:05:00;84;17.77;286
E4S 56,780;20221220;07:05:00;07:10:00;85;17.96;241
E4S 56,780;20221220;07:10:00;07:15:00;86;17.15;284
E4S 56,780;20221220;07:15:00;07:20:00;87;17.41;283
E4S 56,780;20221220;07:20:00;07:25:00;88;17.91;269
E4S 56,780;20221220;07:25:00;07:30:00;89;17.66;277
E4S 56,780;20221220;07:30:00;07:35:00;90;17.51;268
E4S 56,780;20221220;07:35:00;07:40:00;91;17.47;294
E4S 56,780;20221220;07:40:00;07:45:00;92;18.11;280
E4S 56,780;20221220;07:45:00;07:50:00;93;17.95;289
E4S 56,780;20221220;07:50:00;07:55:00;94;17.95;236
E4S 56,780;20221220;07:55:00;08:00:00;95;17.45;278
E4S 56,780;20221220;08:00:00;08:05:00;96;18.22;277
E4S 56,780;20221220;08:05:00;08:10:00;97;17.01;271
E4S 56,780;20221220;08:10:00;08:15:00;98;17.73;268
E4S 56,780;20221220;08:15:00;08:20:00;99;17.79;286
E4S 56,780;20221220;08:20:00;08:25:00;100;18.41;246
E4S 56,780;20221220;08:25:00;08:30:00;101;18.60;243
E4S 56,780;20221220;08:30:00;08:35:00;102;18.30;260
E4S 56,780;20221220;08:35:00;08:40:00;103;18.38;270
E4S 56,780;20221220;08:40:00;08:45:00;104;18.54;260
E4S 56,780;20221220;08:45:00;08:50:00;105;19.31;219
E4S 56,780;20221220;08:50:00;08:55:00;106;19.14;200
E4S 56,780;20221220;08:55:00;09:00:00;107;18.62;231
E4S 56,780;20221220;09:00:00;09:05:00;108;18.62;227
E4S 56,780;20221220;09:05:00;09:10:00;109;18.72;215
E4S 56,780;20221220;09:10:00;09:15:00;110;17.48;268
E4S 56,780;20221220;09:15:00;09:20:00;111;17.70;260
E4S 56,780;20221220;09:20:00;09:25:00;112;17.92;250
E4S 56,780;20221220;09:25:00;09:30:00;113;18.77;247
E4S 56,780;20221220;09:30:00;09:35:00;114;18.63;249
E4S 56,780;20221220;09:35:00;09:40:00;115;18.76;256
E4S 56,780;20221220;09:40:00;09:45:00;116;18.83;252
E4S 56,780;20221220;09:45:00;09:50:00;117;18.72;221
E4S 56,780;20221220;09:50:00;09:55:00;118;19.32;226
E4S 56,780;20221220;09:55:00;10:00:00;119;18.14;258
E4S 56,780;20221220;10:00:00;10:05:00;120;18.73;229
E4S 56,780;20221220;10:05:00;10:10:00;121;18.63;220
E4S 56,780;20221220;10:10:00;10:15:00;122;18.52;255
E4S 56,780;20221220;10:15:00;10:20:00;123;18.01;193
E4S 56,780;20221220;10:20:00;10:25:00;124;17.03;295
E4S 56,780;20221220;10:25:00;10:30:00;125;18.08;280
E4S 56,780;20221220;10:30:00;10:35:00;126;18.08;250
E4S 56,780;20221220;10:35:00;10:40:00;127;18.27;233
E4S 56,780;20221220;10:40:00;10:45:00;128;18.53;246
E4S 56,780;20221220;10:45:00;10:50:00;129;18.39;269
E4S 56,780;20221220;10:50:00;10:55:00;130;17.97;225
E4S 56,780;20221220;10:55:00;11:00:00;131;17.47;278
E4S 56,780;20221220;11:00:00;11:05:00;132;18.54;249
E4S 56,780;20221220;11:05:00;11:10:00;133;17.89;272
E4S 56,780;20221220;11:10:00;11:15:00;134;17.89;272
E4S 56,780;20221220;11:15:00;11:20:00;135;18.48;254
E4S 56,780;20221220;11:20:00;11:25:00;136;18.84;245
E4S 56,780;20221220;11:25:00;11:30:00;137;17.36;277
E4S 56,780;20221220;11:30:00;11:35:00;138;17.99;291
E4S 56,780;20221220;11:35:00;11:40:00;139;17.32;293
E4S 56,780;20221220;11:40:00;11:45:00;140;17.16;303
E4S 56,780;20221220;11:45:00;11:50:00;141;17.94;265
E4S 56,780;20221220;11:50:00;11:55:00;142;17.99;285
E4S 56,780;20221220;11:55:00;12:00:00;143;17.89;261
E4S 56,780;20221220;12:00:00;12:05:00;144;18.53;278
E4S 56,780;20221220;12:05:00;12:10:00;145;17.74;274
E4S 56,780;20221220;12:10:00;12:15:00;146;18.43;273
E4S 56,780;20221220;12:15:00;12:20:00;147;17.68;301
E4S 56,780;20221220;12:20:00;12:25:00;148;18.04;283
E4S 56,780;20221220;12:25:00;12:30:00;149;16.82;318
E4S 56,780;20221220;12:30:00;12:35:00;150;17.59;312
E4S 56,780;20221220;12:35:00;12:40:00;151;18.49;301
E4S 56,780;20221220;12:40:00;12:45:00;152;17.57;307
E4S 56,780;20221220;12:45:00;12:50:00;153;17.65;275
E4S 56,780;20221220;12:50:00;12:55:00;154;17.81;286
E4S 56,780;20221220;12:55:00;13:00:00;155;17.83;282
E4S 56,780;20221220;13:00:00;13:05:00;156;17.11;328
E4S 56,780;20221220;13:05:00;13:10:00;157;17.62;296
E4S 56,780;20221220;13:10:00;13:15:00;158;18.19;257
E4S 56,780;20221220;13:15:00;13:20:00;159;17.60;323
E4S 56,780;20221220;13:20:00;13:25:00;160;16.79;359
E4S 56,780;20221220;13:25:00;13:30:00;161;17.01;354
E4S 56,780;20221220;13:30:00;13:35:00;162;16.83;369
E4S 56,780;20221220;13:35:00;13:40:00;163;15.26;357
E4S 56,780;20221220;13:40:00;13:45:00;164;4.22;103
E4S 56,780;20221220;13:45:00;13:50:00;165;9.75;304
E4S 56,780;20221220;13:50:00;13:55:00;166;6.10;221
E4S 56,780;20221220;13:55:00;14:00:00;167;3.82;191
E4S 56,780;20221220;14:00:00;14:05:00;168;6.85;242
E4S 56,780;20221220;14:05:00;14:10:00;169;13.25;356
E4S 56,780;20221220;14:10:00;14:15:00;170;12.37;372
E4S 56,780;20221220;14:15:00;14:20:00;171;10.67;363
E4S 56,780;20221220;14:20:00;14:25:00;172;8.09;301
E4S 56,780;20221220;14:25:00;14:30:00;173;7.27;329
E4S 56,780;20221220;14:30:00;14:35:00;174;7.79;309
E4S 56,780;20221220;14:35:00;14:40:00;175;9.57;320
E4S 56,780;20221220;14:40:00;14:45:00;176;6.28;309
E4S 56,780;20221220;14:45:00;14:50:00;177;7.59;313
E4S 56,780;20221220;14:50:00;14:55:00;178;7.02;299
E4S 56,780;20221220;14:55:00;15:00:00;179;6.86;320
E4S 56,780;20221220;15:00:00;15:05:00;180;3.92;131
E4S 56,780;20221220;15:05:00;15:10:00;181;4.37;208
E4S 56,780;20221220;15:10:00;15:15:00;182;2.63;55
E4S 56,780;20221220;15:15:00;15:20:00;183;6.11;276
E4S 56,780;20221220;15:20:00;15:25:00;184;7.71;304
E4S 56,780;20221220;15:25:00;15:30:00;185;6.65;307
E4S 56,780;20221220;15:30:00;15:35:00;186;7.93;320
E4S 56,780;20221220;15:35:00;15:40:00;187;8.71;335
E4S 56,780;20221220;15:40:00;15:45:00;188;6.93;294
E4S 56,780;20221220;15:45:00;15:50:00;189;7.08;310
E4S 56,780;20221220;15:50:00;15:55:00;190;7.19;309
E4S 56,780;20221220;15:55:00;16:00:00;191;8.27;336
E4S 56,780;20221220;16:00:00;16:05:00;192;8.44;324
E4S 56,780;20221220;16:05:00;16:10:00;193;12.65;350
E4S 56,780;20221220;16:10:00;16:15:00;194;10.41;322
E4S 56,780;20221220;16:15:00;16:20:00;195;7.70;288
E4S 56,780;20221220;16:20:00;16:25:00;196;7.76;246
E4S 56,780;20221220;16:25:00;16:30:00;197;9.96;325
E4S 56,780;20221220;16:30:00;16:35:00;198;11.28;330
E4S 56,780;20221220;16:35:00;16:40:00;199;12.37;345
E4S 56,780;20221220;16:40:00;16:45:00;200;14.28;310
E4S 56,780;20221220;16:45:00;16:50:00;201;17.78;261
E4S 56,780;20221220;16:50:00;16:55:00;202;17.60;250
E4S 56,780;20221220;16:55:00;17:00:00;203;18.55;209
E4S 56,780;20221220;17:00:00;17:05:00;204;17.85;200
E4S 56,780;20221220;17:05:00;17:10:00;205;17.59;269
E4S 56,780;20221220;17:10:00;17:15:00;206;17.46;235
E4S 56,780;20221220;17:15:00;17:20:00;207;17.78;239
E4S 56,780;20221220;17:20:00;17:25:00;208;17.87;227
E4S 56,780;20221220;17:25:00;17:30:00;209;18.43;201
E4S 56,780;20221220;17:30:00;17:35:00;210;17.60;274
E4S 56,780;20221220;17:35:00;17:40:00;211;18.63;229
E4S 56,780;20221220;17:40:00;17:45:00;212;17.70;259
E4S 56,780;20221220;17:45:00;17:50:00;213;18.72;208
E4S 56,780;20221220;17:50:00;17:55:00;214;18.73;199
E4S 56,780;20221220;17:55:00;18:00:00;215;18.47;211
E4S 56,780;20221220;18:00:00;18:05:00;216;18.92;179
E4S 56,780;20221220;18:05:00;18:10:00;217;19.15;173
E4S 56,780;20221220;18:10:00;18:15:00;218;19.17;172
E4S 56,780;20221220;18:15:00;18:20:00;219;18.81;205
E4S 56,780;20221220;18:20:00;18:25:00;220;19.08;179
E4S 56,780;20221220;18:25:00;18:30:00;221;19.11;189
E4S 56,780;20221220;18:30:00;18:35:00;222;18.88;181
E4S 56,780;20221220;18:35:00;18:40:00;223;19.21;147
E4S 56,780;20221220;18:40:00;18:45:00;224;19.32;175
E4S 56,780;20221220;18:45:00;18:50:00;225;19.76;148
E4S 56,780;20221220;18:50:00;18:55:00;226;20.15;137
E4S 56,780;20221220;18:55:00;19:00:00;227;18.96;180
E4S 56,780;20221220;19:00:00;19:05:00;228;18.57;167
E4S 56,780;20221220;19:05:00;19:10:00;229;19.33;147
E4S 56,780;20221220;19:10:00;19:15:00;230;19.09;151
E4S 56,780;20221220;19:15:00;19:20:00;231;19.09;163
E4S 56,780;20221220;19:20:00;19:25:00;232;19.09;148
E4S 56,780;20221220;19:25:00;19:30:00;233;20.15;139
E4S 56,780;20221220;19:30:00;19:35:00;234;19.80;131
E4S 56,780;20221220;19:35:00;19:40:00;235;19.48;151
E4S 56,780;20221220;19:40:00;19:45:00;236;19.37;152
E4S 56,780;20221220;19:45:00;19:50:00;237;19.15;139
E4S 56,780;20221220;19:50:00;19:55:00;238;19.13;141
E4S 56,780;20221220;19:55:00;20:00:00;239;18.79;162
E4S 56,780;20221220;20:00:00;20:05:00;240;19.93;116
E4S 56,780;20221220;20:05:00;20:10:00;241;19.33;125
E4S 56,780;20221220;20:10:00;20:15:00;242;19.45;122
E4S 56,780;20221220;20:15:00;20:20:00;243;18.93;138
E4S 56,780;20221220;20:20:00;20:25:00;244;18.95;134
E4S 56,780;20221220;20:25:00;20:30:00;245;19.51;155
E4S 56,780;20221220;20:30:00;20:35:00;246;19.42;122
E4S 56,780;20221220;20:35:00;20:40:00;247;19.73;112
E4S 56,780;20221220;20:40:00;20:45:00;248;19.84;126
E4S 56,780;20221220;20:45:00;20:50:00;249;19.24;102
E4S 56,780;20221220;20:50:00;20:55:00;250;19.98;92
E4S 56,780;20221220;20:55:00;21:00:00;251;20.08;111
E4S 56,780;20221220;21:00:00;21:05:00;252;18.89;115
E4S 56,780;20221220;21:05:00;21:10:00;253;19.39;77
E4S 56,780;20221220;21:10:00;21:15:00;254;19.75;84
E4S 56,780;20221220;21:15:00;21:20:00;255;19.73;117
E4S 56,780;20221220;21:20:00;21:25:00;256;19.79;102
E4S 56,780;20221220;21:25:00;21:30:00;257;20.29;65
E4S 56,780;20221220;21:30:00;21:35:00;258;19.10;83
E4S 56,780;20221220;21:35:00;21:40:00;259;21.37;58
E4S 56,780;20221220;21:40:00;21:45:00;260;19.91;45
E4S 56,780;20221220;21:45:00;21:50:00;261;19.35;75
E4S 56,780;20221220;21:50:00;21:55:00;262;19.06;55
E4S 56,780;20221220;21:55:00;22:00:00;263;19.54;40
E4S 56,780;20221220;22:00:00;22:05:00;264;19.33;57
E4S 56,780;20221220;22:05:00;22:10:00;265;19.02;46
E4S 56,780;20221220;22:10:00;22:15:00;266;18.82;57
E4S 56,780;20221220;22:15:00;22:20:00;267;19.54;60
E4S 56,780;20221220;22:20:00;22:25:00;268;18.38;57
E4S 56,780;20221220;22:25:00;22:30:00;269;17.61;40
E4S 56,780;20221220;22:30:00;22:35:00;270;18.58;48
E4S 56,780;20221220;22:35:00;22:40:00;271;18.54;39
E4S 56,780;20221220;22:40:00;22:45:00;272;17.64;41
E4S 56,780;20221220;22:45:00;22:50:00;273;17.76;45
E4S 56,780;20221220;22:50:00;22:55:00;274;16.60;41
E4S 56,780;20221220;22:55:00;23:00:00;275;13.40;27
E4S 56,780;20221220;23:00:00;23:05:00;276;15.69;36
E4S 56,780;20221220;23:05:00;23:10:00;277;17.26;37
E4S 56,780;20221220;23:10:00;23:15:00;278;17.10;30
E4S 56,780;20221220;23:15:00;23:20:00;279;18.23;30
E4S 56,780;20221220;23:20:00;23:25:00;280;21.75;41
E4S 56,780;20221220;23:25:00;23:30:00;281;19.30;43
E4S 56,780;20221220;23:30:00;23:35:00;282;16.42;36
E4S 56,780;20221220;23:35:00;23:40:00;283;17.33;54
E4S 56,780;20221220;23:40:00;23:45:00;284;21.87;30
E4S 56,780;20221220;23:45:00;23:50:00;285;19.23;35
E4S 56,780;20221220;23:50:00;23:55:00;286;20.32;25
E4S 56,780;20221220;23:55:00;24:00:00;287;20.18;27
E4S 56,780;20221223;00:00:00;00:05:00;0;19.75;37
E4S 56,780;20221223;00:05:00;00:10:00;1;19.96;25
E4S 56,780;20221223;00:10:00;00:15:00;2;20.95;30
E4S 56,780;20221223;00:15:00;00:20:00;3;19.56;47
E4S 56,780;20221223;00:20:00;00:25:00;4;20.50;36
E4S 56,780;20221223;00:25:00;00:30:00;5;20.99;37
E4S 56,780;20221223;00:30:00;00:35:00;6;20.92;36
E4S 56,780;20221223;00:35:00;00:40:00;7;21.83;38
E4S 56,780;20221223;00:40:00;00:45:00;8;21.30;24
E4S 56,780;20221223;00:45:00;00:50:00;9;22.10;22
E4S 56,780;20221223;00:50:00;00:55:00;10;21.46;12
E4S 56,780;20221223;00:55:00;01:00:00;11;21.41;25
E4S 56,780;20221223;01:00:00;01:05:00;12;20.49;17
E4S 56,780;20221223;01:05:00;01:10:00;13;19.75;15
E4S 56,780;20221223;01:10:00;01:15:00;14;20.17;12
E4S 56,780;20221223;01:15:00;01:20:00;15;20.25;13
E4S 56,780;20221223;01:20:00;01:25:00;16;19.62;19
E4S 56,780;20221223;01:25:00;01:30:00;17;19.21;16
E4S 56,780;20221223;01:30:00;01:35:00;18;19.98;19
E4S 56,780;20221223;01:35:00;01:40:00;19;21.21;20
E4S 56,780;20221223;01:40:00;01:45:00;20;20.34;19
E4S 56,780;20221223;01:45:00;01:50:00;21;19.76;11
E4S 56,780;20221223;01:50:00;01:55:00;22;21.75;19
E4S 56,780;20221223;01:55:00;02:00:00;23;21.03;23
E4S 56,780;20221223;02:00:00;02:05:00;24;20.29;12
E4S 56,780;20221223;02:05:00;02:10:00;25;20.13;11
E4S 56,780;20221223;02:10:00;02:15:00;26;20.97;11
E4S 56,780;20221223;02:15:00;02:20:00;27;19.70;21
E4S 56,780;20221223;02:20:00;02:25:00;28;21.04;14
E4S 56,780;20221223;02:25:00;02:30:00;29;21.00;19
E4S 56,780;20221223;02:30:00;02:35:00;30;20.32;23
E4S 56,780;20221223;02:35:00;02:40:00;31;19.40;19
E4S 56,780;20221223;02:40:00;02:45:00;32;20.55;21
E4S 56,780;20221223;02:45:00;02:50:00;33;22.34;21
E4S 56,780;20221223;02:50:00;02:55:00;34;20.36;28
E4S 56,780;20221223;02:55:00;03:00:00;35;19.58;26
E4S 56,780;20221223;03:00:00;03:05:00;36;20.04;28
E4S 56,780;20221223;03:05:00;03:10:00;37;19.59;25
E4S 56,780;20221223;03:10:00;03:15:00;38;20.82;15
E4S 56,780;20221223;03:15:00;03:20:00;39;21.94;23
E4S 56,780;20221223;03:20:00;03:25:00;40;20.35;27
E4S 56,780;20221223;03:25:00;03:30:00;41;19.81;27
E4S 56,780;20221223;03:30:00;03:35:00;42;19.94;24
E4S 56,780;20221223;03:35:00;03:40:00;43;22.20;27
E4S 56,780;20221223;03:40:00;03:45:00;44;21.89;38
E4S 56,780;20221223;03:45:00;03:50:00;45;21.39;37
E4S 56,780;20221223;03:50:00;03:55:00;46;20.43;28
E4S 56,780;20221223;03:55:00;04:00:00;47;20.38;30
E4S 56,780;20221223;04:00:00;04:05:00;48;20.83;29
E4S 56,780;20221223;04:05:00;04:10:00;49;20.06;39
E4S 56,780;20221223;04:10:00;04:15:00;50;20.52;39
E4S 56,780;20221223;04:15:00;04:20:00;51;20.18;57
E4S 56,780;20221223;04:20:00;04:25:00;52;21.15;47
E4S 56,780;20221223;04:25:00;04:30:00;53;21.14;63
E4S 56,780;20221223;04:30:00;04:35:00;54;20.01;61
E4S 56,780;20221223;04:35:00;04:40:00;55;19.90;90
E4S 56,780;20221223;04:40:00;04:45:00;56;20.94;82
E4S 56,780;20221223;04:45:00;04:50:00;57;20.54;96
E4S 56,780;20221223;04:50:00;04:55:00;58;20.15;130
E4S 56,780;20221223;04:55:00;05:00:00;59;20.52;96
E4S 56,780;20221223;05:00:00;05:05:00;60;20.67;94
E4S 56,780;20221223;05:05:00;05:10:00;61;20.94;86
E4S 56,780;20221223;05:10:00;05:15:00;62;20.79;114
E4S 56,780;20221223;05:15:00;05:20:00;63;20.72;119
E4S 56,780;20221223;05:20:00;05:25:00;64;20.63;129
E4S 56,780;20221223;05:25:00;05:30:00;65;19.81;156
E4S 56,780;20221223;05:30:00;05:35:00;66;19.80;151
E4S 56,780;20221223;05:35:00;05:40:00;67;19.67;172
E4S 56,780;20221223;05:40:00;05:45:00;68;19.17;181
E4S 56,780;20221223;05:45:00;05:50:00;69;19.90;180
E4S 56,780;20221223;05:50:00;05:55:00;70;20.09;163
E4S 56,780;20221223;05:55:00;06:00:00;71;20.13;164
E4S 56,780;20221223;06:00:00;06:05:00;72;20.36;129
E4S 56,780;20221223;06:05:00;06:10:00;73;20.33;128
E4S 56,780;20221223;06:10:00;06:15:00;74;20.17;172
E4S 56,780;20221223;06:15:00;06:20:00;75;19.93;177
E4S 56,780;20221223;06:20:00;06:25:00;76;19.88;162
E4S 56,780;20221223;06:25:00;06:30:00;77;19.53;199
E4S 56,780;20221223;06:30:00;06:35:00;78;19.14;203
E4S 56,780;20221223;06:35:00;06:40:00;79;19.24;188
E4S 56,780;20221223;06:40:00;06:45:00;80;19.00;167
E4S 56,780;20221223;06:45:00;06:50:00;81;19.61;175
E4S 56,780;20221223;06:50:00;06:55:00;82;18.86;159
E4S 56,780;20221223;06:55:00;07:00:00;83;19.42;145
E4S 56,780;20221223;07:00:00;07:05:00;84;19.46;174
E4S 56,780;20221223;07:05:00;07:10:00;85;19.59;178
E4S 56,780;20221223;07:10:00;07:15:00;86;19.97;148
E4S 56,780;20221223;07:15:00;07:20:00;87;19.66;170
E4S 56,780;20221223;07:20:00;07:25:00;88;19.80;176
E4S 56,780;20221223;07:25:00;07:30:00;89;19.82;192
E4S 56,780;20221223;07:30:00;07:35:00;90;19.38;158
E4S 56,780;20221223;07:35:00;07:40:00;91;19.64;189
E4S 56,780;20221223;07:40:00;07:45:00;92;19.72;172
E4S 56,780;20221223;07:45:00;07:50:00;93;19.72;160
E4S 56,780;20221223;07:50:00;07:55:00;94;19.50;159
E4S 56,780;20221223;07:55:00;08:00:00;95;19.37;168
E4S 56,780;20221223;08:00:00;08:05:00;96;19.55;187
E4S 56,780;20221223;08:05:00;08:10:00;97;19.77;169
E4S 56,780;20221223;08:10:00;08:15:00;98;19.15;216
E4S 56,780;20221223;08:15:00;08:20:00;99;18.99;218
E4S 56,780;20221223;08:20:00;08:25:00;100;18.85;212
E4S 56,780;20221223;08:25:00;08:30:00;101;19.36;212
E4S 56,780;20221223;08:30:00;08:35:00;102;18.82;199
E4S 56,780;20221223;08:35:00;08:40:00;103;18.68;236
E4S 56,780;20221223;08:40:00;08:45:00;104;18.49;239
E4S 56,780;20221223;08:45:00;08:50:00;105;18.71;237
E4S 56,780;20221223;08:50:00;08:55:00;106;18.66;222
E4S 56,780;20221223;08:55:00;09:00:00;107;18.52;262
E4S 56,780;20221223;09:00:00;09:05:00;108;18.70;203
E4S 56,780;20221223;09:05:00;09:10:00;109;19.36;222
E4S 56,780;20221223;09:10:00;09:15:00;110;18.72;227
E4S 56,780;20221223;09:15:00;09:20:00;111;18.42;243
E4S 56,780;20221223;09:20:00;09:25:00;112;18.60;252
E4S 56,780;20221223;09:25:00;09:30:00;113;18.70;226
E4S 56,780;20221223;09:30:00;09:35:00;114;19.56;217
E4S 56,780;20221223;09:35:00;09:40:00;115;17.54;305
E4S 56,780;20221223;09:40:00;09:45:00;116;17.81;257
E4S 56,780;20221223;09:45:00;09:50:00;117;18.35;281
E4S 56,780;20221223;09:50:00;09:55:00;118;17.96;283
E4S 56,780;20221223;09:55:00;10:00:00;119;17.87;269
E4S 56,780;20221223;10:00:00;10:05:00;120;17.85;291
E4S 56,780;20221223;10:05:00;10:10:00;121;18.25;266
E4S 56,780;20221223;10:10:00;10:15:00;122;18.64;239
E4S 56,780;20221223;10:15:00;10:20:00;123;17.86;276
E4S 56,780;20221223;10:20:00;10:25:00;124;17.87;272
E4S 56,780;20221223;10:25:00;10:30:00;125;18.28;257
E4S 56,780;20221223;10:30:00;10:35:00;126;17.91;264
E4S 56,780;20221223;10:35:00;10:40:00;127;18.20;254
E4S 56,780;20221223;10:40:00;10:45:00;128;18.42;231
E4S 56,780;20221223;10:45:00;10:50:00;129;17.89;277
E4S 56,780;20221223;10:50:00;10:55:00;130;17.75;257
E4S 56,780;20221223;10:55:00;11:00:00;131;17.20;288
E4S 56,780;20221223;11:00:00;11:05:00;132;17.40;288
E4S 56,780;20221223;11:05:00;11:10:00;133;18.58;256
E4S 56,780;20221223;11:10:00;11:15:00;134;18.08;271
E4S 56,780;20221223;11:15:00;11:20:00;135;18.11;280
E4S 56,780;20221223;11:20:00;11:25:00;136;17.71;303
E4S 56,780;20221223;11:25:00;11:30:00;137;17.83;254
E4S 56,780;20221223;11:30:00;11:35:00;138;17.90;257
E4S 56,780;20221223;11:35:00;11:40:00;139;17.35;251
E4S 56,780;20221223;11:40:00;11:45:00;140;18.08;266
E4S 56,780;20221223;11:45:00;11:50:00;141;18.07;273
E4S 56,780;20221223;11:50:00;11:55:00;142;17.68;259
E4S 56,780;20221223;11:55:00;12:00:00;143;17.05;282
E4S 56,780;20221223;12:00:00;12:05:00;144;17.46;277
E4S 56,780;20221223;12:05:00;12:10:00;145;18.35;248
E4S 56,780;20221223;12:10:00;12:15:00;146;16.75;298
E4S 56,780;20221223;12:15:00;12:20:00;147;17.66;263
E4S 56,780;20221223;12:20:00;12:25:00;148;17.12;302
E4S 56,780;20221223;12:25:00;12:30:00;149;15.75;264
E4S 56,780;20221223;12:30:00;12:35:00;150;14.66;320
E4S 56,780;20221223;12:35:00;12:40:00;151;16.98;279
E4S 56,780;20221223;12:40:00;12:45:00;152;16.73;286
E4S 56,780;20221223;12:45:00;12:50:00;153;15.95;274
E4S 56,780;20221223;12:50:00;12:55:00;154;15.59;266
E4S 56,780;20221223;12:55:00;13:00:00;155;15.66;249
E4S 56,780;20221223;13:00:00;13:05:00;156;15.17;263
E4S 56,780;20221223;13:05:00;13:10:00;157;15.49;255
E4S 56,780;20221223;13:10:00;13:15:00;158;15.13;269
E4S 56,780;20221223;13:15:00;13:20:00;159;14.34;305
E4S 56,780;20221223;13:20:00;13:25:00;160;14.98;313
E4S 56,780;20221223;13:25:00;13:30:00;161;15.26;258
E4S 56,780;20221223;13:30:00;13:35:00;162;17.86;219
E4S 56,780;20221223;13:35:00;13:40:00;163;17.63;222
E4S 56,780;20221223;13:40:00;13:45:00;164;16.75;267
E4S 56,780;20221223;13:45:00;13:50:00;165;17.91;236
E4S 56,780;20221223;13:50:00;13:55:00;166;17.60;263
E4S 56,780;20221223;13:55:00;14:00:00;167;17.81;256
E4S 56,780;20221223;14:00:00;14:05:00;168;17.24;253
E4S 56,780;20221223;14:05:00;14:10:00;169;17.03;272
E4S 56,780;20221223;14:10:00;14:15:00;170;17.13;249
E4S 56,780;20221223;14:15:00;14:20:00;171;17.45;256
E4S 56,780;20221223;14:20:00;14:25:00;172;17.07;269
E4S 56,780;20221223;14:25:00;14:30:00;173;16.98;285
E4S 56,780;20221223;14:30:00;14:35:00;174;17.37;255
E4S 56,780;20221223;14:35:00;14:40:00;175;17.77;217
E4S 56,780;20221223;14:40:00;14:45:00;176;17.93;241
E4S 56,780;20221223;14:45:00;14:50:00;177;17.68;217
E4S 56,780;20221223;14:50:00;14:55:00;178;17.59;210
E4S 56,780;20221223;14:55:00;15:00:00;179;18.15;216
E4S 56,780;20221223;15:00:00;15:05:00;180;18.19;196
E4S 56,780;20221223;15:05:00;15:10:00;181;17.74;206
E4S 56,780;20221223;15:10:00;15:15:00;182;17.86;199
E4S 56,780;20221223;15:15:00;15:20:00;183;17.78;222
E4S 56,780;20221223;15:20:00;15:25:00;184;17.53;198
E4S 56,780;20221223;15:25:00;15:30:00;185;17.77;204
E4S 56,780;20221223;15:30:00;15:35:00;186;18.05;150
E4S 56,780;20221223;15:35:00;15:40:00;187;17.25;221
E4S 56,780;20221223;15:40:00;15:45:00;188;17.65;215
E4S 56,780;20221223;15:45:00;15:50:00;189;18.12;180
E4S 56,780;20221223;15:50:00;15:55:00;190;18.91;161
E4S 56,780;20221223;15:55:00;16:00:00;191;17.73;196
E4S 56,780;20221223;16:00:00;16:05:00;192;18.47;203
E4S 56,780;20221223;16:05:00;16:10:00;193;18.00;194
E4S 56,780;20221223;16:10:00;16:15:00;194;17.89;209
E4S 56,780;20221223;16:15:00;16:20:00;195;18.30;191
E4S 56,780;20221223;16:20:00;16:25:00;196;17.62;188
E4S 56,780;20221223;16:25:00;16:30:00;197;17.81;185
E4S 56,780;20221223;16:30:00;16:35:00;198;18.49;199
E4S 56,780;20221223;16:35:00;16:40:00;199;18.37;195
E4S 56,780;20221223;16:40:00;16:45:00;200;17.96;176
E4S 56,780;20221223;16:45:00;16:50:00;201;18.45;175
E4S 56,780;20221223;16:50:00;16:55:00;202;18.97;156
E4S 56,780;20221223;16:55:00;17:00:00;203;18.25;173
E4S 56,780;20221223;17:00:00;17:05:00;204;18.34;153
E4S 56,780;20221223;17:05:00;17:10:00;205;18.26;182
E4S 56,780;20221223;17:10:00;17:15:00;206;18.22;161
E4S 56,780;20221223;17:15:00;17:20:00;207;18.17;176
E4S 56,780;20221223;17:20:00;17:25:00;208;18.33;150
E4S 56,780;20221223;17:25:00;17:30:00;209;18.31;158
E4S 56,780;20221223;17:30:00;17:35:00;210;18.29;168
E4S 56,780;20221223;17:35:00;17:40:00;211;18.10;169
E4S 56,780;20221223;17:40:00;17:45:00;212;18.92;168
E4S 56,780;20221223;17:45:00;17:50:00;213;19.01;172
E4S 56,780;20221223;17:50:00;17:55:00;214;18.69;170
E4S 56,780;20221223;17:55:00;18:00:00;215;18.64;139
E4S 56,780;20221223;18:00:00;18:05:00;216;18.38;147
E4S 56,780;20221223;18:05:00;18:10:00;217;18.79;172
E4S 56,780;20221223;18:10:00;18:15:00;218;18.10;163
E4S 56,780;20221223;18:15:00;18:20:00;219;18.80;158
E4S 56,780;20221223;18:20:00;18:25:00;220;18.67;154
E4S 56,780;20221223;18:25:00;18:30:00;221;18.97;147
E4S 56,780;20221223;18:30:00;18:35:00;222;18.81;123
E4S 56,780;20221223;18:35:00;18:40:00;223;19.58;117
E4S 56,780;20221223;18:40:00;18:45:00;224;19.22;122
E4S 56,780;20221223;18:45:00;18:50:00;225;18.77;138
E4S 56,780;20221223;18:50:00;18:55:00;226;19.87;130
E4S 56,780;20221223;18:55:00;19:00:00;227;19.86;111
E4S 56,780;20221223;19:00:00;19:05:00;228;19.24;96
E4S 56,780;20221223;19:05:00;19:10:00;229;19.15;124
E4S 56,780;20221223;19:10:00;19:15:00;230;19.32;140
E4S 56,780;20221223;19:15:00;19:20:00;231;18.88;138
E4S 56,780;20221223;19:20:00;19:25:00;232;18.72;129
E4S 56,780;20221223;19:25:00;19:30:00;233;18.98;136
E4S 56,780;20221223;19:30:00;19:35:00;234;19.03;109
E4S 56,780;20221223;19:35:00;19:40:00;235;19.44;121
E4S 56,780;20221223;19:40:00;19:45:00;236;19.48;105
E4S 56,780;20221223;19:45:00;19:50:00;237;19.22;92
E4S 56,780;20221223;19:50:00;19:55:00;238;19.18;117
E4S 56,780;20221223;19:55:00;20:00:00;239;19.69;109
E4S 56,780;20221223;20:00:00;20:05:00;240;19.39;108
E4S 56,780;20221223;20:05:00;20:10:00;241;19.32;116
E4S 56,780;20221223;20:10:00;20:15:00;242;19.81;93
E4S 56,780;20221223;20:15:00;20:20:00;243;19.45;116
E4S 56,780;20221223;20:20:00;20:25:00;244;19.65;109
E4S 56,780;20221223;20:25:00;20:30:00;245;18.60;121
E4S 56,780;20221223;20:30:00;20:35:00;246;19.39;100
E4S 56,780;20221223;20:35:00;20:40:00;247;19.47;84
E4S 56,780;20221223;20:40:00;20:45:00;248;19.23;99
E4S 56,780;20221223;20:45:00;20:50:00;249;19.62;97
E4S 56,780;20221223;20:50:00;20:55:00;250;19.91;89
E4S 56,780;20221223;20:55:00;21:00:00;251;19.30;88
E4S 56,780;20221223;21:00:00;21:05:00;252;18.65;94
E4S 56,780;20221223;21:05:00;21:10:00;253;19.84;88
E4S 56,780;20221223;21:10:00;21:15:00;254;19.22;88
E4S 56,780;20221223;21:15:00;21:20:00;255;18.96;97
E4S 56,780;20221223;21:20:00;21:25:00;256;19.55;80
E4S 56,780;20221223;21:25:00;21:30:00;257;18.93;89
E4S 56,780;20221223;21:30:00;21:35:00;258;19.29;67
E4S 56,780;20221223;21:35:00;21:40:00;259;19.66;61
E4S 56,780;20221223;21:40:00;21:45:00;260;19.36;67
E4S 56,780;20221223;21:45:00;21:50:00;261;18.57;70
E4S 56,780;20221223;21:50:00;21:55:00;262;19.66;65
E4S 56,780;20221223;21:55:00;22:00:00;263;20.22;57
E4S 56,780;20221223;22:00:00;22:05:00;264;19.15;48
E4S 56,780;20221223;22:05:00;22:10:00;265;18.79;62
E4S 56,780;20221223;22:10:00;22:15:00;266;18.78;61
E4S 56,780;20221223;22:15:00;22:20:00;267;19.76;63
E4S 56,780;20221223;22:20:00;22:25:00;268;19.22;54
E4S 56,780;20221223;22:25:00;22:30:00;269;19.67;56
E4S 56,780;20221223;22:30:00;22:35:00;270;19.46;60
E4S 56,780;20221223;22:35:00;22:40:00;271;19.38;54
E4S 56,780;20221223;22:40:00;22:45:00;272;19.66;76
E4S 56,780;20221223;22:45:00;22:50:00;273;19.68;68
E4S 56,780;20221223;22:50:00;22:55:00;274;20.04;62
E4S 56,780;20221223;22:55:00;23:00:00;275;19.16;61
E4S 56,780;20221223;23:00:00;23:05:00;276;19.65;51
E4S 56,780;20221223;23:05:00;23:10:00;277;18.28;65
E4S 56,780;20221223;23:10:00;23:15:00;278;19.62;40
E4S 56,780;20221223;23:15:00;23:20:00;279;19.40;53
E4S 56,780;20221223;23:20:00;23:25:00;280;19.28;72
E4S 56,780;20221223;23:25:00;23:30:00;281;19.95;54
E4S 56,780;20221223;23:30:00;23:35:00;282;19.24;62
E4S 56,780;20221223;23:35:00;23:40:00;283;19.94;54
E4S 56,780;20221223;23:40:00;23:45:00;284;19.16;51
E4S 56,780;20221223;23:45:00;23:50:00;285;17.95;37
E4S 56,780;20221223;23:50:00;23:55:00;286;19.14;36
E4S 56,780;20221223;23:55:00;24:00:00;287;19.55;49
E4S 56,780;20221230;00:00:00;00:05:00;0;20.82;42
E4S 56,780;20221230;00:05:00;00:10:00;1;20.28;28
E4S 56,780;20221230;00:10:00;00:15:00;2;20.50;32
E4S 56,780;20221230;00:15:00;00:20:00;3;19.80;37
E4S 56,780;20221230;00:20:00;00:25:00;4;20.19;25
E4S 56,780;20221230;00:25:00;00:30:00;5;20.29;29
E4S 56,780;20221230;00:30:00;00:35:00;6;20.49;24
E4S 56,780;20221230;00:35:00;00:40:00;7;21.14;35
E4S 56,780;20221230;00:40:00;00:45:00;8;19.88;19
E4S 56,780;20221230;00:45:00;00:50:00;9;21.01;32
E4S 56,780;20221230;00:50:00;00:55:00;10;20.06;25
E4S 56,780;20221230;00:55:00;01:00:00;11;20.29;23
E4S 56,780;20221230;01:00:00;01:05:00;12;20.01;20
E4S 56,780;20221230;01:05:00;01:10:00;13;21.47;23
E4S 56,780;20221230;01:10:00;01:15:00;14;19.68;14
E4S 56,780;20221230;01:15:00;01:20:00;15;18.90;11
E4S 56,780;20221230;01:20:00;01:25:00;16;20.07;18
E4S 56,780;20221230;01:25:00;01:30:00;17;20.09;23
E4S 56,780;20221230;01:30:00;01:35:00;18;19.40;25
E4S 56,780;20221230;01:35:00;01:40:00;19;19.47;21
E4S 56,780;20221230;01:40:00;01:45:00;20;21.40;15
E4S 56,780;20221230;01:45:00;01:50:00;21;18.47;16
E4S 56,780;20221230;01:50:00;01:55:00;22;20.57;12
E4S 56,780;20221230;01:55:00;02:00:00;23;19.59;13
E4S 56,780;20221230;02:00:00;02:05:00;24;19.38;15
E4S 56,780;20221230;02:05:00;02:10:00;25;20.23;8
E4S 56,780;20221230;02:10:00;02:15:00;26;20.35;18
E4S 56,780;20221230;02:15:00;02:20:00;27;19.52;21
E4S 56,780;20221230;02:20:00;02:25:00;28;19.84;16
E4S 56,780;20221230;02:25:00;02:30:00;29;19.53;14
E4S 56,780;20221230;02:30:00;02:35:00;30;19.32;9
E4S 56,780;20221230;02:35:00;02:40:00;31;20.21;21
E4S 56,780;20221230;02:40:00;02:45:00;32;19.44;5
E4S 56,780;20221230;02:45:00;02:50:00;33;19.39;16
E4S 56,780;20221230;02:50:00;02:55:00;34;21.11;15
E4S 56,780;20221230;02:55:00;03:00:00;35;20.84;26
E4S 56,780;20221230;03:00:00;03:05:00;36;21.45;20
E4S 56,780;20221230;03:05:00;03:10:00;37;20.68;17
E4S 56,780;20221230;03:10:00;03:15:00;38;20.41;18
E4S 56,780;20221230;03:15:00;03:20:00;39;19.47;21
E4S 56,780;20221230;03:20:00;03:25:00;40;20.78;18
E4S 56,780;20221230;03:25:00;03:30:00;41;20.60;29
E4S 56,780;20221230;03:30:00;03:35:00;42;21.37;16
E4S 56,780;20221230;03:35:00;03:40:00;43;20.30;27
E4S 56,780;20221230;03:40:00;03:45:00;44;22.06;26
E4S 56,780;20221230;03:45:00;03:50:00;45;20.71;20
E4S 56,780;20221230;03:50:00;03:55:00;46;19.83;17
E4S 56,780;20221230;03:55:00;04:00:00;47;19.81;24
E4S 56,780;20221230;04:00:00;04:05:00;48;21.66;15
E4S 56,780;20221230;04:05:00;04:10:00;49;21.41;33
E4S 56,780;20221230;04:10:00;04:15:00;50;21.27;42
E4S 56,780;20221230;04:15:00;04:20:00;51;20.76;48
E4S 56,780;20221230;04:20:00;04:25:00;52;21.35;45
E4S 56,780;20221230;04:25:00;04:30:00;53;20.25;53
E4S 56,780;20221230;04:30:00;04:35:00;54;19.82;56
E4S 56,780;20221230;04:35:00;04:40:00;55;21.32;58
E4S 56,780;20221230;04:40:00;04:45:00;56;20.62;85
E4S 56,780;20221230;04:45:00;04:50:00;57;21.53;65
E4S 56,780;20221230;04:50:00;04:55:00;58;21.02;95
E4S 56,780;20221230;04:55:00;05:00:00;59;21.15;92
E4S 56,780;20221230;05:00:00;05:05:00;60;20.68;54
E4S 56,780;20221230;05:05:00;05:10:00;61;20.80;81
E4S 56,780;20221230;05:10:00;05:15:00;62;20.93;71
E4S 56,780;20221230;05:15:00;05:20:00;63;20.92;123
E4S 56,780;20221230;05:20:00;05:25:00;64;21.08;109
E4S 56,780;20221230;05:25:00;05:30:00;65;20.75;115
E4S 56,780;20221230;05:30:00;05:35:00;66;20.71;105
E4S 56,780;20221230;05:35:00;05:40:00;67;20.45;144
E4S 56,780;20221230;05:40:00;05:45:00;68;20.51;128
E4S 56,780;20221230;05:45:00;05:50:00;69;20.74;115
E4S 56,780;20221230;05:50:00;05:55:00;70;20.52;129
E4S 56,780;20221230;05:55:00;06:00:00;71;20.69;111
E4S 56,780;20221230;06:00:00;06:05:00;72;20.75;117
E4S 56,780;20221230;06:05:00;06:10:00;73;20.86;110
E4S 56,780;20221230;06:10:00;06:15:00;74;20.50;115
E4S 56,780;20221230;06:15:00;06:20:00;75;19.61;129
E4S 56,780;20221230;06:20:00;06:25:00;76;19.30;127
E4S 56,780;20221230;06:25:00;06:30:00;77;19.64;143
E4S 56,780;20221230;06:30:00;06:35:00;78;19.96;132
E4S 56,780;20221230;06:35:00;06:40:00;79;19.34;128
E4S 56,780;20221230;06:40:00;06:45:00;80;19.78;144
E4S 56,780;20221230;06:45:00;06:50:00;81;19.40;152
E4S 56,780;20221230;06:50:00;06:55:00;82;19.48;153
E4S 56,780;20221230;06:55:00;07:00:00;83;19.49;137
E4S 56,780;20221230;07:00:00;07:05:00;84;19.40;129
E4S 56,780;20221230;07:05:00;07:10:00;85;19.39;109
E4S 56,780;20221230;07:10:00;07:15:00;86;19.95;132
E4S 56,780;20221230;07:15:00;07:20:00;87;19.74;121
E4S 56,780;20221230;07:20:00;07:25:00;88;19.80;130
E4S 56,780;20221230;07:25:00;07:30:00;89;19.36;123
E4S 56,780;20221230;07:30:00;07:35:00;90;20.18;127
E4S 56,780;20221230;07:35:00;07:40:00;91;20.10;147
E4S 56,780;20221230;07:40:00;07:45:00;92;19.89;143
E4S 56,780;20221230;07:45:00;07:50:00;93;19.46;173
E4S 56,780;20221230;07:50:00;07:55:00;94;19.52;158
E4S 56,780;20221230;07:55:00;08:00:00;95;19.76;132
E4S 56,780;20221230;08:00:00;08:05:00;96;19.73;159
E4S 56,780;20221230;08:05:00;08:10:00;97;19.15;173
E4S 56,780;20221230;08:10:00;08:15:00;98;19.96;169
E4S 56,780;20221230;08:15:00;08:20:00;99;19.79;162
E4S 56,780;20221230;08:20:00;08:25:00;100;20.07;151
E4S 56,780;20221230;08:25:00;08:30:00;101;19.62;157
E4S 56,780;20221230;08:30:00;08:35:00;102;19.25;191
E4S 56,780;20221230;08:35:00;08:40:00;103;19.08;200
E4S 56,780;20221230;08:40:00;08:45:00;104;19.44;166
E4S 56,780;20221230;08:45:00;08:50:00;105;18.27;190
E4S 56,780;20221230;08:50:00;08:55:00;106;19.78;171
E4S 56,780;20221230;08:55:00;09:00:00;107;18.77;192
E4S 56,780;20221230;09:00:00;09:05:00;108;12.91;209
E4S 56,780;20221230;09:05:00;09:10:00;109;9.00;227
E4S 56,780;20221230;09:10:00;09:15:00;110;16.36;210
E4S 56,780;20221230;09:15:00;09:20:00;111;19.63;184
E4S 56,780;20221230;09:20:00;09:25:00;112;19.50;226
E4S 56,780;20221230;09:25:00;09:30:00;113;19.10;209
E4S 56,780;20221230;09:30:00;09:35:00;114;18.98;226
E4S 56,780;20221230;09:35:00;09:40:00;115;18.86;227
E4S 56,780;20221230;09:40:00;09:45:00;116;19.07;225
E4S 56,780;20221230;09:45:00;09:50:00;117;19.41;232
E4S 56,780;20221230;09:50:00;09:55:00;118;19.11;219
E4S 56,780;20221230;09:55:00;10:00:00;119;19.34;218
E4S 56,780;20221230;10:00:00;10:05:00;120;19.52;216
E4S 56,780;20221230;10:05:00;10:10:00;121;19.23;237
E4S 56,780;20221230;10:10:00;10:15:00;122;19.56;222
E4S 56,780;20221230;10:15:00;10:20:00;123;19.33;238
E4S 56,780;20221230;10:20:00;10:25:00;124;18.84;219
E4S 56,780;20221230;10:25:00;10:30:00;125;18.94;272
E4S 56,780;20221230;10:30:00;10:35:00;126;19.35;226
E4S 56,780;20221230;10:35:00;10:40:00;127;19.09;244
E4S 56,780;20221230;10:40:00;10:45:00;128;19.24;237
E4S 56,780;20221230;10:45:00;10:50:00;129;19.23;242
E4S 56,780;20221230;10:50:00;10:55:00;130;19.09;262
E4S 56,780;20221230;10:55:00;11:00:00;131;19.35;238
E4S 56,780;20221230;11:00:00;11:05:00;132;19.27;243
E4S 56,780;20221230;11:05:00;11:10:00;133;18.15;256
E4S 56,780;20221230;11:10:00;11:15:00;134;18.11;281
E4S 56,780;20221230;11:15:00;11:20:00;135;18.36;245
E4S 56,780;20221230;11:20:00;11:25:00;136;18.01;283
E4S 56,780;20221230;11:25:00;11:30:00;137;19.68;242
E4S 56,780;20221230;11:30:00;11:35:00;138;18.47;255
E4S 56,780;20221230;11:35:00;11:40:00;139;18.79;287
E4S 56,780;20221230;11:40:00;11:45:00;140;19.35;251
E4S 56,780;20221230;11:45:00;11:50:00;141;18.69;252
E4S 56,780;20221230;11:50:00;11:55:00;142;18.26;268
E4S 56,780;20221230;11:55:00;12:00:00;143;18.17;303
E4S 56,780;20221230;12:00:00;12:05:00;144;18.22;299
E4S 56,780;20221230;12:05:00;12:10:00;145;18.66;274
E4S 56,780;20221230;12:10:00;12:15:00;146;18.57;275
E4S 56,780;20221230;12:15:00;12:20:00;147;19.75;260
E4S 56,780;20221230;12:20:00;12:25:00;148;18.75;264
E4S 56,780;20221230;12:25:00;12:30:00;149;18.34;312
E4S 56,780;20221230;12:30:00;12:35:00;150;18.50;291
E4S 56,780;20221230;12:35:00;12:40:00;151;18.47;286
E4S 56,780;20221230;12:40:00;12:45:00;152;18.50;261
E4S 56,780;20221230;12:45:00;12:50:00;153;18.63;253
E4S 56,780;20221230;12:50:00;12:55:00;154;19.00;261
E4S 56,780;20221230;12:55:00;13:00:00;155;17.57;312
E4S 56,780;20221230;13:00:00;13:05:00;156;18.48;252
E4S 56,780;20221230;13:05:00;13:10:00;157;18.68;275
E4S 56,780;20221230;13:10:00;13:15:00;158;18.18;259
E4S 56,780;20221230;13:15:00;13:20:00;159;18.43;271
E4S 56,780;20221230;13:20:00;13:25:00;160;17.44;312
E4S 56,780;20221230;13:25:00;13:30:00;161;17.97;293
E4S 56,780;20221230;13:30:00;13:35:00;162;18.08;305
E4S 56,780;20221230;13:35:00;13:40:00;163;17.97;299
E4S 56,780;20221230;13:40:00;13:45:00;164;18.25;289
E4S 56,780;20221230;13:45:00;13:50:00;165;18.19;291
E4S 56,780;20221230;13:50:00;13:55:00;166;17.85;307
E4S 56,780;20221230;13:55:00;14:00:00;167;18.04;300
E4S 56,780;20221230;14:00:00;14:05:00;168;17.44;309
E4S 56,780;20221230;14:05:00;14:10:00;169;17.44;314
E4S 56,780;20221230;14:10:00;14:15:00;170;18.17;270
E4S 56,780;20221230;14:15:00;14:20:00;171;18.13;298
E4S 56,780;20221230;14:20:00;14:25:00;172;18.14;290
E4S 56,780;20221230;14:25:00;14:30:00;173;17.50;290
E4S 56,780;20221230;14:30:00;14:35:00;174;17.58;284
E4S 56,780;20221230;14:35:00;14:40:00;175;18.14;258
E4S 56,780;20221230;14:40:00;14:45:00;176;18.10;278
E4S 56,780;20221230;14:45:00;14:50:00;177;17.76;268
E4S 56,780;20221230;14:50:00;14:55:00;178;17.96;284
E4S 56,780;20221230;14:55:00;15:00:00;179;17.81;282
E4S 56,780;20221230;15:00:00;15:05:00;180;17.43;274
E4S 56,780;20221230;15:05:00;15:10:00;181;17.17;258
E4S 56,780;20221230;15:10:00;15:15:00;182;17.95;254
E4S 56,780;20221230;15:15:00;15:20:00;183;17.94;280
E4S 56,780;20221230;15:20:00;15:25:00;184;18.09;266
E4S 56,780;20221230;15:25:00;15:30:00;185;17.57;279
E4S 56,780;20221230;15:30:00;15:35:00;186;18.32;234
E4S 56,780;20221230;15:35:00;15:40:00;187;18.06;239
E4S 56,780;20221230;15:40:00;15:45:00;188;17.91;259
E4S 56,780;20221230;15:45:00;15:50:00;189;17.96;252
E4S 56,780;20221230;15:50:00;15:55:00;190;18.21;234
E4S 56,780;20221230;15:55:00;16:00:00;191;18.18;256
E4S 56,780;20221230;16:00:00;16:05:00;192;18.13;245
E4S 56,780;20221230;16:05:00;16:10:00;193;18.21;210
E4S 56,780;20221230;16:10:00;16:15:00;194;17.84;279
E4S 56,780;20221230;16:15:00;16:20:00;195;18.34;204
E4S 56,780;20221230;16:20:00;16:25:00;196;18.09;230
E4S 56,780;20221230;16:25:00;16:30:00;197;18.28;248
E4S 56,780;20221230;16:30:00;16:35:00;198;18.91;200
E4S 56,780;20221230;16:35:00;16:40:00;199;18.98;216
E4S 56,780;20221230;16:40:00;16:45:00;200;18.15;228
E4S 56,780;20221230;16:45:00;16:50:00;201;18.42;208
E4S 56,780;20221230;16:50:00;16:55:00;202;18.83;222
E4S 56,780;20221230;16:55:00;17:00:00;203;18.82;190
E4S 56,780;20221230;17:00:00;17:05:00;204;18.59;212
E4S 56,780;20221230;17:05:00;17:10:00;205;19.33;194
E4S 56,780;20221230;17:10:00;17:15:00;206;18.47;224
E4S 56,780;20221230;17:15:00;17:20:00;207;18.90;188
E4S 56,780;20221230;17:20:00;17:25:00;208;19.06;188
E4S 56,780;20221230;17:25:00;17:30:00;209;18.52;187
E4S 56,780;20221230;17:30:00;17:35:00;210;18.31;226
E4S 56,780;20221230;17:35:00;17:40:00;211;18.70;219
E4S 56,780;20221230;17:40:00;17:45:00;212;19.21;202
E4S 56,780;20221230;17:45:00;17:50:00;213;19.09;181
E4S 56,780;20221230;17:50:00;17:55:00;214;19.64;177
E4S 56,780;20221230;17:55:00;18:00:00;215;19.08;166
E4S 56,780;20221230;18:00:00;18:05:00;216;19.83;167
E4S 56,780;20221230;18:05:00;18:10:00;217;19.39;171
E4S 56,780;20221230;18:10:00;18:15:00;218;19.57;160
E4S 56,780;20221230;18:15:00;18:20:00;219;19.54;171
E4S 56,780;20221230;18:20:00;18:25:00;220;19.29;176
E4S 56,780;20221230;18:25:00;18:30:00;221;19.07;178
E4S 56,780;20221230;18:30:00;18:35:00;222;19.50;134
E4S 56,780;20221230;18:35:00;18:40:00;223;19.79;138
E4S 56,780;20221230;18:40:00;18:45:00;224;19.29;140
E4S 56,780;20221230;18:45:00;18:50:00;225;19.06;148
E4S 56,780;20221230;18:50:00;18:55:00;226;19.62;132
E4S 56,780;20221230;18:55:00;19:00:00;227;19.86;136
E4S 56,780;20221230;19:00:00;19:05:00;228;19.70;156
E4S 56,780;20221230;19:05:00;19:10:00;229;19.95;121
E4S 56,780;20221230;19:10:00;19:15:00;230;19.12;155
E4S 56,780;20221230;19:15:00;19:20:00;231;19.88;145
E4S 56,780;20221230;19:20:00;19:25:00;232;19.34;156
E4S 56,780;20221230;19:25:00;19:30:00;233;19.74;167
E4S 56,780;20221230;19:30:00;19:35:00;234;19.50;132
E4S 56,780;20221230;19:35:00;19:40:00;235;19.30;126
E4S 56,780;20221230;19:40:00;19:45:00;236;18.94;132
E4S 56,780;20221230;19:45:00;19:50:00;237;19.15;128
E4S 56,780;20221230;19:50:00;19:55:00;238;19.37;125
E4S 56,780;20221230;19:55:00;20:00:00;239;19.45;124
E4S 56,780;20221230;20:00:00;20:05:00;240;19.55;118
E4S 56,780;20221230;20:05:00;20:10:00;241;19.49;132
E4S 56,780;20221230;20:10:00;20:15:00;242;19.85;129
E4S 56,780;20221230;20:15:00;20:20:00;243;18.93;137
E4S 56,780;20221230;20:20:00;20:25:00;244;20.17;111
E4S 56,780;20221230;20:25:00;20:30:00;245;20.05;127
E4S 56,780;20221230;20:30:00;20:35:00;246;20.21;123
E4S 56,780;20221230;20:35:00;20:40:00;247;20.13;119
E4S 56,780;20221230;20:40:00;20:45:00;248;20.06;100
E4S 56,780;20221230;20:45:00;20:50:00;249;20.04;111
E4S 56,780;20221230;20:50:00;20:55:00;250;19.56;102
E4S 56,780;20221230;20:55:00;21:00:00;251;19.82;89
E4S 56,780;20221230;21:00:00;21:05:00;252;19.66;108
E4S 56,780;20221230;21:05:00;21:10:00;253;19.84;89
E4S 56,780;20221230;21:10:00;21:15:00;254;19.88;83
E4S 56,780;20221230;21:15:00;21:20:00;255;19.45;109
E4S 56,780;20221230;21:20:00;21:25:00;256;19.38;102
E4S 56,780;20221230;21:25:00;21:30:00;257;19.49;83
E4S 56,780;20221230;21:30:00;21:35:00;258;20.29;91
E4S 56,780;20221230;21:35:00;21:40:00;259;19.93;76
E4S 56,780;20221230;21:40:00;21:45:00;260;19.59;70
E4S 56,780;20221230;21:45:00;21:50:00;261;20.02;72
E4S 56,780;20221230;21:50:00;21:55:00;262;19.44;71
E4S 56,780;20221230;21:55:00;22:00:00;263;19.79;61
E4S 56,780;20221230;22:00:00;22:05:00;264;20.10;60
E4S 56,780;20221230;22:05:00;22:10:00;265;19.98;59
E4S 56,780;20221230;22:10:00;22:15:00;266;19.85;66
E4S 56,780;20221230;22:15:00;22:20:00;267;20.29;66
E4S 56,780;20221230;22:20:00;22:25:00;268;19.57;55
E4S 56,780;20221230;22:25:00;22:30:00;269;19.92;57
E4S 56,780;20221230;22:30:00;22:35:00;270;20.18;44
E4S 56,780;20221230;22:35:00;22:40:00;271;19.92;65
E4S 56,780;20221230;22:40:00;22:45:00;272;19.44;60
E4S 56,780;20221230;22:45:00;22:50:00;273;20.22;64
E4S 56,780;20221230;22:50:00;22:55:00;274;19.55;70
E4S 56,780;20221230;22:55:00;23:00:00;275;20.18;61
E4S 56,780;20221230;23:00:00;23:05:00;276;19.93;45
E4S 56,780;20221230;23:05:00;23:10:00;277;19.72;49
E4S 56,780;20221230;23:10:00;23:15:00;278;20.71;60
E4S 56,780;20221230;23:15:00;23:20:00;279;20.39;54
E4S 56,780;20221230;23:20:00;23:25:00;280;20.43;44
E4S 56,780;20221230;23:25:00;23:30:00;281;20.02;46
E4S 56,780;20221230;23:30:00;23:35:00;282;20.24;47
E4S 56,780;20221230;23:35:00;23:40:00;283;19.83;43
E4S 56,780;20221230;23:40:00;23:45:00;284;19.01;35
E4S 56,780;20221230;23:45:00;23:50:00;285;19.72;45
E4S 56,780;20221230;23:50:00;23:55:00;286;20.64;49
E4S 56,780;20221230;23:55:00;24:00:00;287;20.23;38
